-195735.489   210.535     0.00   25.11
-195448.719   211.801     4.42   24.79
-195161.964   218.723    24.14   26.55
-194872.003   219.879     3.99   27.51
-194581.954   220.893     3.50   27.50
-194291.920   221.614     2.48   27.20
-194001.901   222.263     2.24   25.11
-193711.898   223.673     4.86   24.91
-193421.911   221.175    -8.61   20.12
-193131.939   220.511    -2.29   18.24
-192841.982   220.304    -0.71   14.70
-192552.042   219.077    -4.23   11.81
-192262.116   221.290     7.64   12.28
-191972.207   227.262    20.60   17.20
-191682.313   229.320     7.10   16.73
-191392.434   230.364     3.60   17.96
-191102.571   230.438     0.26   18.76
-190812.723   228.452    -6.85   19.00
-190522.891   226.232    -7.66   18.42
-190233.075   225.842    -1.34   20.06
-189943.274   226.549     2.44   20.10
-189653.488   230.364    13.17   23.38
-189363.719   239.120    30.22   28.10
-189073.964   248.523    32.46   31.84
-188784.225   256.244    26.65   32.30
-188494.502   260.673    15.29   31.91
-188204.794   261.723     3.62   29.58
-187915.101   260.364    -4.69   29.53
-187625.425   257.451   -10.06   29.29
-187335.763   251.635   -20.08   27.52
-187046.117   248.677   -10.21   27.53
-186756.487   246.185    -8.61   25.78
-186466.872   243.055   -10.81   24.89
-186177.272   243.425     1.28   24.02
-185887.688   239.248   -14.43   22.28
-185598.120   240.276     3.55   24.76
-185308.567   241.051     2.68   25.52
-185019.029   240.726    -1.12   26.91
-184729.507   238.045    -9.26   24.63
-184440.001   235.211    -9.79   24.31
-184150.509   234.438    -2.67   22.68
-183861.034   232.744    -5.85   21.48
-183571.573   231.872    -3.01   19.82
-183282.129   233.479     5.55   19.07
-182992.699   233.668     0.65   18.47
-182703.285   232.864    -2.78   17.01
-182413.887   232.744    -0.42   17.36
-182124.504   233.570     2.86   19.55
-181835.136   235.319     6.05   20.52
-181545.784   235.813     1.71   20.18
-181256.447   235.877     0.22   20.75
-180967.126   237.085     4.17   21.51
-180677.820   236.114    -3.36   22.26
-180388.530   232.982   -10.83   21.72
-180099.255   229.410   -12.35   19.47
-179809.995   225.188   -14.60   18.08
-179520.751   223.320    -6.46   17.24
-179231.522   221.563    -6.07   17.90
-178942.308   219.649    -6.62   16.93
-178653.110   217.682    -6.80   16.37
-178363.928   217.349    -1.15   16.17
-178074.761   214.693    -9.19   15.34
-177785.609   215.967     4.41   18.52
-177496.472   214.895    -3.71   18.17
-177207.351   216.682     6.18   21.85
-176918.246   217.757     3.72   22.64
-176629.155   215.570    -7.57   20.99
-176340.080   217.363     6.20   22.62
-176051.021   217.683     1.11   22.13
-175761.977   216.394    -4.46   22.40
-175472.948   213.732    -9.21   22.72
-175183.934   208.938   -16.59   18.03
-174894.936   207.706    -4.26   16.87
-174605.954   208.020     1.09   14.90
-174316.986   210.407     8.26   19.20
-174028.034   213.436    10.48   21.71
-173739.097   217.986    15.75   22.68
-173450.176   219.424     4.98   21.48
-173161.270   221.349     6.67   20.07
-172872.380   219.175    -7.53   19.69
-172583.504   216.264   -10.08   16.54
-172294.644   213.190   -10.65   16.06
-172005.800   210.620    -8.90   14.47
-171716.970   206.320   -14.89   14.44
-171428.156   201.573   -16.44   15.99
-171139.358   199.364    -7.65   15.99
-170850.574   195.923   -11.92   13.34
-170561.806   194.639    -4.45   12.83
-170273.054   193.926    -2.47   12.36
-169984.316   194.526     2.08   12.05
-169695.594   197.496    10.29   11.35
-169406.887   199.698     7.63   11.01
-169118.196   200.304     2.10   10.64
-168829.520   202.202     6.58   10.96
-168540.859   205.423    11.16   11.28
-168252.213   208.973    12.30   13.02
-167963.583   213.077    14.22   13.95
-167674.968   215.220     7.43   16.11
-167386.368   217.423     7.63   17.40
-167097.784   218.544     3.88   17.60
-166809.215   220.217     5.80   17.57
-166520.661   221.963     6.05   18.63
-166232.122   226.842    16.91   19.97
-165943.599   231.870    17.43   21.49
-165655.091   237.972    21.15   20.99
-165366.598   242.849    16.91   19.85
-165078.120   246.804    13.71   18.60
-164789.658   251.288    15.55   17.79
-164501.211   253.233     6.74   14.12
-164212.779   254.900     5.78   13.10
-163924.362   257.025     7.37   12.10
-163635.961   258.749     5.98   12.38
-163347.575   260.177     4.95   12.56
-163059.204   261.864     5.85   14.38
-162770.848   261.088    -2.69   16.03
-162482.508   259.746    -4.66   15.48
-162194.183   253.235   -22.59   23.95
-161905.873   246.074   -24.84   29.68
-161617.578   236.208   -34.23   33.48
-161329.299   227.494   -30.23   33.54
-161041.034   222.349   -17.85   31.29
-160752.785   217.638   -16.35   31.19
-160464.551   212.935   -16.32   32.18
-160176.333   215.526     8.99   31.63
-159888.129   217.173     5.72   28.45
-159599.941   222.180    17.38   24.76
-159311.768   224.335     7.48   25.85
-159023.610   227.248    10.11   30.29
-158735.467   240.040    44.40   35.70
-158447.340   251.092    38.36   35.59
-158159.228   258.099    24.32   37.13
-157871.131   270.206    42.03   36.43
-157583.049   275.663    18.95   34.17
-157294.982   276.644     3.41   36.83
-157006.930   279.820    11.03   36.34
-156718.894   279.335    -1.69   39.61
-156430.873   282.835    12.15   40.69
-156142.867   283.789     3.31   44.19
-155854.876   289.952    21.40   43.32
-155566.900   302.805    44.64   34.30
-155278.939   308.363    19.30   29.53
-154990.994   312.436    14.15   27.44
-154703.064   311.923    -1.78   27.23
-154415.149   308.540   -11.75   30.03
-154127.249   303.932   -16.01   32.27
-153839.364   301.540    -8.31   32.81
-153551.494   296.377   -17.94   32.81
-153263.639   293.422   -10.27   30.82
-152975.800   289.123   -14.93   31.46
-152687.976   285.967   -10.97   30.35
-152400.166   285.188    -2.71   29.02
-152112.372   276.683   -29.55   32.00
-151824.593   267.289   -32.65   38.77
-151536.830   250.938   -56.83   49.21
-151249.081   235.857   -52.42   51.61
-150961.347   230.492   -18.65   50.27
-150673.629   227.292   -11.12   48.52
-150385.925   225.001    -7.96   44.53
-150098.237   236.663    40.54   42.28
-149810.564   252.230    54.12   41.80
-149522.906   263.511    39.22   35.68
-149235.263   267.077    12.40   34.21
-148947.635   273.219    21.36   28.99
-148660.022   278.077    16.90   28.54
-148372.424   282.746    16.24   27.49
-148084.842   279.653   -10.76   31.18
-147797.274   270.229   -32.78   37.77
-147509.722   260.319   -34.46   47.87
-147222.184   249.761   -36.72   51.28
-146934.662   243.200   -22.82   53.40
-146647.154   235.677   -26.17   54.59
-146359.662   221.992   -47.61   54.63
-146072.185   210.755   -39.09   53.72
-145784.723   205.540   -18.14   53.35
-145497.276   204.633    -3.16   50.88
-145209.844   199.879   -16.54   47.43
-144922.427   186.016   -48.24   40.32
-144635.025   176.479   -33.19   35.49
-144347.638   171.378   -17.75   32.66
-144060.266   168.138   -11.28   26.99
-143772.910   166.592    -5.38   22.59
-143485.568   168.449     6.46   22.18
-143198.241   167.350    -3.83   22.16
-142910.929   166.276    -3.74   23.53
-142623.633   160.349   -20.63   22.04
-142336.351   155.423   -17.15   17.25
-142049.084   153.943    -5.15   16.11
-141761.833   153.016    -3.23   15.64
-141474.596   155.663     9.22   17.07
-141187.375   159.077    11.89   18.58
-140900.168   160.967     6.58   17.69
-140612.976   161.244     0.96   18.79
-140325.800   160.947    -1.03   18.44
-140038.638   158.849    -7.30   18.17
-139751.492   155.364   -12.14   19.02
-139464.360   150.926   -15.46   16.33
-139177.244   146.968   -13.79   13.52
-138890.142   147.114     0.51   11.83
-138603.055   147.393     0.97   11.14
-138315.984   147.501     0.38    9.43
-138028.927   148.410     3.17    9.74
-137741.885   151.799    11.81   10.92
-137454.859   152.132     1.16   11.06
-137167.847   152.392     0.91   11.67
-136880.850   149.761    -9.17   12.54
-136593.868   151.215     5.07   15.10
-136306.901   147.592   -12.63   16.39
-136019.949   145.288    -8.03   16.31
-135733.012   144.074    -4.23   15.83
-135446.090   144.188     0.40   13.87
-135159.183   144.053    -0.47   13.40
-134872.291   142.335    -5.99   12.50
-134585.414   140.436    -6.62   11.62
-134298.552   140.202    -0.82   12.00
-134011.705   136.880   -11.58   12.11
-133724.872   132.761   -14.36   11.40
-133438.055   129.393   -11.74   11.27
-133151.252   127.177    -7.73   11.25
-132862.902   125.912    -4.39   10.29
-132572.864   125.204    -2.44    9.95
-132282.842   126.879     5.77   10.91
-131992.834   129.550     9.21   12.21
-131702.842   134.547    17.23   13.39
-131412.866   140.717    21.28   18.41
-131122.904   146.885    21.28   19.25
-130832.958   151.475    15.83   18.22
-130543.028   156.958    18.91   17.81
-130253.112   161.949    17.22   17.77
-129963.212   169.555    26.24   17.30
-129673.327   173.475    13.52   19.45
-129383.458   175.349     6.47   19.09
-129093.604   178.220     9.91   17.03
-128803.765   177.233    -3.41   17.51
-128513.941   177.149    -0.29   17.27
-128224.133   176.305    -2.91   15.16
-127934.340   173.143   -10.91   11.46
-127644.562   171.486    -5.72   12.13
-127354.799   169.704    -6.15   13.74
-127065.052   166.129   -12.34   18.05
-126775.320   161.482   -16.04   21.65
-126485.603   152.335   -31.58   23.96
-126195.902   145.070   -25.08   23.26
-125906.216   139.735   -18.42   20.16
-125616.545   136.702   -10.47   17.39
-125326.889   134.767    -6.68   13.47
-125037.248   136.702     6.68   14.48
-124747.623   141.114    15.23   14.25
-124458.013   146.248    17.73   15.41
-124168.418   149.711    11.96   15.26
-123878.839   153.001    11.36   15.24
-123589.275   159.026    20.81   16.13
-123299.726   164.138    17.66   17.14
-123010.192   164.635     1.72   17.01
-122720.673   162.935    -5.87   17.78
-122431.170   161.857    -3.72   17.42
-122141.682   162.908     3.63   18.03
-121852.209   164.246     4.62   18.08
-121562.751   165.454     4.17   18.31
-121273.308   168.767    11.45   16.54
-120983.881   171.872    10.73   15.40
-120694.469   174.482     9.02   12.79
-120405.072   175.547     3.68    9.95
-120115.690   175.077    -1.62   10.08
-119826.324   173.842    -4.27   10.13
-119536.972   172.577    -4.37   11.78
-119247.636   171.746    -2.87   14.12
-118958.315   169.790    -6.76   15.39
-118669.010   168.777    -3.50   16.01
-118379.719   166.720    -7.11   16.66
-118090.444   165.479    -4.29   17.07
-117801.183   163.436    -7.07   16.07
-117511.938   163.469     0.11   15.64
-117222.708   163.452    -0.06   16.38
-116933.494   164.880     4.94   16.22
-116644.294   167.479     8.99   17.00
-116355.110   170.049     8.89   19.67
-116065.940   171.232     4.09   21.27
-115776.786   175.805    15.82   23.13
-115487.647   182.611    23.54   25.37
-115198.523   183.122     1.77   27.06
-114909.415   182.835    -1.00   29.36
-114620.321   178.349   -15.52   30.24
-114331.243   175.449   -10.04   28.24
-114042.179   170.219   -18.10   25.11
-113753.131   165.914   -14.89   21.87
-113464.098   163.599    -8.01   17.74
-113175.080   165.165     5.42   17.76
-112886.078   167.467     7.96   19.15
-112597.090   170.290     9.77   22.58
-112308.117   173.735    11.92   25.21
-112019.160   178.749    17.35   27.72
-111730.218   185.982    25.03   30.40
-111441.290   195.364    32.48   36.30
-111152.378   206.458    38.40   37.46
-110863.481   214.183    26.74   38.29
-110574.599   220.774    22.82   35.35
-110285.733   222.864     7.24   32.25
-109996.881   219.620   -11.23   31.89
-109708.044   215.784   -13.28   30.42
-109419.223   211.263   -15.65   29.54
-109130.416   205.155   -21.15   26.83
-108841.625   200.804   -15.07   24.42
-108552.848   197.290   -12.17   22.61
-108264.087   195.673    -5.60   21.65
-107975.341   200.364    16.25   32.27
-107686.610   203.606    11.23   36.78
-107397.894   212.217    29.83   42.75
-107109.193   227.805    54.00   53.23
-106820.507   241.273    46.66   55.27
-106531.836   254.514    45.87   61.71
-106243.180   257.158     9.16   60.26
-105954.540   252.835   -14.98   55.71
-105665.914   247.477   -18.56   49.06
-105377.303   239.717   -26.89   40.09
-105088.708   233.393   -21.91   35.77
-104800.127   226.379   -24.31   31.27
-104511.562   219.688   -23.19   27.99
-104223.011   209.702   -34.61   18.38
-103934.476   202.026   -26.61   14.11
-103645.955   198.377   -12.65   18.51
-103357.450   197.494    -3.06   20.83
-103068.959   192.305   -17.99   25.90
-102780.484   184.790   -26.05   28.83
-102492.024   177.961   -23.68   30.00
-102203.578   171.648   -21.89   30.74
-101915.148   169.506    -7.43   29.95
-101626.732   168.992    -1.78   30.69
-101338.332   165.235   -13.03   31.30
-101049.947   161.835   -11.79   32.31
-100761.576   160.349    -5.15   34.43
-100473.221   155.638   -16.34   34.35
-100184.881   157.183     5.36   33.85
 -99896.555   157.941     2.63   33.38
 -99608.245   163.570    19.53   34.29
 -99319.949   169.706    21.29   32.16
 -99031.669   173.929    14.65   27.01
 -98743.404   176.677     9.54   24.55
 -98455.153   180.141    12.02   21.85
 -98166.918   184.168    13.97   22.20
 -97878.697   185.673     5.22   20.07
 -97590.491   187.732     7.14   17.38
 -97302.301   188.943     4.20   17.20
 -97014.125   191.435     8.65   14.68
 -96725.964   191.570     0.47   13.83
 -96437.819   189.217    -8.17   12.09
 -96149.688   186.153   -10.64   10.52
 -95861.572   183.956    -7.63   10.28
 -95573.471   180.454   -12.16   10.05
 -95285.385   177.987    -8.56    9.05
 -94997.314   176.535    -5.04    8.80
 -94709.258   175.967    -1.97    7.47
 -94421.217   174.952    -3.52    7.00
 -94133.191   173.668    -4.46    7.50
 -93845.179   172.501    -4.05    6.84
 -93557.183   172.658     0.54    7.07
 -93269.201   171.842    -2.83    6.35
 -92981.235   170.706    -3.95    6.32
 -92693.283   169.306    -4.86    6.79
 -92405.346   168.074    -4.28    7.77
 -92117.425   167.088    -3.42    8.98
 -91829.518   166.504    -2.03    9.37
 -91541.626   165.717    -2.73   10.90
 -91253.749   166.618     3.13   11.70
 -90965.886   167.045     1.48   11.86
 -90678.039   168.006     3.34   10.74
 -90390.207   170.394     8.30   10.19
 -90102.389   172.746     8.17   13.20
 -89814.586   175.016     7.89   15.03
 -89526.799   176.516     5.21   15.27
 -89239.026   177.588     3.73   15.88
 -88951.268   176.395    -4.15   18.82
 -88663.525   178.175     6.19   19.96
 -88375.796   171.784   -22.21   27.59
 -88088.083   163.449   -28.97   30.75
 -87800.384   156.996   -22.43   31.62
 -87512.701   153.577   -11.89   32.46
 -87225.032   151.055    -8.77   33.96
 -86937.378   149.797    -4.37   34.51
 -86649.739   141.606   -28.48   34.99
 -86362.114   136.088   -19.19   35.04
 -86074.505   128.842   -25.20   34.60
 -85786.910   121.276   -26.31   28.57
 -85499.331   118.744    -8.81   24.11
 -85211.766   116.648    -7.29   19.47
 -84924.216   116.713     0.23   18.28
 -84636.680   116.673    -0.14   17.74
 -84349.160   117.439     2.67   15.73
 -84061.654   119.850     8.39   14.89
 -83774.164   121.958     7.33   14.66
 -83486.688   123.477     5.29   19.65
 -83199.227   124.104     2.18   19.17
 -82911.780   126.776     9.30   20.12
 -82624.349   129.381     9.07   22.96
 -82336.932   134.967    19.43   26.98
 -82049.530   136.885     6.68   27.61
 -81762.143   139.963    10.71   28.00
 -81474.771   140.688     2.52   29.82
 -81187.413   137.001   -12.83   33.85
 -80900.071   130.967   -21.00   37.12
 -80612.743   120.535   -36.31   39.20
 -80325.430   113.168   -25.64   34.58
 -80038.131   107.349   -20.26   33.04
 -79750.848    96.633   -37.30   30.00
 -79463.579    88.262   -29.14   29.35
 -79176.325    82.088   -21.49   28.57
 -78889.086    77.835   -14.81   32.97
 -78601.862    73.850   -13.87   35.78
 -78314.652    68.107   -20.00   34.64
 -78027.457    60.920   -25.03   32.10
 -77740.277    57.467   -12.03   30.83
 -77453.111    56.020    -5.04   28.47
 -77165.961    53.378    -9.20   24.23
 -76878.825    51.938    -5.02   18.13
 -76591.704    56.908    17.31   21.46
 -76304.598    63.835    24.13   35.63
 -76017.506    72.688    30.84   45.30
 -75730.429    90.262    61.22   59.10
 -75443.367   106.320    55.94   66.27
 -75156.320   122.520    56.44   69.68
 -74869.287   145.603    80.42   63.81
 -74582.269   147.570     6.85   59.96
 -74295.266   143.735   -13.36   60.13
 -74008.277   134.713   -31.44   64.88
 -73721.303   126.185   -29.72   66.54
 -73434.344   101.967   -84.40   57.19
 -73147.400    92.263   -33.82   47.62
 -72860.470    85.021   -25.24   35.08
 -72573.556    86.504     5.17   32.82
 -72286.655    90.529    14.03   34.20
 -71999.770    95.653    17.86   35.42
 -71712.899   107.967    42.93   37.93
 -71426.043   114.956    24.37   37.05
 -71139.202   118.291    11.63   36.08
 -70852.375   122.378    14.25   31.51
 -70562.369   124.776     8.27   29.84
 -70272.352   124.842     0.23   29.95
 -69982.350   120.811   -13.90   30.09
 -69692.364   121.761     3.27   29.81
 -69402.392   120.488    -4.39   28.96
 -69112.435   118.114    -8.19   26.15
 -68822.494   114.763   -11.56   21.93
 -68532.567   112.499    -7.81   19.18
 -68242.656   110.544    -6.74   19.56
 -67952.759   104.335   -21.42   19.14
 -67662.878    99.789   -15.68   19.50
 -67373.012    92.991   -23.45   19.35
 -67083.160    89.276   -12.82   17.11
 -66793.324    85.842   -11.85   13.43
 -66503.503    86.170     1.13   13.45
 -66213.697    87.711     5.32   15.37
 -65923.906    87.380    -1.14   17.44
 -65634.130    86.850    -1.83   18.15
 -65344.369    84.790    -7.11   19.83
 -65054.623    80.629   -14.36   21.19
 -64764.892    73.465   -24.73   22.37
 -64475.176    66.479   -24.11   20.69
 -64185.475    63.790    -9.28   20.82
 -63895.789    64.732     3.25   23.29
 -63606.118    66.444     5.91   25.79
 -63316.462    70.558    14.21   27.61
 -63026.821    77.479    23.90   29.21
 -62737.195    82.610    17.71   28.25
 -62447.584    83.949     4.62   26.64
 -62157.988    82.245    -5.88   25.01
 -61868.407    79.143   -10.71   25.83
 -61578.841    79.744     2.07   29.36
 -61289.290    80.535     2.73   30.71
 -60999.754    86.614    21.00   32.49
 -60710.233    96.614    34.54   29.99
 -60420.727   103.506    23.81   24.91
 -60131.236   107.393    13.43   21.20
 -59841.760   107.350    -0.15   18.80
 -59552.299   104.729    -9.06   15.48
 -59262.853   102.850    -6.49   13.48
 -58973.422   101.688    -4.02   11.31
 -58684.006    99.688    -6.91   12.25
 -58394.605   100.235     1.89   13.70
 -58105.218   105.475    18.11   22.73
 -57815.847   122.393    58.47   48.02
 -57526.490   157.820   122.44   85.35
 -57237.149   192.256   119.02  100.72
 -56947.823   225.467   114.79  100.96
 -56658.511   254.249    99.49   84.26
 -56369.214   273.135    65.28   64.36
 -56079.933   287.893    51.02   43.27
 -55790.666   287.138    -2.61   37.27
 -55501.414   278.232   -30.79   26.83
 -55212.177   277.411    -2.84   21.37
 -54922.955   283.752    21.93   26.90
 -54633.748   298.235    50.08   34.46
 -54344.556   314.850    57.46   40.50
 -54055.379   335.622    71.84   47.17
 -53766.216   354.486    65.24   52.09
 -53477.069   376.738    76.96   61.26
 -53187.937   395.819    66.00   60.88
 -52898.819   403.908    27.98   60.09
 -52609.716   403.200    -2.45   64.16
 -52320.628   390.395   -44.30   80.07
 -52031.555   368.146   -76.97   96.68
 -51742.497   337.755  -105.14  102.33
 -51453.454   304.535  -114.94  102.98
 -51164.426   261.732  -148.10   87.93
 -50875.413   229.163  -112.69   61.89
 -50586.414   208.469   -71.61   43.40
 -50297.431   196.599   -41.08   31.04
 -50008.462   186.465   -35.07   22.65
 -49719.508   175.967   -36.33   16.62
 -49430.569   171.592   -15.14   18.57
 -49141.645   166.482   -17.69   18.46
 -48852.735   161.021   -18.90   17.71
 -48563.841   155.849   -17.90   15.80
 -48274.961   151.204   -16.08   12.77
 -47986.097   151.021    -0.63   13.95
 -47697.247   151.767     2.58   16.15
 -47408.412   152.011     0.85   16.87
 -47119.592   152.040     0.10   16.71
 -46830.786   154.842     9.70   16.45
 -46541.996   157.624     9.63   15.37
 -46253.220   158.479     2.96   14.59
 -45964.459   158.658     0.62   13.00
 -45675.713   161.872    11.13   11.72
 -45386.982   163.658     6.19   11.03
 -45098.266   165.744     7.22   10.93
 -44809.564   166.648     3.13   10.39
 -44520.877   167.304     2.27   11.08
 -44232.205   166.603    -2.43   12.61
 -43943.548   168.066     5.07   15.93
 -43654.906   168.592     1.82   16.28
 -43366.279   172.408    13.22   20.20
 -43077.666   180.532    28.15   29.51
 -42789.068   197.761    59.70   53.54
 -42500.485   209.935    42.19   65.51
 -42211.917   228.648    64.85   74.68
 -41923.363   260.161   109.21   90.33
 -41634.824   291.291   107.89  101.39
 -41346.300   321.544   104.86  101.77
 -41057.791   344.319    78.94   98.30
 -40769.297   362.114    61.68   85.80
 -40480.817   389.704    95.64   64.41
 -40192.352   398.668    31.08   54.76
 -39903.902   400.977     8.01   53.61
 -39615.467   396.648   -15.01   53.95
 -39327.046   384.499   -42.12   60.16
 -39038.641   370.021   -50.20   68.46
 -38750.250   347.245   -78.98   71.69
 -38461.873   315.577  -109.82   76.71
 -38173.512   293.614   -76.17   82.08
 -37885.165   271.573   -76.44   92.13
 -37596.833   250.638   -72.61   98.89
 -37308.516   225.074   -88.67   99.30
 -37020.213   197.364   -96.12   92.92
 -36731.926   171.781   -88.74   79.52
 -36443.653   146.790   -86.69   56.01
 -36155.394   128.210   -64.46   35.49
 -35867.151   119.723   -29.44   26.29
 -35578.922   110.514   -31.95   14.62
 -35290.708   105.987   -15.71   11.44
 -35002.508   102.407   -12.42    9.24
 -34714.324   100.096    -8.02    8.41
 -34426.154    98.673    -4.94    8.20
 -34137.998    98.111    -1.95    9.01
 -33849.858    98.585     1.64    9.93
 -33561.732   101.436     9.90   11.27
 -33273.621   104.588    10.94   11.79
 -32985.524   107.185     9.01   10.71
 -32697.443   108.242     3.67    9.70
 -32409.375   107.158    -3.76   11.06
 -32121.323   104.138   -10.49   12.58
 -31833.285   102.047    -7.26   12.81
 -31545.262   101.070    -3.39   12.96
 -31257.254   102.409     4.65   14.79
 -30969.260   106.726    14.99   18.55
 -30681.282   111.673    17.18   19.06
 -30393.317   117.016    18.56   17.84
 -30105.368   119.941    10.16   16.58
 -29817.433   121.215     4.43   14.28
 -29529.512   120.673    -1.88   12.44
 -29241.607   118.511    -7.51    9.87
 -28953.716   116.135    -8.25    8.37
 -28665.840   115.192    -3.28    8.29
 -28377.978   114.423    -2.67    8.00
 -28090.131   113.732    -2.40    6.42
 -27802.299   114.135     1.40    5.43
 -27514.481   115.290     4.01    6.65
 -27226.678   117.827     8.82    7.77
 -26938.890   120.363     8.81    8.78
 -26651.116   123.077     9.43    9.43
 -26363.357   126.514    11.94   11.70
 -26075.612   129.070     8.88   12.31
 -25787.882   132.073    10.44   14.81
 -25500.167   134.032     6.81   15.69
 -25212.466   134.146     0.40   15.94
 -24924.780   134.496     1.22   16.51
 -24637.109   132.697    -6.26   16.93
 -24349.452   129.648   -10.60   15.05
 -24061.810   126.441   -11.15   12.67
 -23774.183   123.698    -9.53   10.32
 -23486.570   123.138    -1.95    9.70
 -23198.971   121.708    -4.97    8.29
 -22911.387   120.717    -3.45    7.67
 -22623.818   119.463    -4.36    6.02
 -22336.264   119.070    -1.37    5.32
 -22048.724   119.379     1.07    5.45
 -21761.198   119.198    -0.63    4.93
 -21473.688   119.456     0.90    5.12
 -21186.191   120.923     5.10    6.70
 -20898.710   122.544     5.64    8.94
 -20611.243   125.755    11.17   12.05
 -20323.790   130.914    17.95   22.52
 -20036.352   135.697    16.64   26.12
 -19748.929   146.126    36.28   41.86
 -19461.520   154.569    29.38   46.98
 -19174.126   170.643    55.93   61.11
 -18886.746   190.438    68.88   72.47
 -18599.381   207.912    60.81   78.78
 -18312.031   228.220    70.68   82.11
 -18024.695   253.011    86.28   79.40
 -17737.373   270.967    62.49   75.07
 -17450.067   286.941    55.60   63.58
 -17162.774   298.016    38.55   54.16
 -16875.496   311.196    45.88   47.62
 -16588.233   315.246    14.10   49.22
 -16300.984   322.494    25.23   54.64
 -16013.750   332.519    34.90   57.65
 -15726.531   340.364    27.31   61.51
 -15439.325   350.393    34.92   61.35
 -15152.135   359.319    31.08   58.91
 -14864.959   363.872    15.85   54.87
 -14577.797   366.581     9.43   54.21
 -14290.650   367.482     3.14   54.78
 -14003.518   369.887     8.38   53.78
 -13716.399   362.977   -24.06   55.33
 -13429.296   355.649   -25.53   59.48
 -13142.207   346.529   -31.77   60.78
 -12855.132   326.849   -68.55   60.81
 -12568.072   307.772   -66.46   54.33
 -12281.027   288.746   -66.28   60.05
 -11993.996   270.523   -63.49   60.38
 -11706.979   252.106   -64.17   67.23
 -11419.977   230.871   -73.99   74.60
 -11132.990   213.857   -59.28   74.86
 -10846.016   196.776   -59.52   76.99
 -10559.058   177.289   -67.91   72.62
 -10272.114   167.941   -32.58   68.28
  -9985.184   145.379   -78.63   53.35
  -9698.269   130.776   -50.90   37.65
  -9411.368   123.117   -26.69   30.83
  -9124.482   115.588   -26.24   29.36
  -8837.610   107.585   -27.90   25.37
  -8549.132    99.796   -27.00   18.86
  -8259.120    95.016   -16.48   13.63
  -7969.122    91.618   -11.72    9.92
  -7679.140    90.026    -5.49    9.49
  -7389.172    90.020    -0.02   10.52
  -7099.219    91.746     5.95   13.90
  -6809.280    94.573     9.75   16.26
  -6519.357    99.153    15.80   19.30
  -6229.448   100.181     3.55   19.79
  -5939.555   106.219    20.83   25.38
  -5649.676   112.499    21.66   26.53
  -5359.811   116.535    13.92   26.55
  -5069.962   117.566     3.56   25.57
  -4780.127   117.887     1.11   24.08
  -4490.308   118.790     3.12   25.27
  -4200.502   122.210    11.80   25.16
  -3910.712   119.233   -10.27   26.99
  -3620.937   114.467   -16.45   28.50
  -3331.176   107.520   -23.97   31.89
  -3041.430   105.763    -6.06   36.06
  -2751.699   106.947     4.08   48.19
  -2461.983   111.761    16.62   64.73
  -2172.281   105.350   -22.13   69.49
  -1882.595   105.599     0.86   77.75
  -1592.923    98.943   -22.98   77.42
  -1303.265    88.635   -35.59   76.82
  -1013.623    68.864   -68.26   64.83
   -723.995    47.196   -74.81   50.40
   -434.382    29.261   -61.93   38.94
   -144.784    14.488   -51.01   23.59
    144.800    13.320    -4.04   22.86
    434.368    22.697    32.38   34.87
    723.922    33.051    35.76   39.91
   1013.462    47.902    51.29   39.73
   1302.986    63.335    53.30   37.97
   1592.496    76.902    46.86   33.88
   1881.991    87.119    35.29   27.02
   2171.471    98.511    39.35   34.71
   2460.937   112.929    49.81   46.66
   2750.388   133.011    69.38   61.39
   3039.824   151.678    64.49   62.98
   3329.245   169.618    61.99   64.74
   3618.652   197.107    94.98   68.46
   3908.044   212.577    53.46   70.68
   4197.421   233.469    72.20   73.73
   4486.784   234.693     4.23   78.39
   4776.132   247.119    42.95   74.15
   5065.465   266.540    67.12   65.54
   5354.783   281.850    52.91   52.61
   5644.087   293.380    39.86   43.16
   5933.376   285.036   -28.84   56.13
   6222.651   271.473   -46.89   79.12
   6511.910   253.066   -63.63   95.35
   6801.155   224.001  -100.48  106.50
   7090.386   184.320  -137.19  109.79
   7379.601   140.752  -150.64  100.09
   7668.802   122.550   -62.94   92.66
   7957.989    97.790   -85.62   74.44
   8247.160    82.242   -53.77   48.11
   8536.317    70.379   -41.03   37.30
   8825.460    64.377   -20.76   39.23
   9114.587    60.769   -12.48   41.90
   9403.700    57.246   -12.19   44.08
   9692.799    49.085   -28.23   37.31
   9981.882    42.055   -24.32   31.32
  10270.952    33.516   -29.54   20.41
  10560.006    32.552    -3.34   19.18
  10849.046    32.749     0.68   18.71
  11138.071    37.496    16.43   23.38
  11427.081    46.364    30.68   31.74
  11716.077    56.397    34.72   43.64
  12005.059    74.202    61.61   59.71
  12294.025    88.627    49.92   63.28
  12582.977   102.581    48.29   65.58
  12871.915   108.192    19.42   65.30
  13160.837   119.085    37.70   62.76
  13449.745   129.923    37.51   64.19
  13738.639   149.119    66.45   68.98
  14027.518   172.516    80.99   74.16
  14316.382   195.211    78.57   75.93
  14605.232   220.349    87.03   73.44
  14894.067   231.663    39.17   69.35
  15182.887   241.663    34.62   66.28
  15471.693   239.111    -8.84   71.24
  15760.485   230.842   -28.63   71.07
  16049.261   229.516    -4.59   69.73
  16338.023   218.865   -36.89   55.93
  16626.771   214.603   -14.76   47.39
  16915.504   211.805    -9.69   32.39
  17204.222   204.648   -24.79   31.71
  17492.926   199.320   -18.46   37.62
  17781.615   188.396   -37.84   39.79
  18070.290   184.047   -15.07   38.56
  18358.950   181.021   -10.48   37.30
  18647.596   188.042    24.32   48.67
  18936.227   205.335    59.91   66.67
  19224.843   233.349    97.06   84.60
  19513.445   270.546   128.88   98.39
  19802.032   309.185   133.89   95.87
  20090.605   334.427    87.47   92.16
  20379.163   364.570   104.46   78.82
  20667.707   397.396   113.76   54.39
  20956.236   418.479    73.07   42.87
  21244.751   429.563    38.42   47.33
  21533.251   435.016    18.90   54.98
  21821.736   438.114    10.74   65.26
  22110.207   440.006     6.56   73.38
  22398.664   431.099   -30.88   86.13
  22687.105   421.441   -33.48   93.31
  22975.533   403.379   -62.62   93.27
  23263.946   388.563   -51.37   86.72
  23552.344   375.633   -44.83   79.94
  23840.728   365.908   -33.72   78.10
  24129.097   354.131   -40.84   74.65
  24417.452   349.996   -14.34   73.11
  24705.792   336.550   -46.63   60.88
  24994.118   333.045   -12.16   54.13
  25282.430   327.364   -19.70   57.46
  25570.726   315.872   -39.86   48.22
  25859.009   312.170   -12.84   47.94
  26147.277   301.165   -38.18   34.96
  26435.530   296.880   -14.87   29.43
  26723.769   297.058     0.62   29.56
  27011.993   298.982     6.68   27.71
  27300.203   303.740    16.51   26.35
  27588.399   310.335    22.88   26.79
  27876.580   318.588    28.64   28.00
  28164.746   327.114    29.59   30.11
  28452.898   337.183    34.94   35.46
  28741.036   344.001    23.66   42.15
  29029.159   345.698     5.89   42.50
  29317.267   350.320    16.04   45.46
  29605.362   353.365    10.57   43.92
  29893.441   361.581    28.52   46.95
  30181.507   369.349    26.97   52.81
  30469.557   380.058    37.18   61.15
  30757.594   400.200    69.93   73.12
  31045.616   414.725    50.43   75.35
  31333.623   421.454    23.36   80.25
  31621.616   409.827   -40.37   86.04
  31909.595   391.088   -65.07   88.17
  32197.559   366.451   -85.56   94.21
  32485.509   336.796  -102.98   91.56
  32773.444   316.393   -70.86   85.21
  33061.365   286.460  -103.96   68.93
  33349.272   267.261   -66.68   61.86
  33637.164   249.693   -61.02   49.47
  33925.041   236.792   -44.81   42.82
  34212.905   226.746   -34.90   40.29
  34500.754   219.229   -26.12   37.97
  34788.588   208.467   -37.39   38.40
  35076.408   205.460   -10.45   37.22
  35364.214   195.603   -34.25   40.19
  35652.005   184.987   -36.89   42.03
  35939.782   173.092   -41.33   41.82
  36227.544   163.320   -33.96   38.11
  36515.292   153.319   -34.75   35.47
  36803.026   142.585   -37.31   33.08
  37090.745   133.704   -30.87   30.00
  37378.450   131.456    -7.81   34.48
  37666.141   122.958   -29.54   33.54
  37953.817   118.081   -16.95   35.35
  38241.479   116.581    -5.21   37.83
  38529.126   114.902    -5.84   38.17
  38816.759   123.633    30.35   49.57
  39104.378   125.638     6.97   50.93
  39391.982   127.796     7.50   58.92
  39679.572   121.467   -22.01   55.11
  39967.148   118.379   -10.74   55.50
  40254.709   115.892    -8.65   50.97
  40542.256   107.526   -29.09   41.58
  40829.789   106.040    -5.17   38.05
  41117.307   102.781   -11.34   32.45
  41404.811   101.047    -6.03   29.24
  41692.300   103.971    10.17   29.44
  41979.775   107.081    10.82   29.32
  42267.236   109.987    10.11   29.00
  42554.683   107.111   -10.01   27.90
  42842.115   104.798    -8.04   29.17
  43129.533    98.150   -23.13   30.16
  43416.937    90.910   -25.19   29.85
  43704.326    82.982   -27.59   26.11
  43991.701    78.027   -17.24   21.66
  44279.061    75.893    -7.42   21.46
  44566.408    78.767    10.00   23.83
  44853.740    85.581    23.71   29.50
  45141.057    94.040    29.44   39.23
  45428.361    98.881    16.85   40.88
  45715.650   108.496    33.47   43.56
  46002.925   108.475    -0.07   41.47
  46290.185   110.514     7.10   43.17
  46577.431   111.117     2.10   39.64
  46864.663   110.379    -2.57   42.09
  47151.881   109.540    -2.92   43.08
  47439.084   107.210    -8.12   43.06
  47726.273   107.232     0.08   41.42
  48013.448   107.427     0.68   38.01
  48300.609   107.879     1.57   34.66
  48587.755   111.537    12.74   34.43
  48874.887   120.614    31.61   37.37
  49162.005   132.066    39.88   40.07
  49449.108   137.811    20.01   37.58
  49736.197   147.526    33.84   28.92
  50023.272   150.211     9.36   23.28
  50310.333   152.981     9.65   24.00
  50597.380   151.856    -3.92   29.15
  50884.412   148.021   -13.36   34.17
  51171.430   145.175    -9.92   40.13
  51458.433   145.185     0.04   42.07
  51745.423   153.532    29.08   51.02
  52032.398   155.107     5.49   61.33
  52319.359   159.719    16.07   70.17
  52606.306   166.114    22.28   75.94
  52893.238   161.026   -17.73   78.83
  53180.157   155.092   -20.68   78.43
  53467.184   145.938   -31.89   75.92
  53757.188   133.305   -43.56   63.76
  54047.178   121.304   -41.38   49.01
  54337.154   111.011   -35.49   40.10
  54627.115   105.752   -18.14   35.57
  54917.061   111.514    19.87   40.82
  55206.993   126.192    50.62   51.01
  55496.910   144.040    61.56   58.59
  55786.813   163.036    65.52   67.56
  56076.701   187.032    82.77   70.02
  56366.574   206.981    68.82   64.79
  56656.433   223.746    57.84   54.85
  56946.278   241.961    62.84   53.39
  57236.107   259.467    60.40   60.31
  57525.923   284.291    85.65   74.21
  57815.723   324.032   137.12   97.46
  58105.510   371.062   162.29  118.68
  58395.281   418.725   164.48  130.55
  58685.038   479.797   210.76  140.93
  58974.781   532.170   180.75  135.75
  59264.509   580.407   166.48  128.29
  59554.223   610.204   102.85  119.04
  59843.922   635.135    86.05  115.66
  60133.606   649.229    48.65  117.89
  60423.276   654.335    17.63  133.73
  60712.931   644.170   -35.09  148.78
  61002.572   636.467   -26.60  163.37
  61292.199   634.906    -5.39  171.20
  61581.811   621.967   -44.68  175.87
  61871.408   616.458   -19.02  178.01
  62160.991   627.673    38.73  171.81
  62450.559   626.022    -5.70  168.45
  62740.113   626.708     2.37  163.76
  63029.653   626.379    -1.13  163.36
  63319.177   627.320     3.25  163.05
  63608.688   624.059   -11.26  157.39
  63898.184   604.565   -67.33  155.83
  64187.665   609.570    17.29  156.95
  64477.132   599.241   -35.68  148.73
  64766.585   591.394   -27.11  138.28
  65056.023   582.976   -29.08  122.28
  65345.446   574.624   -28.86  111.30
  65634.855   563.290   -39.16   92.38
  65924.250   543.704   -67.68   83.25
  66213.630   509.599  -117.85   89.53
  66502.996   470.741  -134.28   98.82
  66792.347   426.558  -152.69   97.52
  67081.683   386.673  -137.84   86.35
  67371.006   353.117  -115.97   70.37
  67660.314   328.188   -86.17   48.32
  67949.607   319.022   -31.68   25.36
  68238.886   318.511    -1.77   23.17
  68528.151   325.616    24.56   15.44
  68817.401   329.864    14.69   13.14
  69106.636   333.030    10.95   13.87
  69395.857   334.996     6.80   17.56
  69685.064   336.393     4.83   23.04
  69974.257   338.147     6.06   25.58
  70263.434   342.232    14.12   31.09
  70552.598   350.104    27.22   36.55
  70841.747   357.717    26.33   42.55
  71130.882   367.508    33.86   45.65
  71420.002   378.514    38.06   45.59
  71709.108   395.185    57.66   49.35
  71998.199   409.975    51.16   48.31
  72287.276   421.658    40.41   48.76
  72576.339   439.062    60.20   49.10
  72865.387   461.146    76.40   59.45
  73154.421   490.639   102.03   69.46
  73443.441   524.857   118.39   81.74
  73732.446   549.096    83.86   78.71
  74021.436   557.975    30.72   74.31
  74310.413   539.614   -63.53   93.49
  74599.374   509.781  -103.24  117.53
  74888.322   474.482  -122.16  126.57
  75177.255   441.508  -114.11  119.90
  75466.174   403.872  -130.26   98.75
  75755.078   383.529   -70.41   83.42
  76043.968   361.913   -74.82   73.49
  76332.844   353.864   -27.86   73.58
  76621.705   359.365    19.04   75.77
  76910.552   357.982    -4.79   79.83
  77199.385   339.555   -63.79   96.51
  77488.203   325.544   -48.51  101.28
  77777.007   317.774   -26.90   95.81
  78065.796   320.850    10.65   92.18
  78354.572   333.122    42.49   91.35
  78643.333   350.735    60.99   94.33
  78932.079   375.040    84.17   84.39
  79220.811   407.711   113.15   63.70
  79509.529   421.062    46.24   53.82
  79798.233   434.865    47.81   58.45
  80086.922   443.631    30.36   59.79
  80375.597   459.395    54.60   67.55
  80664.257   472.735    46.21   74.46
  80952.903   493.335    71.36   80.92
  81241.535   512.132    65.12   82.64
  81530.153   535.196    79.91   85.93
  81818.756   562.607    94.97   85.81
  82107.345   588.956    91.30   84.08
  82395.920   610.804    75.71   87.97
  82684.480   623.858    45.23   86.27
  82973.026   626.469     9.05   83.02
  83261.558   637.629    38.68   77.92
  83550.075   645.350    26.76   70.30
  83838.578   646.200     2.95   70.79
  84127.067   642.577   -12.56   68.85
  84415.542   644.153     5.46   62.88
  84704.002   654.759    36.77   65.12
  84992.448   651.439   -11.51   66.59
  85280.880   642.305   -31.67   73.05
  85569.297   615.258   -93.77   95.40
  85857.701   578.349  -127.97  109.90
  86146.090   543.501  -120.83  118.41
  86434.464   478.986  -223.70  120.43
  86722.825   419.986  -204.59  124.72
  87011.171   360.683  -205.65  117.17
  87299.503   327.469  -115.19  105.71
  87587.820   295.811  -109.79   90.95
  87876.124   278.943   -58.50   79.96
  88164.413   282.570    12.58   78.13
  88452.688   305.596    79.87   92.11
  88740.948   338.335   113.56  100.15
  89029.195   366.735    98.52  102.91
  89317.427   389.469    78.87  104.52
  89605.645   430.804   143.41  100.82
  89893.848   467.063   125.80   94.15
  90182.038   497.555   105.80   94.97
  90470.213   533.104   123.35   90.53
  90758.374   562.895   103.38   81.13
  91046.521   589.842    93.51   60.45
  91334.653   592.947    10.77   56.23
  91622.772   581.364   -40.20   74.89
  91910.876   553.914   -95.27   99.18
  92198.966   519.479  -119.52  116.27
  92487.041   467.073  -181.91  131.78
  92775.103   421.562  -157.98  131.44
  93063.150   387.772  -117.30  120.30
  93351.183   385.320    -8.51  119.54
  93639.202   393.349    27.88  122.38
  93927.207   387.856   -19.07  124.59
  94215.197   392.523    16.20  124.85
  94503.174   405.047    43.49  117.57
  94791.136   416.683    40.41  111.15
  95079.084   428.700    41.73  122.25
  95367.018   442.149    46.71  148.03
  95654.937   438.932   -11.17  153.72
  95942.843   448.320    32.61  155.75
  96230.734   436.055   -42.60  147.79
  96518.611   432.511   -12.31  145.82
  96806.474   418.021   -50.33  136.24
  97094.323   406.496   -40.04  128.97
  97382.157   399.173   -25.44  122.64
  97669.978   378.529   -71.72  108.17
  97957.784   378.132    -1.38   97.84
  98245.576   388.688    36.68  106.76
  98533.354   399.335    36.99  117.54
  98821.118   401.976     9.18  125.70
  99108.867   403.060     3.77  114.00
  99396.603   405.040     6.88  108.71
  99684.324   394.379   -37.05   99.06
  99972.031   388.761   -19.53   90.65
 100259.725   397.610    30.76   88.80
 100547.404   430.146   113.09  109.58
 100835.068   473.198   149.65  130.45
 101122.719   526.835   186.45  143.96
 101410.356   598.908   250.55  152.81
 101697.978   670.713   249.63  146.79
 101985.587   714.233   151.30  131.58
 102273.181   750.620   126.51  107.97
 102560.761   770.173    67.98   98.67
 102848.327   772.143     6.85  100.30
 103135.879   776.906    16.56  101.70
 103423.417   794.261    60.35  125.49
 103710.941   829.750   123.42  133.97
 103998.450   885.290   193.16  142.60
 104285.946   948.422   219.57  143.47
 104573.427  1002.439   187.88  131.24
 104860.894  1041.364   135.40  110.73
 105148.348  1070.631   101.81   92.18
 105435.787  1093.188    78.47   63.72
 105723.212  1095.647     8.56   55.94
 106010.623  1078.599   -59.31   58.06
 106298.020  1060.958   -61.38   50.61
 106585.403  1047.484   -46.88   47.57
 106872.772  1036.588   -37.91   52.02
 107160.126  1031.642   -17.21   49.08
 107447.467  1017.408   -49.53   62.73
 107734.794  1010.210   -25.05   70.28
 108022.106  1003.111   -24.71   74.44
 108309.405   998.202   -17.08   78.99
 108596.689   997.499    -2.45   84.34
 108883.959   999.624     7.40  102.82
 109171.216  1016.273    57.95  103.55
 109458.458  1016.335     0.21  122.07
 109745.686  1005.477   -37.80  125.19
 110032.900   999.350   -21.33  131.35
 110320.100  1005.585    21.71  124.01
 110607.287  1009.857    14.88  127.20
 110894.459  1019.276    32.80  132.29
 111181.617  1051.021   110.54  154.71
 111468.761  1108.887   201.50  176.09
 111755.891  1174.428   228.24  165.90
 112043.007  1215.925   144.52  170.99
 112330.109  1255.350   137.31  155.05
 112617.197  1278.805    81.69  132.11
 112904.271  1283.232    15.42  118.48
 113191.331  1309.170    90.35   99.47
 113478.376  1329.827    71.96   98.23
 113765.408  1335.928    21.25   78.26
 114052.426  1312.880   -80.30   74.68
 114339.430  1282.381  -106.26   93.20
 114626.420  1236.055  -161.40  110.42
 114913.396  1181.035  -191.71  131.93
 115200.358  1120.380  -211.35  139.74
 115487.306  1060.111  -210.02  130.30
 115775.997  1016.181  -152.16  112.22
 116065.979   985.335  -106.36   97.58
 116355.948   950.965  -118.52   96.30
 116645.902   911.570  -135.86   98.49
 116935.841   908.963    -8.99   98.38
 117225.767   917.961    31.03  101.28
 117515.678   944.141    90.29  123.98
 117805.574   987.178   148.44  137.01
 118095.457  1042.880   192.13  146.34
 118385.325  1110.411   232.95  149.67
 118675.179  1193.436   286.41  141.45
 118965.018  1257.438   220.80  126.82
 119254.843  1306.484   169.21   97.43
 119544.654  1326.693    69.72   84.13
 119834.451  1343.192    56.93   76.87
 120124.233  1330.289   -44.52   89.15
 120414.001  1315.744   -50.19  102.09
 120703.754  1293.161   -77.93  111.94
 120993.494  1267.996   -86.84  113.74
 121283.219  1233.514  -119.01  110.93
 121572.930  1206.614   -92.84  101.74
 121862.626  1182.827   -82.10   87.04
 122152.308  1172.441   -35.85   87.57
 122441.976  1153.865   -64.12   89.29
 122731.630  1151.595    -7.83   86.94
 123021.269  1146.085   -19.02   84.43
 123310.895  1136.349   -33.61   83.67
 123600.506  1135.588    -2.63   86.42
 123890.102  1116.239   -66.81   86.87
 124179.685  1087.092  -100.64   96.68
 124469.253  1035.558  -177.95  106.30
 124758.807   994.305  -142.46  104.55
 125048.346   966.871   -94.74   91.29
 125337.872   950.678   -55.92   91.19
 125627.383   930.761   -68.79  103.64
 125916.880   930.858     0.34  126.04
 126206.362   949.021    62.74  145.37
 126495.831   969.484    70.68  160.49
 126785.285   983.952    49.98  169.69
 127074.725   995.581    40.17  184.72
 127364.151   991.200   -15.13  185.06
 127653.562   992.320     3.87  184.99
 127942.959   970.609   -75.01  156.09
 128232.342   951.245   -66.91  153.34
 128521.711   919.805  -108.64  157.36
 128811.066   882.658  -128.37  161.09
 129100.406   843.452  -135.49  140.66
 129389.733   806.971  -126.08  114.47
 129679.045   787.496   -67.31   96.61
 129968.342   764.141   -80.72   90.78
 130257.626   759.529   -15.94   97.41
 130546.895   758.452    -3.72   97.97
 130836.151   765.585    24.66   95.41
 131125.392   762.805    -9.61   90.93
 131414.619   769.961    24.74   93.17
 131703.831   783.379    46.39   95.38
 131993.030   798.980    53.94   96.10
 132282.214   802.107    10.81  106.12
 132571.384   821.723    67.83  104.70
 132860.540   847.798    90.17  100.05
 133149.682   880.555   113.28   91.51
 133438.810   908.066    95.14   96.90
 133727.923   939.099   107.33   93.23
 134017.022   968.109   100.33   87.38
 134306.107   997.925   103.13   77.03
 134595.178  1034.085   125.07   71.06
 134884.235  1041.492    25.62   78.41
 135173.278  1040.188    -4.51   83.63
 135462.306  1036.126   -14.05   92.49
 135751.321  1029.917   -21.48  110.81
 136040.321  1026.351   -12.34  111.11
 136329.307  1005.678   -71.53  118.92
 136618.279  1005.070    -2.10   99.11
 136907.237  1001.263   -13.17   89.07
 137196.181  1000.277    -3.41   78.00
 137485.110   979.738   -71.08   76.00
 137774.026   959.275   -70.82   76.38
 138062.927   937.141   -76.61   68.03
 138351.814   919.797   -60.03   62.44
 138640.687   907.217   -43.54   52.39
 138929.546   889.592   -61.01   57.47
 139218.391   882.552   -24.37   67.25
 139507.222   873.230   -32.27   77.15
 139796.038   858.215   -51.98   92.71
 140084.841   842.222   -55.37   98.17
 140373.629   818.051   -83.69  103.08
 140662.403   819.688     5.67   97.14
 140951.164   824.291    15.94   99.59
 141239.910   833.996    33.61   94.94
 141528.642   851.797    61.65   92.98
 141817.360   870.872    66.06   87.89
 142106.064   882.980    41.93   83.57
 142394.753   867.967   -52.00   99.28
 142683.429   847.842   -69.71  115.68
 142972.091   811.204  -126.91  130.56
 143260.738   780.820  -105.25  128.68
 143549.372   755.917   -86.27  116.00
 143837.991   740.168   -54.56  114.85
 144126.597   737.044   -10.82  100.41
 144415.188   750.599    46.96   95.18
 144703.765   776.603    90.10   99.81
 144992.328   817.820   142.82   99.99
 145280.877   850.961   114.84   98.39
 145569.412   871.452    71.01  116.67
 145857.933   888.350    58.56  128.33
 146146.440   906.684    63.54  128.99
 146434.933   927.752    73.02  133.40
 146723.412   960.200   112.47  135.74
 147011.877   991.599   108.84  125.76
 147300.328  1018.961    94.85  118.11
 147588.764  1054.170   122.05  110.38
 147877.187  1089.981   124.14   93.41
 148165.596  1116.684    92.58   79.26
 148453.991  1139.917    80.55   79.86
 148742.371  1159.708    68.62   83.07
 149030.738  1170.088    35.99   89.18
 149319.090  1168.544    -5.36   98.67
 149607.429  1163.499   -17.49  106.33
 149895.754  1174.211    37.15  106.04
 150184.064  1172.380    -6.35  100.55
 150472.361  1190.752    63.72  100.27
 150760.643  1220.738   104.00  105.23
 151048.912  1246.026    87.71  105.01
 151337.167  1280.842   120.77   97.81
 151625.407  1306.040    87.41   92.56
 151913.634  1320.935    51.67   96.26
 152201.846  1326.516    19.36   96.30
 152490.045  1324.141    -8.24   98.06
 152778.230  1319.153   -17.31   95.82
 153066.400  1308.290   -37.69   93.96
 153354.557  1295.971   -42.75   88.20
 153642.700  1271.529   -84.82   82.07
 153930.828  1236.719  -120.80   71.77
 154218.943  1215.304   -74.32   70.38
 154507.044  1186.910   -98.54   82.21
 154795.131  1162.888   -83.37   95.51
 155083.203  1136.335   -92.17  108.88
 155371.262  1110.704   -88.97  110.16
 155659.307  1078.379  -112.21  110.37
 155947.338  1042.941  -123.02  102.26
 156235.355  1019.410   -81.69   97.16
 156523.358   994.350   -87.00   94.96
 156811.348   981.535   -44.49   87.69
 157099.323   981.910     1.30   94.11
 157387.284   981.088    -2.85   97.35
 157675.231   992.947    41.18  109.69
 157963.165  1005.319    42.97  113.00
 158251.084  1021.304    55.51   96.66
 158538.990  1012.244   -31.47   98.39
 158826.881  1005.996   -21.70  100.00
 159114.759   987.349   -64.76  108.53
 159402.623   955.950  -109.06  108.84
 159690.473   911.514  -154.35  124.24
 159978.308   873.986  -130.36  127.57
 160266.130   838.486  -123.32  132.77
 160553.939   785.562  -183.86  146.19
 160841.733   748.704  -128.05  145.38
 161129.513   698.364  -174.90  119.89
 161417.279   668.138  -105.03   93.83
 161705.032   672.026    13.51  101.57
 161992.770   689.335    60.15  124.51
 162280.495   739.935   175.84  148.52
 162568.206   788.016   167.10  143.05
 162855.903   817.427   102.21  130.56
 163143.586   835.496    62.80  115.73
 163431.255   840.516    17.45  116.10
 163718.910   813.805   -92.85  136.21
 164006.551   782.842  -107.63  140.27
 164294.179   747.516  -122.80  125.77
 164581.793   723.935   -81.98  102.59
 164869.392   719.950   -13.85   88.99
 165156.978   738.215    63.50  102.37
 165444.550   780.555   147.21  124.01
 165732.108   823.952   150.90  133.57
 166019.653   883.678   207.68  140.99
 166307.183   951.158   234.66  143.77
 166594.700  1011.147   208.62  129.59
 166882.202  1049.350   132.86  113.43
 167169.691  1068.153    65.40  106.24
 167457.166  1070.217     7.18  103.77
 167744.628  1053.673   -57.54  115.37
 168032.075  1021.991  -110.20  121.10
 168319.508   985.588  -126.63  110.60
 168606.928   942.996  -148.17   97.26
 168894.334   914.501   -99.13   84.00
 169181.726   887.535   -93.82   78.75
 169469.104   878.114   -32.78   82.31
 169756.469   875.494    -9.12   85.12
 170043.819   866.986   -29.60   94.86
 170331.156   856.941   -34.96  104.99
 170618.479   845.975   -38.16  109.78
 170905.788   822.229   -82.64  111.92
 171193.083   792.765  -102.54  105.66
 171480.365   766.544   -91.26   93.50
 171767.632   741.526   -87.08   67.92
 172054.886   724.738   -58.44   38.18
 172342.126   716.168   -29.83   19.63
 172629.352   714.888    -4.45   18.07
 172916.565   714.260    -2.19   18.16
 173203.764   713.788    -1.64   18.99
 173490.948   709.153   -16.14   18.81
 173778.120   701.976   -24.99   16.66
 174065.277   696.663   -18.50   10.21
 174352.420   694.827    -6.39    8.94
 174639.550   698.058    11.25   17.53
 174926.666   717.070    66.21   62.76
 175213.768   734.541    60.84   80.65
 175500.857   751.088    57.63   89.01
 175787.931   763.842    44.42   88.89
 176074.992   781.961    63.11   89.41
 176362.039   796.190    49.56   85.75
 176649.073   812.364    56.34   85.09
 176936.092   822.805    36.37   82.97
 177223.098   835.770    45.17   82.08
 177510.090   842.335    22.87   81.63
 177797.412   843.961     5.66   78.84
 178087.381   836.555   -25.54   78.15
 178377.337   821.537   -51.79   78.18
 178667.278   802.070   -67.13   75.89
 178957.206   771.961  -103.83   62.77
 179247.119   755.712   -56.04   53.45
 179537.018   737.752   -61.94   46.70
 179826.903   721.902   -54.67   38.55
 180116.774   714.496   -25.54   38.20
 180406.631   711.732    -9.54   37.35
 180696.474   706.529   -17.95   32.70
 180986.303   711.200    16.12   36.31
 181276.118   714.867    12.65   42.97
 181565.918   735.484    71.13   59.42
 181855.705   756.200    71.48   63.06
 182145.478   768.173    41.31   56.34
 182435.236   769.438     4.36   51.46
 182724.981   768.077    -4.69   48.12
 183014.711   759.622   -29.18   48.12
 183304.428   745.398   -49.09   49.46
 183594.130   726.496   -65.24   41.47
 183883.819   708.409   -62.43   29.14
 184173.493   696.482   -41.17   25.84
 184463.154   690.879   -19.34   26.16
 184752.800   683.880   -24.16   18.76
 185042.432   682.759    -3.87   17.45
 185332.050   682.131    -2.17   15.38
 185621.655   680.835    -4.48   12.98
 185911.245   680.096    -2.55   11.87
 186200.821   679.958    -0.48   11.41
 186490.384   678.872    -3.75   11.35
 186779.932   678.058    -2.81   11.18
 187069.466   676.486    -5.43   10.37
 187358.986   674.581    -6.58    9.72
 187648.493   672.021    -8.84   10.36
 187937.985   669.183    -9.80    9.61
 188227.463   667.217    -6.79    7.57
 188516.927   666.380    -2.89    7.79
 188806.378   666.096    -0.98    8.02
 189095.814   666.774     2.34    8.85
 189385.236   666.673    -0.35    9.36
 189674.645   666.932     0.89    9.53
 189964.039   665.767    -4.02    9.27
 190253.420   665.872     0.36    9.32
 190542.786   667.258     4.79   10.10
 190832.139   671.230    13.73   19.45
 191121.477   676.096    16.82   27.56
 191410.802   688.562    43.08   51.10
 191700.112   699.275    37.02   60.23
 191989.409   715.185    54.99   70.75
 192278.692   728.820    47.13   78.97
 192567.960   745.596    57.99   89.54
 192857.215   767.026    74.07  102.44
 193146.456   786.754    68.20  104.31
 193435.683   804.570    61.59  106.29
 193724.896   825.573    72.61  107.67
 194014.095   855.055   101.93  103.74
 194303.280   872.452    60.15  100.88
 194592.451   902.750   104.76   86.99
 194881.609   929.702    93.20   77.70
 195170.752   959.239   102.14   49.18
 195459.881   978.496    66.59   42.94
 195748.997   991.452    44.81   43.83
 196038.099  1006.920    53.50   48.57
 196327.186  1014.947    27.76   45.26
 196616.260  1021.319    22.04   40.88
 196905.320  1030.122    30.45   40.53
 197194.366  1031.700     5.46   42.24
 197483.398  1033.971     7.86   50.48
 197772.416  1046.782    44.32   66.79
 198061.420  1061.335    50.35   74.49
 198350.411  1076.215    51.48   75.87
 198639.387  1087.073    37.57   70.95
 198928.350  1091.107    13.96   62.80
 199217.298  1085.431   -19.64   69.17
 199506.233  1054.439  -107.25   86.28
 199795.154  1040.335   -48.81   92.31
 200084.061  1021.306   -65.85   99.05
 200372.954  1007.155   -48.97  100.54
 200661.833   997.673   -32.82   96.40
 200950.699   976.335   -73.86   92.10
 201239.550   958.427   -61.99   93.15
 201528.388   909.170  -170.51  112.17
 201817.212   868.425  -141.05  104.69
 202106.022   843.570   -86.05   91.54
 202394.818   823.986   -67.80   78.73
 202683.600   816.258   -26.76   66.12
 202972.369   811.744   -15.63   52.81
 203261.123   816.642    16.96   49.44
 203549.864   830.599    48.33   52.26
 203838.591   855.380    85.81   46.62
 204127.304   869.864    50.16   35.36
 204416.003   869.275    -2.04   37.58
 204704.689   842.260   -93.56   82.06
 204993.360   809.017  -115.14  113.03
 205282.018   773.119  -124.34  123.45
 205570.662   736.230  -127.78  117.20
 205859.292   694.499  -144.56  101.97
 206147.908   664.394  -104.29   78.73
 206436.510   643.925   -70.91   60.12
 206725.099   640.511   -11.83   52.06
 207013.674   645.754    18.17   51.29
 207302.235   648.335     8.94   51.01
 207590.782   648.842     1.76   49.58
 207879.315   655.349    22.55   44.20
 208167.835   652.055   -11.42   42.03
 208456.340   646.122   -20.56   43.91
 208744.832   632.932   -45.72   45.26
 209033.311   626.418   -22.58   44.65
 209321.775   631.991    19.32   49.61
 209610.225   643.529    39.99   57.99
 209898.662   650.393    23.79   60.35
 210187.085   666.099    54.45   61.24
 210475.494   675.653    33.12   61.38
 210763.890   686.274    36.82   56.70
 211052.272   687.431     4.01   58.00
 211340.640   685.424    -6.96   57.88
 211628.994   678.215   -25.00   57.91
 211917.334   674.320   -13.51   54.97
 212205.661   671.394   -10.15   50.69
 212493.973   685.678    49.53   55.35
 212782.272   707.150    74.47   61.08
 213070.558   723.462    56.57   70.03
 213358.829   736.514    45.27   73.48
 213647.087   753.693    59.59   76.07
 213935.331   761.158    25.89   75.77
 214223.562   759.516    -5.69   77.19
 214511.778   746.761   -44.25   87.82
 214799.981   725.381   -74.17   89.32
 215088.170   713.638   -40.74   82.72
 215376.345   693.365   -70.33   62.96
 215664.507   674.215   -66.45   51.36
 215952.655   667.540   -23.16   51.95
 216240.789   661.767   -20.03   51.89
 216528.909   654.976   -23.57   53.59
 216817.016   647.491   -25.98   45.27
 217105.109   651.274    13.13   41.61
 217393.188   660.488    31.98   50.41
 217681.254   679.200    64.95   59.67
 217969.306   700.393    73.56   59.85
 218257.344   720.683    70.43   57.39
 218545.368   741.547    72.42   48.03
 218833.379   761.553    69.45   43.80
 219121.376   781.229    68.31   42.19
 219409.360   794.858    47.32   41.17
 219697.329   809.486    50.79   44.33
 219985.285   821.643    42.21   42.86
 220273.227   833.698    41.86   38.49
 220561.156   843.668    34.62   34.65
 220849.071   852.069    29.17   34.27
 221136.972   847.232   -16.80   37.49
 221424.859   843.673   -12.36   39.91
 221712.733   845.902     7.74   41.43
 222000.593   845.540    -1.25   53.86
 222288.440   846.230     2.40   54.47
 222576.273   848.767     8.81   61.84
 222864.092   854.950    21.48   64.61
 223151.897   859.717    16.56   65.82
 223439.689   854.890   -16.77   67.77
 223727.467   852.232    -9.24   65.59
 224015.232   854.917     9.33   65.09
 224302.983   852.249    -9.27   60.02
 224590.720   850.126    -7.38   58.15
 224878.444   858.319    28.47   56.13
 225166.154   873.032    51.13   56.42
 225453.850   890.818    61.81   55.84
 225741.532   898.469    26.59   58.32
 226029.201   907.200    30.35   60.62
 226316.857   915.540    28.99   63.57
 226604.499   930.558    52.20   58.94
 226892.127   943.274    44.20   57.13
 227179.741   949.547    21.81   56.08
 227467.342   960.176    36.95   49.47
 227754.929   965.910    19.94   37.66
 228042.503   963.782    -7.40   34.25
 228330.063   963.085    -2.43   28.92
 228617.609   959.708   -11.74   28.06
 228905.142   957.767    -6.75   25.96
 229192.661   960.642    10.00   26.27
 229480.167   964.804    14.47   26.99
 229767.659   974.965    35.34   29.02
 230055.137   979.036    14.16   27.76
 230342.602   976.614    -8.42   29.20
 230630.053   976.782     0.59   31.59
 230917.490   981.469    16.30   35.51
 231204.914   981.225    -0.85   40.06
 231492.325   984.092     9.97   48.08
 231779.722   990.581    22.57   53.86
 232067.105   995.713    17.86   55.56
 232354.474   986.230   -32.99   69.57
 232641.830   972.153   -48.98   79.38
 232929.173   937.229  -121.52  107.56
 233216.502   891.585  -158.83  128.10
 233503.817   828.395  -219.89  147.03
 233791.119   768.119  -209.76  147.46
 234078.407   717.842  -174.97  124.05
 234365.682   684.952  -114.47   91.60
 234652.943   656.529   -98.93   65.49
 234940.190   639.835   -58.11   58.68
 235227.424   628.396   -39.82   60.16
 235514.645   611.155   -60.01   66.58
 235801.852   594.160   -59.16   63.47
 236089.045   582.744   -39.74   59.53
 236376.225   578.408   -15.09   53.80
 236663.391   577.349    -3.69   50.38
 236950.544   583.599    21.76   57.04
 237237.683   598.335    51.31   63.54
 237524.809   607.976    33.57   67.85
 237811.921   625.451    60.85   69.30
 238099.019   633.185    26.93   80.83
 238386.105   668.618   123.40   88.78
 238673.176   680.349    40.86   99.89
 238960.234   701.066    72.16   94.22
 239247.279   701.516     1.57   95.38
 239534.310   701.273    -0.85   97.14
 239821.327   678.125   -80.64  108.31
 240110.278   628.260  -172.54  141.80
 240400.233   570.812  -198.09  132.95
 240690.173   529.482  -142.52  110.27
 240980.100   516.364   -45.23   93.59
 241270.013   523.111    23.27   95.57
 241559.913   538.458    52.93  101.97
 241849.798   557.581    65.96   99.10
 242139.670   581.047    80.94   97.99
 242429.528   619.947   134.18   71.93
 242719.372   641.790    75.35   45.65
 243009.202   654.409    43.53   34.51
 243299.018   659.723    18.33   39.79
 243588.821   668.413    29.98   40.12
 243878.610   678.596    35.13   38.27
 244168.385   691.484    44.47   38.77
 244458.146   708.185    57.63   43.02
 244747.894   726.864    64.45   46.59
 245037.627   748.603    75.02   53.91
 245327.347   770.424    75.30   58.38
 245617.053   790.560    69.49   57.13
 245906.745   803.273    43.87   48.19
 246196.424   807.986    16.27   42.10
 246486.089   808.185     0.69   41.24
 246775.740   795.967   -42.17   48.78
 247065.377   780.319   -54.01   50.91
 247355.000   763.021   -59.72   49.00
 247644.610   760.335    -9.27   44.96
 247934.206   767.439    24.53   46.13
 248223.788   770.857    11.80   46.08
 248513.356   772.114     4.34   44.47
 248802.911   774.947     9.78   41.37
 249092.452   783.880    30.85   41.71
 249381.979   793.456    33.07   42.43
 249671.492   801.557    27.98   42.72
 249960.992   818.658    59.06   51.24
 250250.478   838.409    68.21   66.06
 250539.950   862.908    84.62   69.91
 250829.408   888.021    86.74   65.10
 251118.853   917.319   101.20   61.56
 251408.284   945.713    98.08   72.09
 251697.701   976.904   107.75   75.93
 251987.104   992.158    52.70   72.10
 252276.494  1003.698    39.87   68.75
 252565.870  1012.143    29.18   64.26
 252855.232  1011.514    -2.18   52.96
 253144.581   997.573   -48.17   56.76
 253433.916   971.706   -89.39   61.25
 253723.237   948.781   -79.22   61.43
 254012.544   925.648   -79.94   61.27
 254301.838   893.126  -112.40   63.92
 254591.118   869.379   -82.07   62.27
 254880.385   850.535   -65.13   53.31
 255169.637   849.200    -4.61   48.96
 255458.876   846.515    -9.28   41.33
 255748.101   846.910     1.37   45.32
 256037.313   842.938   -13.73   62.96
 256326.511   827.306   -54.04   79.20
 256615.695   809.349   -62.08   98.00
 256904.866   779.022  -104.86  102.95
 257194.023   755.274   -82.11   94.19
 257483.166   738.738   -57.18   71.32
 257772.295   743.986    18.15   66.88
 258061.411   766.469    77.75   79.34
 258350.513   806.555   138.63   94.48
 258639.602   851.188   154.36  104.00
 258928.677   896.622   157.14  111.64
 259217.738   933.835   128.71  111.19
 259506.785   960.600    92.58   95.49
 259795.819   974.599    48.42   76.53
 260084.839   975.081     1.67   70.22
 260373.846   959.585   -53.61   71.78
 260662.839   938.872   -71.66   67.37
 260951.818   912.077   -92.70   48.58
 261240.784   893.906   -62.87   28.91
 261529.736   887.642   -21.67   19.29
 261818.674   889.678     7.04   24.25
 262107.599   894.141    15.44   28.76
 262396.510   901.364    25.00   32.74
 262685.408   905.215    13.33   31.21
 262974.291   910.364    17.82   27.83
 263263.162   908.964    -4.85   26.51
 263552.018   902.350   -22.89   21.60
 263840.861   895.349   -24.23   19.39
 264129.691   889.246   -21.13   18.94
 264418.506   884.947   -14.88   18.89
 264707.309   878.708   -21.60   18.75
 264996.097   874.081   -16.02   18.04
 265284.872   870.908   -10.98   17.67
 265573.633   871.425     1.79   18.66
 265862.381   870.379    -3.62   20.06
 266151.115   869.364    -3.52   19.68
 266439.836   868.514    -2.94   18.99
 266728.543   871.812    11.42   20.30
 267017.236   874.673     9.91   20.29
 267305.916   870.398   -14.81   19.67
 267594.582   867.622    -9.61   18.65
 267883.235   866.633    -3.43   16.80
 268171.874   868.290     5.74   17.56
 268460.499   871.961    12.72   18.20
 268749.111   876.423    15.45   21.20
 269037.710   880.725    14.90   21.69
 269326.294   883.910    11.03   21.60
 269614.866   885.729     6.30   20.25
 269903.423   888.070     8.11   18.79
 270191.967   888.864     2.75   17.69
 270480.498   891.096     7.73   18.51
 270769.015   894.516    11.85   17.70
 271057.518   897.512    10.38   19.33
 271346.008   900.259     9.52   19.44
 271634.485   902.038     6.17   21.03
 271922.947   902.812     2.68   20.73
 272211.397   904.606     6.22   20.35
 272499.832   909.276    16.19   21.57
 272788.254   919.499    35.44   32.33
 273076.663   934.335    51.43   43.01
 273365.058   955.202    72.34   56.23
 273653.440   967.811    43.71   53.83
 273941.808   978.952    38.63   54.26
 274230.162   991.379    43.09   53.67
 274518.503  1002.275    37.78   52.78
 274806.831   992.547   -33.73   65.40
 275095.145   968.620   -82.97   98.15
 275383.445   928.759  -138.23  127.73
 275671.732   879.488  -170.87  129.75
 275960.006   845.789  -116.88  117.96
 276248.266   826.781   -65.93  104.94
 276536.512   812.141   -50.78   92.43
 276824.745   800.631   -39.92   90.07
 277112.965   794.319   -21.90   85.56
 277401.171   780.150   -49.15   75.19
 277689.363   769.181   -38.05   69.34
 277977.542   767.349    -6.35   66.16
 278265.708   768.765     4.91   68.05
 278553.860   782.122    46.34   80.18
 278841.998   799.719    61.06   86.94
 279130.123   812.410    44.04   81.15
 279418.235   825.652    45.95   69.59
 279706.333   836.260    36.81   61.60
 279994.418   851.394    52.52   57.93
 280282.489   852.558     4.04   61.61
 280570.547   847.544   -17.41   58.25
 280858.591   849.535     6.91   61.74
 281146.622   841.026   -29.53   71.15
 281434.639   829.222   -40.97   70.41
 281722.643   826.776    -8.49   66.91
 282010.633   830.379    12.51   67.01
 282298.610   830.263    -0.40   61.10
 282586.574   838.349    28.07   62.96
 282874.524   853.538    52.73   70.95
 283162.461   881.789    98.10   79.68
 283450.384   901.286    67.70   79.24
 283738.294   923.335    76.56   75.25
 284026.190   941.917    64.53   74.10
 284314.073   958.893    58.96   66.95
 284601.942   971.693    44.45   64.92
 284889.798   976.789    17.70   65.21
 285177.641   978.577     6.21   65.13
 285465.470   988.006    32.75   62.99
 285753.286  1000.723    44.17   57.01
 286041.089  1004.812    14.21   50.83
 286328.878  1010.349    19.24   40.06
 286616.653  1012.603     7.83   37.37
 286904.415  1003.424   -31.89   48.26
 287192.164   986.779   -57.83   52.69
 287479.899   969.971   -58.40   57.29
 287767.621   959.229   -37.33   59.47
 288055.330   949.155   -35.00   60.58
 288343.025   943.467   -19.77   71.19
 288630.707   940.126   -11.61   76.70
 288918.375   950.155    34.86   88.77
 289206.030   941.786   -29.09   94.42
 289493.672   936.580   -18.09   94.29
 289781.300   917.835   -65.16   89.76
 290068.915   909.635   -28.50   86.87
