#  195.120   0.952  23.710 ;Mean Elev.(m), Avg Gradient(m/km), RMS Gradient(m/km) - SRTM1     
#  212.484   0.855  22.493 ;Mean Elev.(m), Avg Gradient(m/km), RMS Gradient(m/km) - ASTER GDEM
#  197.090   0.710  22.778 ;Mean Elev.(m), Avg Gradient(m/km), RMS Gradient(m/km) - GMTED2010 
   9 105.883340  28.913684   246.486   251.781 10 54742.38906849 25.207
  10 105.881201  28.912977   368.692   368.534 12 54752.30471528 15.648
  11 105.881604  28.912510   336.700   336.776 13 54762.22036210 17.263
  19 105.889100  28.919272   370.945   371.011  3 54841.54549448 16.201
  20 105.881876  28.913273   349.687   350.346 13 54851.46114171 20.370
  21 105.880358  28.917078   361.972   363.110 12 54861.37679118 20.368
  22 105.881137  28.921563   324.586   330.055 10 54871.29244111 25.434
  23 105.879866  28.916225   367.866   368.550 12 54881.20808735 19.779
  24 105.880745  28.912109   370.014   369.865 13 54891.12373066 19.085
  25 105.882169  28.912550   358.657   359.243 13 54901.03937181 19.885
  26 105.880973  28.912286   333.599   333.793 13 54910.95501048 22.581
  27 105.880942  28.914181   372.210   372.455 13 54920.87064831 18.470
  28 105.881738  28.912062   342.869   344.456 13 54930.78628480 22.201
  35 105.889050  28.918707   374.600   374.600  2 55000.19578681 11.001
  36 105.888177  28.918445   376.711   376.257  4 55010.11143209  8.958
  37 105.887462  28.917587   376.552   376.261  5 55020.02707554  8.257
  38 105.884655  28.913998   359.181   361.842  9 55029.94271685 10.966
  39 105.882916  28.911952   382.975   382.415 12 55039.85835780  6.963
  40 105.887723  28.917821   349.690   350.572  6 55049.77399950 12.236
  45 105.882268  28.911127   357.648   358.020 13 55099.35221949 17.234
  46 105.881541  28.913131   363.834   363.225 13 55109.26786607 17.538
  47 105.882259  28.911766   336.934   336.858 13 55119.18351082 18.276
  48 105.888540  28.918890   356.289   356.242  3 55129.09915521 17.612
  56 105.881478  28.909680   336.087   336.200 13 55208.42429021 20.787
  57 105.881117  28.913416   356.910   358.317 13 55218.33994048 19.956
  58 105.880551  28.913834   339.705   343.399 13 55228.25558937 22.429
  59 105.880639  28.912234   355.319   355.804 13 55238.17123487 19.702
  60 105.881945  28.911651   349.625   349.807 13 55248.08687703 19.876
  61 105.882035  28.911036   370.441   371.056 13 55258.00251644 17.554
  62 105.881516  28.910409   356.524   356.623 13 55267.91815470 19.789
  63 105.881671  28.910422   372.362   372.159 13 55277.83379257 16.321
  64 105.888387  28.918756   370.106   370.703  5 55287.74943142 17.803
  70 105.889091  28.918964   356.358   356.290  3 55347.24328781 17.988
  71 105.889837  28.919911   355.636   355.636  2 55357.15893071 16.869
  72 105.889520  28.919007   370.626   370.626  2 55367.07457098 13.137
  80 105.889042  28.919373   342.918   342.876  4 55446.39971417 17.587
  81 105.886126  28.915927   342.667   343.720  8 55456.31535689 16.265
  82 105.887259  28.917200   341.670   343.000  5 55466.23100025 15.817
  90 105.888616  28.919385   356.627   356.639  4 55545.55613909 18.365
  91 105.882396  28.911059   347.128   347.243 12 55555.47178068 19.116
  92 105.881118  28.910973   368.199   368.217 13 55565.38742363 18.119
  93 105.883496  28.912807   359.187   360.413 10 55575.30306677 18.385
 109 105.889575  28.919347   358.472   358.472  2 55733.95333769 12.478
 110 105.886161  28.916277   341.444   342.408  8 55743.86898232 13.317
 111 105.887000  28.917105   383.765   384.167  6 55753.78462661  6.173
 129 105.886909  28.916728   371.206   370.712  6 55932.26619036 15.126
 130 105.889210  28.919021   370.261   370.323  3 55942.18183875 15.896
 140 105.888922  28.919513   370.581   370.778  3 56041.33825601 16.772
 146 105.888377  28.919241   355.640   355.593  4 56100.83211339 12.969
 147 105.889240  28.919366   362.714   362.714  2 56110.74774449 11.680
 165 105.888308  28.918452   367.685   367.979  5 56289.22931868 17.096
 166 105.888114  28.918406   358.908   361.279  5 56299.14496753 18.700
 167 105.889172  28.919314   370.261   370.242  3 56309.06061259 15.465
 168 105.889047  28.918633   367.847   367.847  2 56318.97625454 16.599
 169 105.888313  28.918510   356.825   356.805  4 56328.89189524 17.840
 170 105.889521  28.919612   369.524   369.524  2 56338.80753534 16.547
 175 105.884698  28.913918   354.390   356.377 10 56388.38575008 19.029
 176 105.882918  28.911856   372.339   372.104 11 56398.30139315 16.784
 177 105.886804  28.916902   344.766   345.619  6 56408.21703571 20.509
 181 105.886227  28.916026   368.559   369.727  8 56447.87960947 13.029
 182 105.882585  28.911409   376.288   375.261 12 56457.79525694  9.868
 183 105.883987  28.913450   378.930   379.375 11 56467.71090291  9.077
 184 105.888336  28.918613   374.674   374.112  5 56477.62654578  9.446
 193 105.887749  28.918137   336.399   337.069  5 56566.86732804 16.633
 194 105.889095  28.919453   370.196   370.045  4 56576.78296943 13.599
 198 105.889025  28.918630   371.284   371.284  2 56616.44554556 14.944
 199 105.889150  28.919890   350.900   350.998  3 56626.36118982 18.851
 203 105.889653  28.920116   370.848   370.507  3 56666.02377282 14.397
 204 105.886708  28.916949   371.423   371.152  6 56675.93941722 14.097
 205 105.884953  28.914367   358.217   359.986  8 56685.85506054 16.963
 206 105.888873  28.919452   353.283   353.183  3 56695.77070381 17.438
 210 105.883551  28.912551   337.997   338.090 10 56735.43327425 19.068
 211 105.881426  28.913824   372.084   372.341 13 56745.34892080 17.444
 212 105.882168  28.912201   345.190   345.399 13 56755.26456278 20.474
 215 105.887396  28.917529   355.515   356.722  6 56785.01149602 18.875
 216 105.880487  28.913799   372.104   372.188 13 56794.92714756 17.272
 217 105.880043  28.917849   376.177   373.160 12 56804.84279727 14.100
 218 105.880699  28.914182   366.213   367.299 13 56814.75843851 17.173
 219 105.884903  28.914432   346.917   347.844  8 56824.67407739 15.099
 224 105.886975  28.916785   378.655   378.640  6 56874.25229607  8.633
 225 105.884998  28.914644   376.465   375.520  8 56884.16794565 10.180
 226 105.882943  28.911888   347.720   348.324 11 56894.08359185 17.219
 227 105.880900  28.911406   373.313   373.394 13 56903.99923512 14.348
 228 105.880807  28.915721   370.453   371.791 13 56913.91487729 16.813
 229 105.880273  28.914078   374.379   373.877 13 56923.83051638 15.322
 230 105.882590  28.911358   373.963   373.191 12 56933.74615294 12.712
 234 105.886546  28.916584   348.635   350.351  7 56973.40872879 18.681
 235 105.885176  28.914436   360.473   362.202  8 56983.32436984 18.151
 240 105.885323  28.914874   351.999   353.190  8 57032.90260054 18.407
 241 105.883024  28.912225   350.121   350.518 12 57042.81824586 18.727
 242 105.886908  28.917351   357.467   358.759  6 57052.73389098 18.810
 247 105.885236  28.915099   343.609   344.504  8 57102.31209863 18.938
 248 105.881579  28.911326   365.862   365.254 13 57112.22775144 18.274
 249 105.884542  28.913842   365.911   366.506 10 57122.14340014 18.366
 250 105.889240  28.919820   345.465   345.294  3 57132.05904397 19.102
 257 105.889183  28.918712   380.797   380.797  2 57201.46855389  7.196
 258 105.885617  28.915201   361.710   364.727  8 57211.38418714 12.162
 259 105.885830  28.915928   372.359   371.854  8 57221.29983140  9.981
 260 105.889088  28.919487   373.568   371.315  3 57231.21547522  8.760
 267 105.888555  28.918704   335.634   335.520  4 57300.62498404 16.946
 268 105.889004  28.919555   370.575   370.531  3 57310.54063276 12.703
 269 105.885407  28.915150   344.016   344.785  9 57320.45627693 17.609
 270 105.881184  28.910305   373.515   373.274 13 57330.37191846 14.865
 271 105.881551  28.910942   348.855   349.306 13 57340.28755946 18.486
 272 105.881772  28.913410   351.636   351.846 13 57350.20321063 18.165
 273 105.883183  28.912300   373.767   373.586 12 57360.11885623 14.858
 274 105.889094  28.919549   368.026   367.909  4 57370.03450061 16.996
 281 105.884677  28.914175   344.741   345.468 10 57439.44400309 19.012
 282 105.881996  28.912399   372.320   372.682 13 57449.35964941 16.434
 283 105.881095  28.910828   359.188   359.843 13 57459.27529464 19.651
 284 105.885452  28.914852   368.683   368.549  8 57469.19093834 17.342
 293 105.889501  28.919689   349.510   349.370  3 57558.43173936 14.369
 294 105.886799  28.916539   352.659   353.957  6 57568.34738393 13.285
 295 105.886654  28.916374   373.975   374.471  6 57578.26302882  9.266
 296 105.889049  28.919283   352.557   352.451  3 57588.17867310 13.143
