#   34.204  -3.095   8.786 ;Mean Elev.(m), Avg Gradient(m/km), RMS Gradient(m/km) - SRTM1     
#   30.115  -2.988   8.348 ;Mean Elev.(m), Avg Gradient(m/km), RMS Gradient(m/km) - ASTER GDEM
#   34.798  -3.046   8.721 ;Mean Elev.(m), Avg Gradient(m/km), RMS Gradient(m/km) - GMTED2010 
   1 111.644862  30.366064    52.632    52.785  6 54659.49729911 22.272
   2 111.643219  30.364149    50.418    50.578  7 54669.41294506 28.734
   4 111.644201  30.364982    43.823    44.397  7 54689.24423200 28.162
   6 111.647331  30.367563    43.348    43.345  6 54709.07551698 31.695
   8 111.641609  30.360010    43.059    41.605  7 54728.90681870 29.438
   9 111.638879  30.358140    41.854    40.435  8 54738.82246607 29.517
  10 111.638581  30.356737    40.387    39.437  7 54748.73811329 28.917
  11 111.638870  30.357053    36.440    36.445  7 54758.65375987 43.624
  12 111.639190  30.358962    36.818    36.878  8 54768.56940386 43.472
  13 111.640557  30.358372    58.261    60.543  9 54778.48504512 21.506
  14 111.640585  30.359099    62.052    64.543  8 54788.40068369 19.425
  15 111.641268  30.359118    36.794    36.816  8 54798.31632173 38.927
  16 111.642161  30.362772    35.898    35.870  7 54808.23195931 39.712
  17 111.644777  30.366068    34.970    34.921  6 54818.14759667 42.577
  18 111.644684  30.365043    36.769    34.816  6 54828.06324816 31.795
  19 111.642195  30.363369    35.232    35.270  7 54837.97888762 43.084
  20 111.640849  30.358113    35.734    35.696  8 54847.89453809 42.955
  21 111.638507  30.358214    35.835    35.834  8 54857.81018664 47.352
  22 111.638584  30.357789    36.130    36.050  8 54867.72583545 47.046
  23 111.639305  30.357539    35.450    35.414  8 54877.64148345 31.997
  24 111.639474  30.358484    48.955    50.635  8 54887.55712812 25.968
  25 111.638508  30.357332    36.175    36.209  8 54897.47276973 45.718
  26 111.637680  30.354891    36.146    36.066  8 54907.38840920 45.938
  27 111.637838  30.354708    39.464    35.787  8 54917.30404731 28.936
  28 111.638974  30.357117    35.620    35.590  7 54927.21968502 39.212
  29 111.641091  30.360099    40.315    35.625  7 54937.13532214 29.787
  30 111.642880  30.363832    37.439    37.417  6 54947.05095727 44.114
  31 111.644990  30.365427    41.202    42.135  7 54956.96659138 31.662
  32 111.642995  30.363666    44.088    43.287  7 54966.88224025 29.769
  33 111.641841  30.361892    69.938    70.605  6 54976.79788795 19.127
  34 111.642109  30.360142   123.726   123.664  7 54986.71353561  3.403
  35 111.641803  30.361928    45.547    48.612  7 54996.62918259 28.226
  36 111.642023  30.362211    39.289    39.280  6 55006.54482822 34.337
  37 111.641838  30.361730    45.107    43.310  7 55016.46047184 27.349
  38 111.641138  30.361420    44.719    44.002  7 55026.37611410 25.806
  39 111.641691  30.360281    43.007    41.608  7 55036.29175638 28.299
  40 111.642181  30.362952    49.064    48.848  6 55046.20739717 23.786
  41 111.644551  30.364408    46.240    42.465  6 55056.12303663 26.970
  42 111.645676  30.365667    58.871    58.631  6 55066.03867371 18.961
  43 111.642852  30.363366    42.580    41.890  6 55075.95432324 28.713
  44 111.640442  30.359195    40.732    39.207  8 55085.86997165 29.955
  45 111.638591  30.358026    40.493    39.109  8 55095.78561770 30.917
  46 111.638801  30.357554    36.956    36.998  8 55105.70126340 45.591
  47 111.639698  30.357379    39.176    36.085  8 55115.61690875 27.576
  48 111.639831  30.358452    36.512    36.603  8 55125.53255139 43.809
  49 111.640109  30.358764    70.721    69.085  8 55135.44819171 21.862
  50 111.641037  30.358105    80.366    83.312  8 55145.36383039 15.463
  51 111.641273  30.360494    35.612    35.641  8 55155.27946798 44.894
  52 111.642313  30.362758    35.539    35.596  6 55165.19510607 41.663
  53 111.644448  30.364536    34.949    34.963  7 55175.11074421 39.181
  54 111.645942  30.365357    34.892    34.921  6 55185.02638501 35.026
  55 111.643628  30.363794    35.182    35.146  6 55194.94203660 43.895
  56 111.641644  30.360754    39.768    35.438  7 55204.85768703 33.965
  57 111.641405  30.357729    35.608    35.640  8 55214.77333677 47.876
  58 111.640227  30.358484    35.730    35.717  8 55224.68898502 48.015
  59 111.640482  30.356742    35.768    35.837  8 55234.60463197 47.431
  60 111.639159  30.358364    35.603    35.591  8 55244.52027484 41.520
  61 111.638470  30.356660    35.844    35.859  7 55254.43591556 47.613
  62 111.637754  30.355836    35.769    35.766  8 55264.35155454 47.864
  63 111.638513  30.356962    84.598    84.365  8 55274.26719255 15.281
  64 111.640965  30.358603    57.659    50.285  8 55284.18283016 36.343
  65 111.642173  30.363052    35.392    35.389  6 55294.09846562 44.131
  66 111.643102  30.363743    35.247    35.180  7 55304.01410349 42.535
  67 111.641964  30.360075    35.396    35.416  7 55313.92975183 39.966
  68 111.641224  30.358968    37.390    37.450  8 55323.84539746 40.950
  69 111.641016  30.360233    37.846    37.880  8 55333.76104113 38.736
  70 111.641801  30.360422    72.839    79.431  7 55343.67668481 22.587
  71 111.641794  30.361629    39.745    39.726  7 55353.59232764 32.077
  72 111.641892  30.362556    73.318    74.911  6 55363.50796845 22.570
  73 111.642630  30.362569    45.025    47.963  7 55373.42360778 27.310
  74 111.643466  30.364290    45.995    44.214  7 55383.33924568 26.510
  75 111.645379  30.364866    54.411    54.650  6 55393.25488326 23.706
  76 111.647118  30.367412    48.093    46.594  7 55403.17051940 24.958
  77 111.644561  30.366321    61.753    65.012  6 55413.08617152 23.102
  78 111.642539  30.362540    45.133    40.285  6 55423.00182137 29.256
  79 111.641073  30.358553    55.507    55.844  8 55432.91746854 20.017
  80 111.639856  30.356706    40.970    40.998  8 55442.83311326 30.087
  81 111.639337  30.357926    42.812    42.827  8 55452.74875579 30.980
  82 111.640888  30.359080    41.626    40.421  8 55462.66439762 31.933
  83 111.641738  30.361544    36.711    36.703  7 55472.58003719 42.220
  84 111.642165  30.362872    38.117    36.063  6 55482.49567417 34.945
  85 111.642550  30.362972    39.320    37.430  6 55492.41130931 30.146
  86 111.644120  30.364187    42.029    44.498  7 55502.32694296 30.285
  87 111.644354  30.364100    37.235    35.561  6 55512.24258872 30.474
  88 111.643897  30.364104    35.290    35.257  6 55522.15823862 34.240
  89 111.642685  30.364078    35.266    35.251  6 55532.07388717 42.385
  90 111.641342  30.362766    35.337    35.365  7 55541.98953426 39.542
  91 111.641026  30.360127    35.376    35.325  8 55551.90517955 44.310
  92 111.640755  30.359393    72.423    72.288  8 55561.82082286 17.554
  93 111.641265  30.361379    35.791    35.760  7 55571.73646483 42.950
  94 111.642273  30.363114    35.986    35.949  7 55581.65210559 42.067
  95 111.642889  30.363934    35.834    35.839  6 55591.56774332 42.038
  96 111.643401  30.364194    47.383    46.645  6 55601.48337791 25.887
  97 111.644143  30.364364    35.348    35.336  6 55611.39901057 42.644
  98 111.645102  30.366973    35.141    35.077  6 55621.31464295 41.755
  99 111.644215  30.364247    35.317    35.262  7 55631.23029666 41.414
 100 111.643487  30.364231    35.441    35.425  7 55641.14594785 36.234
 101 111.642594  30.363822    35.992    35.996  6 55651.06159639 42.958
 102 111.641157  30.361880    36.178    36.195  7 55660.97724139 43.572
 103 111.640743  30.358633    37.875    36.465  9 55670.89288325 39.972
 104 111.641544  30.358053    36.054    36.079  8 55680.80852274 36.227
 105 111.642491  30.363821    36.195    36.165  7 55690.72415897 39.764
 106 111.645889  30.366311    37.154    37.172  7 55700.63979436 42.641
 107 111.647129  30.367645    37.255    37.224  6 55710.55543386 42.256
 108 111.644674  30.365625    38.865    37.505  6 55720.47108374 32.172
 109 111.642842  30.362925    75.157    72.363  7 55730.38673176 22.261
 110 111.641798  30.362503    57.206    60.111  7 55740.30237828 23.139
 111 111.642244  30.361937    42.701    41.649  7 55750.21802388 28.001
 112 111.642615  30.362991    38.663    38.693  7 55760.13366689 38.527
 113 111.642934  30.363189    55.388    55.818  7 55770.04930719 24.392
 114 111.642432  30.363285    41.769    41.762  6 55779.96494407 38.950
 115 111.643204  30.362841    41.898    40.537  6 55789.88057840 28.412
 116 111.644406  30.365938    37.285    37.325  6 55799.79621068 37.460
 117 111.645061  30.364503    38.960    37.055  6 55809.71185796 27.344
 118 111.644843  30.365715    58.006    64.336  7 55819.62750616 21.757
 119 111.645196  30.366230    40.424    39.537  7 55829.54315007 27.236
 120 111.645305  30.365044    35.936    35.952  6 55839.45878988 42.039
 121 111.644123  30.365375    36.088    36.093  6 55849.37442640 43.197
 122 111.645076  30.366268    37.760    36.152  6 55859.29006128 29.881
 123 111.645042  30.365371    38.395    37.248  7 55869.20571079 41.582
 124 111.644971  30.365961    38.877    37.006  6 55879.12136236 29.853
 125 111.645789  30.365090    36.313    36.330  6 55889.03700766 38.395
 126 111.644975  30.366641    35.177    35.155  6 55898.95264647 38.410
 127 111.645897  30.367117    35.077    35.059  6 55908.86828059 39.319
 128 111.644046  30.364538    35.297    35.345  6 55918.78393061 42.050
 129 111.642820  30.362687    35.051    35.032  6 55928.69958361 40.616
 130 111.642247  30.362479    35.520    35.578  6 55938.61523269 44.530
 131 111.641851  30.360717    41.812    42.643  7 55948.53087723 26.741
 132 111.641047  30.359686    37.359    35.405  8 55958.44651716 29.342
 133 111.641057  30.359261    82.588    84.746  8 55968.36215487 16.102
 134 111.642413  30.360598    35.635    35.618  7 55978.27779171 44.584
 135 111.644133  30.364832    36.807    35.118  6 55988.19342749 30.924
 136 111.645493  30.367009    34.830    34.809  6 55998.10906804 39.996
 137 111.643867  30.365090    36.510    35.102  7 56008.02471990 37.272
 138 111.642157  30.362254    35.423    35.483  6 56017.94036765 46.102
 139 111.641234  30.358607    80.547    86.363  8 56027.85601247 23.676
 140 111.640874  30.358214    87.490    87.556  8 56037.77165476 22.561
 141 111.641569  30.362257    36.200    36.182  7 56047.68729419 46.149
 142 111.644053  30.365406    39.487    38.201  6 56057.60293111 34.213
 143 111.647860  30.367419    40.574    39.110  6 56067.51856405 27.074
 144 111.645311  30.366416    42.876    43.415  6 56077.43421331 27.347
 145 111.643098  30.363290    45.464    46.160  6 56087.34986242 27.097
 146 111.641645  30.362739    37.821    37.905  7 56097.26550879 41.611
 147 111.641812  30.362894    52.531    55.677  7 56107.18115313 26.104
 148 111.642472  30.363571    65.727    70.865  7 56117.09678305 22.258
 149 111.643431  30.364502    44.791    44.783  6 56127.01242081 45.650
 150 111.644515  30.364660    45.430    45.403  7 56136.92805485 38.984
 151 111.643432  30.363140    42.086    42.070  6 56146.84369955 33.221
 152 111.642187  30.362380    43.260    41.926  7 56156.75934863 29.953
 153 111.641978  30.362644    39.808    39.810  6 56166.67499659 37.207
 154 111.642572  30.362408    41.504    41.498  6 56176.59064226 30.084
 155 111.642762  30.363654    42.608    40.303  7 56186.50628275 28.061
 156 111.642854  30.364200    57.031    54.325  6 56196.42191972 23.090
 157 111.643926  30.364478    39.232    39.216  7 56206.33755409 34.931
 158 111.645987  30.366261    66.596    66.968  7 56216.25318701 21.767
 159 111.647165  30.368597    38.572    36.765  6 56226.16882739 37.688
 160 111.646147  30.367135    36.202    36.239  7 56236.08448308 42.140
 161 111.644943  30.365034    36.002    36.028  6 56246.00013499 33.464
 162 111.643317  30.363947    35.728    35.709  6 56255.91578149 35.473
 163 111.642633  30.363448    35.236    35.252  7 56265.83142394 46.347
 164 111.643150  30.362769    35.288    35.290  6 56275.74706468 43.192
 165 111.642282  30.363425    35.085    35.164  7 56285.66271035 39.882
 166 111.641891  30.360778    40.335    35.433  7 56295.57836094 29.075
 167 111.640362  30.359687    37.359    35.537  8 56305.49400701 38.292
 168 111.640196  30.357408    35.592    35.586  8 56315.40965016 36.944
 169 111.640206  30.358105    84.601    86.310  9 56325.32529113 16.181
 170 111.641767  30.359671    35.547    35.505  7 56335.24093140 47.824
 171 111.642577  30.363795    35.170    35.189  6 56345.15657016 44.709
 172 111.644281  30.365318    35.053    35.056  6 56355.07220718 43.700
 173 111.642920  30.363981    35.241    35.214  7 56364.98785313 44.667
 174 111.641322  30.360483    35.280    35.271  7 56374.90350280 41.146
 176 111.641500  30.358072    35.755    35.784  8 56394.73479282 42.556
 177 111.642018  30.361336    36.316    36.260  7 56404.65043379 42.683
 178 111.643763  30.363452    35.491    35.527  6 56414.56607196 44.729
 179 111.645771  30.366429    37.075    37.109  6 56424.48170517 39.525
 180 111.644383  30.366004    42.297    41.903  6 56434.39735115 25.299
 181 111.642145  30.362057    41.328    39.760  7 56444.31300385 34.631
 182 111.641469  30.359339    44.297    41.459  8 56454.22865406 28.146
 183 111.640979  30.358548    37.527    37.561  8 56464.14430120 45.383
 184 111.640493  30.358858    53.396    48.934  8 56474.05994464 21.247
 185 111.640523  30.359153    41.961    41.976  8 56483.97558469 25.356
 186 111.641053  30.360152    62.846    63.611  7 56493.89122121 23.954
 187 111.642949  30.362969    42.226    42.237  6 56503.80685507 31.605
 188 111.646578  30.367217    42.125    42.105  6 56513.72248704 31.561
 189 111.646458  30.366984    41.878    41.779  6 56523.63813683 23.452
 190 111.644613  30.365195    39.123    37.824  6 56533.55378833 37.922
 192 111.641751  30.359866    40.791    39.164  7 56553.38508120 26.925
 193 111.642061  30.359924    37.981    37.989  7 56563.30072396 35.074
 194 111.643000  30.362542    38.427    36.360  6 56573.21636521 29.415
 195 111.644594  30.365755    36.775    35.268  7 56583.13200426 36.295
 196 111.647744  30.367043    35.179    35.208  6 56593.04763935 39.079
 197 111.644604  30.365494    36.585    35.041  7 56602.96329151 40.651
 198 111.642638  30.362355    35.850    35.992  6 56612.87894122 43.263
 199 111.642460  30.361390    35.580    35.521  7 56622.79458622 45.625
 200 111.642540  30.362831    35.314    35.190  7 56632.71022775 43.571
 201 111.644277  30.364737    35.248    35.244  7 56642.62586475 42.046
 202 111.642679  30.363102    35.016    34.946  7 56652.54151481 32.628
 203 111.641251  30.359230    35.860    35.893  8 56662.45716478 42.114
 204 111.639674  30.357989    35.836    35.843  8 56672.37281158 39.668
 205 111.639777  30.358503    35.488    35.481  8 56682.28845684 38.759
 206 111.641526  30.359931    40.992    35.432  8 56692.20410016 25.851
 207 111.643032  30.364006    35.193    35.212  7 56702.11973901 42.399
 208 111.645075  30.364991    35.299    35.357  6 56712.03537350 43.027
 209 111.642808  30.362668   106.140   106.167  6 56721.95101993 11.652
 210 111.640355  30.358227    35.547    35.591  9 56731.86667219 45.851
 211 111.640051  30.357281    35.767    35.815  8 56741.78232005 47.201
 212 111.641453  30.359595    35.684    35.724  8 56751.69796295 45.469
 213 111.643471  30.364289    36.313    36.307  6 56761.61360020 43.845
 214 111.646163  30.367644    37.468    37.470  6 56771.52923102 40.004
 215 111.642999  30.362772    37.469    37.459  6 56781.44488699 38.479
 216 111.639901  30.358435    37.829    37.828  8 56791.36054212 40.283
 217 111.638002  30.355650    86.143    87.472  8 56801.27619422 19.181
 218 111.638192  30.356895    38.211    38.187  7 56811.19183871 30.229
 219 111.639591  30.358270    38.609    38.610  8 56821.10747886 42.087
 220 111.641199  30.359395   106.353   106.512  7 56831.02311493 10.198
 221 111.641964  30.362547    39.854    39.820  6 56840.93874714 39.569
 222 111.643024  30.363683    43.905    41.799  7 56850.85438319 32.972
 223 111.642163  30.360322    41.916    41.922  7 56860.77003791 27.763
 224 111.641705  30.360271    39.152    39.177  8 56870.68569118 33.668
 225 111.641129  30.360987    44.814    41.735  7 56880.60134146 27.692
 226 111.641215  30.358083    41.680    41.038  8 56890.51698889 27.235
 227 111.638928  30.357182    56.455    55.703  8 56900.43263293 20.844
 228 111.638209  30.355216    60.341    58.714  8 56910.34827543 25.147
 229 111.639265  30.356633    53.355    54.786  8 56920.26391603 24.662
 230 111.641367  30.361920    67.237    69.488  7 56930.17955398 21.724
 231 111.644780  30.366119    41.099    38.446  6 56940.09518755 26.611
 232 111.646449  30.367285    37.117    37.098  7 56950.01082558 39.332
 233 111.643236  30.363700    73.482    74.506  6 56959.92647833 23.110
 234 111.641547  30.359914    42.519    41.612  8 56969.84212601 27.475
 235 111.641405  30.360170    35.623    35.639  7 56979.75776895 46.286
 236 111.642754  30.363319    39.561    35.311  7 56989.67340688 30.067
 237 111.646190  30.366601    36.154    36.150  6 56999.58903865 36.802
 238 111.643675  30.365449    35.272    35.259  6 57009.50469134 40.026
 239 111.641499  30.361686    38.231    35.268  7 57019.42034419 27.432
 240 111.640727  30.358019    43.522    35.773  8 57029.33599436 31.710
 241 111.640676  30.357351    35.629    35.627  8 57039.25164255 45.289
 242 111.641345  30.359228    81.405    84.228  7 57049.16728812 18.557
 243 111.642438  30.362516    35.203    35.232  6 57059.08292950 43.074
 244 111.644059  30.363817    35.348    35.311  6 57068.99856559 42.638
 245 111.644997  30.365119    34.920    35.014  7 57078.91419719 41.943
 246 111.645317  30.366109    35.495    35.519  7 57088.82983318 41.679
 247 111.642564  30.363659    37.156    35.739  7 57098.74549158 35.512
 248 111.641685  30.363043    35.884    35.901  7 57108.66114669 41.139
 249 111.642194  30.363339    75.377    75.173  7 57118.57679648 23.260
 250 111.642015  30.363229    35.517    35.517  6 57128.49244026 44.002
 251 111.641947  30.362375    39.267    37.384  7 57138.40807876 30.083
 252 111.642602  30.363317    37.268    37.274  6 57148.32371340 40.623
 253 111.645210  30.365361    38.563    37.301  7 57158.23934554 33.844
 254 111.645297  30.364822    36.714    36.706  6 57168.15499378 40.162
 255 111.642953  30.363209    35.774    35.841  6 57178.07065033 43.564
 256 111.641344  30.360346    43.307    39.697  7 57187.98630307 27.323
 257 111.640805  30.357364    38.677    38.700  8 57197.90195171 41.105
 258 111.639950  30.357694    47.364    48.544  8 57207.81758576 27.117
 259 111.640308  30.358966    38.358    38.360  8 57217.73322978 38.674
 260 111.641139  30.361430    40.687    39.180  7 57227.64887251 31.192
 261 111.642645  30.362831    66.664    67.751  6 57237.56451338 19.548
 262 111.643963  30.364045    39.434    38.266  7 57247.48015093 32.422
 263 111.644667  30.365717    42.482    38.863  6 57257.39578590 26.108
 264 111.646003  30.367263    51.701    52.231  6 57267.31141996 22.903
 265 111.646544  30.365955    69.910    70.220  6 57277.22706715 18.640
 266 111.644980  30.365285    42.146    42.022  7 57287.14272390 27.619
 267 111.643664  30.363483    38.200    38.211  6 57297.05837806 37.107
 268 111.641865  30.362454    37.251    37.285  6 57306.97402835 38.652
 269 111.641068  30.358497    36.616    36.712  8 57316.88967546 44.537
 270 111.639349  30.358208    37.745    37.782  8 57326.80531826 36.276
 271 111.640597  30.357637    83.436    84.706  8 57336.72095916 18.911
 272 111.640423  30.358168    35.751    35.776  9 57346.63660606 39.514
 273 111.640205  30.358075    35.320    35.354  9 57356.55225281 39.697
 274 111.640694  30.357366    35.572    35.563  8 57366.46789621 46.595
 275 111.640604  30.359108    45.406    35.580  8 57376.38353601 33.572
 276 111.641563  30.361898    35.018    34.971  7 57386.29917413 37.703
 277 111.643790  30.364295    35.299    35.279  7 57396.21481201 41.061
 278 111.646097  30.367214    34.982    34.986  6 57406.13044879 40.092
 279 111.645320  30.365368    39.599    35.437  6 57416.04609951 27.650
 280 111.642677  30.364199    35.037    34.984  6 57425.96175110 44.780
 281 111.641519  30.360730    35.615    35.675  7 57435.87740017 44.799
 282 111.641523  30.359169    35.837    35.964  8 57445.79304705 46.276
 283 111.641323  30.361202    81.345    82.898  7 57455.70869220 20.393
 284 111.642497  30.362505    35.937    35.930  7 57465.62433544 43.959
 285 111.643582  30.364857    35.649    35.619  6 57475.53997462 37.120
 286 111.644288  30.366095    38.026    36.575  6 57485.45561063 36.870
 287 111.645607  30.366035    54.849    57.122  7 57495.37124447 26.843
 288 111.647910  30.367125    51.258    49.703  6 57505.28687771 22.864
 289 111.644623  30.365813    77.058    79.441  6 57515.20253436 20.654
 290 111.642958  30.364017    39.703    38.637  7 57525.11818894 35.761
 291 111.642086  30.360816    82.816    83.433  7 57535.03384148 19.061
 292 111.640966  30.358070    39.184    39.182  8 57544.94949094 28.986
 293 111.640234  30.357456    38.627    38.671  8 57554.86513758 43.212
 294 111.640744  30.358493    44.301    41.410  8 57564.78078227 30.620
 295 111.641404  30.360590    50.325    52.267  8 57574.69642599 27.832
 296 111.641710  30.362112    44.254    40.759  7 57584.61206920 27.819
 297 111.642132  30.362148    42.497    42.487  6 57594.52771069 26.495
