-168450.133   249.777     0.00   57.62
-168160.291   253.673    13.44   57.23
-167870.466   249.751   -13.53   56.10
-167580.656   244.067   -19.62   56.38
-167290.863   235.620   -29.15   52.19
-167001.086   224.053   -39.92   47.29
-166711.324   206.878   -59.28   39.48
-166421.579   195.438   -39.49   35.55
-166131.849   186.291   -31.58   31.34
-165842.136   176.070   -35.28   28.60
-165552.438   166.095   -34.44   25.27
-165262.757   160.010   -21.01   23.04
-164973.092   154.286   -19.76   22.86
-164683.442   150.025   -14.71   23.40
-164393.809   146.564   -11.95   23.62
-164104.191   142.370   -14.48   20.31
-163814.590   141.320    -3.63   19.48
-163525.004   136.098   -18.04   15.10
-163235.434   134.531    -5.41   12.46
-162945.881   133.968    -1.95   10.76
-162656.343   133.839    -0.44    9.76
-162366.821   132.364    -5.09    8.73
-162077.316   134.149     6.16   10.53
-161787.826   135.101     3.29   11.31
-161498.352   136.344     4.29   11.26
-161208.894   138.025     5.81   11.11
-160919.452   137.348    -2.34   11.23
-160630.026   135.334    -6.96   11.98
-160340.616   131.776   -12.30   12.86
-160051.222   126.261   -19.06   11.82
-159761.844   122.460   -13.14   10.26
-159472.482   120.967    -5.16    8.69
-159183.135   122.228     4.36   10.74
-158893.805   126.678    15.38   16.02
-158604.490   133.362    23.11   20.05
-158315.192   139.968    22.84   22.42
-158025.909   149.072    31.47   23.64
-157736.642   156.394    25.32   22.49
-157447.392   165.146    30.26   24.03
-157158.157   175.182    34.70   32.73
-156868.938   183.082    27.32   36.75
-156579.734   187.504    15.29   35.07
-156290.547   190.827    11.49   37.45
-156001.376   190.634    -0.67   32.10
-155712.220   192.103     5.08   32.56
-155423.081   188.747   -11.61   30.41
-155133.957   190.129     4.78   31.89
-154844.849   194.182    14.02   33.01
-154555.757   197.827    12.61   33.97
-154266.681   197.193    -2.19   35.14
-153977.621   199.041     6.39   35.99
-153688.576   199.504     1.60   35.28
-153399.548   201.131     5.63   37.23
-153110.535   201.350     0.76   42.21
-152821.538   207.511    21.32   44.17
-152532.558   206.839    -2.33   42.73
-152243.592   197.868   -31.05   42.70
-151954.643   188.582   -32.14   41.63
-151665.710   177.111   -39.71   39.90
-151376.792   167.504   -33.25   38.06
-151087.890   157.776   -33.68   29.30
-150799.005   147.188   -36.66   23.92
-150510.134   140.868   -21.88   21.53
-150221.280   136.306   -15.79   20.93
-149932.442   129.924   -22.10   17.37
-149643.619   126.179   -12.97   15.36
-149354.812   124.188    -6.90   14.60
-149066.021   122.620    -5.43   14.16
-148777.246   119.217   -11.78   13.57
-148488.487   114.497   -16.35   12.37
-148199.743   114.257    -0.83   13.72
-147911.016   114.468     0.73   15.98
-147622.304   117.082     9.05   19.24
-147333.608   123.382    21.83   25.65
-147044.927   135.306    41.31   29.09
-146756.263   143.753    29.27   28.77
-146467.614   152.114    28.97   23.99
-146178.981   153.725     5.58   21.59
-145890.364   152.125    -5.54   21.72
-145601.762   148.565   -12.34   21.66
-145313.176   142.649   -20.50   21.62
-145024.606   138.539   -14.24   20.51
-144736.052   138.100    -1.52   19.26
-144447.514   140.848     9.53   23.35
-144158.991   146.673    20.19   26.82
-143870.484   160.139    46.68   35.38
-143581.993   172.025    41.21   38.28
-143293.518   180.538    29.51   37.11
-143005.058   188.353    27.10   36.33
-142716.614   196.114    26.91   35.12
-142428.186   202.585    22.44   35.37
-142139.774   213.634    38.31   37.55
-141851.377   220.761    24.72   41.64
-141562.996   226.611    20.29   41.72
-141274.631   227.739     3.91   40.30
-140986.282   230.700    10.27   39.32
-140697.948   228.796    -6.60   43.37
-140409.630   214.747   -48.74   43.64
-140121.328   199.709   -52.16   37.79
-139833.041   189.285   -36.16   33.34
-139544.770   185.839   -11.96   32.91
-139256.515   181.825   -13.93   31.32
-138968.275   180.630    -4.15   31.89
-138680.052   180.082    -1.90   34.95
-138391.844   180.467     1.34   36.77
-138103.651   178.070    -8.32   33.51
-137815.474   176.445    -5.64   31.10
-137527.313   173.654    -9.69   30.66
-137239.168   169.750   -13.55   31.70
-136951.038   159.359   -36.07   29.00
-136662.924   150.746   -29.90   28.40
-136374.826   140.785   -34.58   27.21
-136086.744   131.582   -31.95   23.68
-135798.677   122.908   -30.11   18.98
-135510.625   117.129   -20.07   14.64
-135222.590   112.624   -15.64   11.03
-134934.570   109.211   -11.85    8.52
-134646.565   107.396    -6.30    8.44
-134358.577   106.371    -3.56    9.03
-134070.604   105.711    -2.29    9.87
-133782.646   103.170    -8.82   11.26
-133494.705    98.982   -14.55   12.00
-133206.779    94.511   -15.53   12.12
-132918.868    90.600   -13.59   11.64
-132630.973    85.768   -16.79   11.52
-132343.094    81.425   -15.09   10.22
-132055.231    78.954    -8.58    8.56
-131767.383    76.156    -9.72    7.76
-131479.550    73.511    -9.19    7.04
-131191.734    71.379    -7.41    6.84
-130903.933    71.355    -0.08    7.43
-130616.147    72.408     3.66    9.38
-130328.377    76.067    12.71   11.23
-130040.623    78.924     9.93   12.11
-129752.885    84.334    18.80   12.31
-129465.161    89.882    19.28   11.02
-129177.454    93.261    11.75   10.01
-128889.762    96.325    10.65    8.18
-128602.086    96.072    -0.88    8.13
-128314.425    94.717    -4.71    9.18
-128026.780    90.489   -14.70   11.74
-127739.151    86.137   -15.13   12.37
-127451.537    82.602   -12.29   10.94
-127163.939    80.225    -8.27    9.82
-126876.356    79.232    -3.45    9.88
-126588.789    79.445     0.74   10.16
-126301.237    79.937     1.71   11.10
-126013.701    82.114     7.57   11.43
-125726.180    83.039     3.22   10.71
-125438.675    82.799    -0.84   10.54
-125151.186    82.011    -2.74   10.14
-124863.712    81.639    -1.29    9.00
-124576.254    81.364    -0.96    7.22
-124288.811    82.043     2.36    7.20
-124001.384    84.158     7.36    8.62
-123713.972    87.310    10.97    9.97
-123426.576    91.053    13.03   10.62
-123139.195    94.801    13.04    9.61
-122851.830    96.924     7.39    8.24
-122564.481    98.221     4.52    8.43
-122277.147    99.335     3.88    7.70
-121989.828    97.968    -4.76    8.17
-121702.525    96.188    -6.20    8.42
-121415.238    92.663   -12.27    7.95
-121127.966    91.753    -3.17    8.14
-120840.709    89.899    -6.46    8.28
-120553.468    88.895    -3.49    9.15
-120266.243    87.982    -3.18    8.93
-119979.033    87.558    -1.48    7.83
-119691.839    85.923    -5.69    7.39
-119404.660    84.673    -4.35    6.53
-119117.496    83.272    -4.88    6.15
-118830.348    81.686    -5.52    6.69
-118543.216    81.151    -1.86    7.63
-118256.099    80.359    -2.76    7.94
-117968.997    80.111    -0.86    8.27
-117681.911    79.634    -1.66    8.10
-117394.840    79.134    -1.74    7.84
-117107.785    80.614     5.16    7.54
-116820.746    83.072     8.56    7.28
-116533.721    83.082     0.04    7.14
-116246.713    83.168     0.30    7.16
-115959.719    82.644    -1.83    6.91
-115672.741    82.967     1.13    7.15
-115385.779    81.408    -5.43    7.48
-115098.832    79.057    -8.20    7.50
-114811.901    77.864    -4.16    8.05
-114524.985    76.600    -4.41    8.00
-114238.084    75.489    -3.87    8.41
-113951.199    73.910    -5.51    8.09
-113664.329    73.692    -0.76    8.31
-113377.475    73.591    -0.35    8.30
-113090.636    73.453    -0.48    8.10
-112803.812    72.732    -2.51    8.53
-112517.004    73.864     3.95    8.35
-112230.212    74.922     3.69    8.48
-111943.434    75.417     1.72    9.39
-111656.672    75.925     1.77    8.74
-111369.926    75.553    -1.30    8.79
-111083.195    74.439    -3.89    9.40
-110796.479    72.173    -7.90   10.10
-110509.779    69.100   -10.72    9.62
-110221.605    66.573    -8.77    8.98
-109931.567    64.937    -5.64    9.04
-109641.544    62.199    -9.44    8.96
-109351.537    60.141    -7.10    9.21
-109061.547    57.841    -7.93    9.41
-108771.571    55.339    -8.63    9.27
-108481.612    52.475    -9.88    7.87
-108191.669    49.776    -9.31    6.57
-107901.741    48.833    -3.25    6.27
-107611.829    48.182    -2.24    6.37
-107321.933    49.196     3.50    7.47
-107032.053    50.320     3.88    8.02
-106742.188    52.953     9.08    9.60
-106452.339    55.011     7.10   10.00
-106162.506    57.694     9.26   10.12
-105872.689    58.011     1.09    9.41
-105582.888    58.864     2.94    9.04
-105293.102    59.053     0.65    8.43
-105003.332    59.353     1.04    9.07
-104713.578    60.468     3.85   10.29
-104423.840    63.011     8.78   11.35
-104134.117    65.310     7.94   11.74
-103844.411    68.614    11.41   14.78
-103554.720    68.831     0.75   16.08
-103265.044    70.402     5.43   16.92
-102975.385    69.588    -2.81   16.83
-102685.741    69.199    -1.34   14.82
-102396.113    69.396     0.68   14.41
-102106.501    69.232    -0.57   13.56
-101816.904    69.750     1.79   14.58
-101527.323    71.247     5.17   16.23
-101237.758    70.553    -2.39   16.48
-100948.209    69.325    -4.24   16.93
-100658.675    67.454    -6.46   17.39
-100369.157    66.553    -3.11   17.80
-100079.655    65.161    -4.81   16.37
 -99790.168    62.146   -10.42   13.74
 -99500.698    62.346     0.69   13.69
 -99211.243    59.682    -9.20   12.74
 -98921.803    57.054    -9.08   12.22
 -98632.380    54.011   -10.52   12.34
 -98342.972    51.125    -9.97   10.58
 -98053.579    48.534    -8.95    8.02
 -97764.203    48.614     0.28    7.27
 -97474.842    49.285     2.32    7.97
 -97185.497    52.131     9.84    9.74
 -96896.167    56.794    16.12   12.49
 -96606.853    60.866    14.08   12.27
 -96317.555    64.376    12.13   12.91
 -96028.272    68.711    14.98   15.40
 -95739.006    71.370     9.19   14.79
 -95449.754    72.614     4.30   14.21
 -95160.519    72.624     0.03   13.45
 -94871.299    73.614     3.43   12.34
 -94582.095    73.068    -1.89   11.39
 -94292.906    72.282    -2.72   10.78
 -94003.734    69.188   -10.70    8.28
 -93714.576    66.850    -8.09    7.74
 -93425.435    64.639    -7.65    7.72
 -93136.309    62.438    -7.61    7.30
 -92847.198    61.057    -4.78    6.86
 -92558.104    59.908    -3.97    6.68
 -92269.025    58.301    -5.56    6.81
 -91979.961    57.852    -1.55    7.41
 -91690.914    57.547    -1.05    8.18
 -91401.881    56.922    -2.16    8.28
 -91112.865    56.217    -2.44    8.71
 -90823.864    54.982    -4.27    8.86
 -90534.879    52.938    -7.07    9.50
 -90245.909    51.225    -5.93    9.59
 -89956.955    48.997    -7.71    8.68
 -89668.016    46.368    -9.10    7.90
 -89379.094    43.596    -9.59    6.06
 -89090.186    42.146    -5.02    6.30
 -88801.295    40.070    -7.19    5.78
 -88512.419    37.878    -7.59    5.95
 -88223.558    36.939    -3.25    6.23
 -87934.713    35.362    -5.46    7.01
 -87645.884    34.605    -2.62    7.80
 -87357.070    33.585    -3.53    8.28
 -87068.272    32.922    -2.29    8.56
 -86779.489    32.224    -2.42    8.56
 -86490.722    30.644    -5.47    8.03
 -86201.971    29.504    -3.95    7.00
 -85913.235    28.653    -2.95    6.31
 -85624.515    27.868    -2.72    5.71
 -85335.810    27.025    -2.92    5.13
 -85047.121    25.837    -4.11    4.54
 -84758.447    25.325    -1.77    4.07
 -84469.789    24.953    -1.29    3.60
 -84181.146    24.573    -1.32    3.11
 -83892.519    24.112    -1.60    2.92
 -83603.908    24.232     0.41    2.78
 -83315.312    24.272     0.14    2.63
 -83026.731    24.825     1.92    3.22
 -82738.166    26.346     5.27    4.95
 -82449.617    28.504     7.48    7.33
 -82161.083    31.129     9.10    7.92
 -81872.565    33.379     7.80    7.56
 -81584.062    33.588     0.72    7.14
 -81295.575    33.489    -0.34    6.95
 -81007.103    32.228    -4.37    6.79
 -80718.647    29.460    -9.60    6.69
 -80430.206    26.833    -9.11    5.12
 -80141.781    25.209    -5.63    4.43
 -79853.371    23.658    -5.38    3.66
 -79564.977    23.286    -1.29    3.21
 -79276.598    23.196    -0.31    3.26
 -78988.235    23.882     2.38    3.87
 -78699.887    24.968     3.76    4.38
 -78411.554    25.896     3.22    4.86
 -78123.238    26.876     3.40    4.71
 -77834.936    26.864    -0.04    4.50
 -77546.650    27.937     3.72    5.07
 -77258.380    29.721     6.19    6.06
 -76970.125    31.207     5.16    6.49
 -76681.886    32.040     2.89    6.37
 -76393.662    32.482     1.53    6.09
 -76105.453    32.011    -1.63    6.43
 -75817.260    30.773    -4.30    6.93
 -75529.082    28.703    -7.19    6.73
 -75240.920    26.199    -8.69    5.61
 -74952.773    24.339    -6.46    3.96
 -74664.642    23.274    -3.70    2.45
 -74376.526    23.127    -0.51    2.84
 -74088.426    23.850     2.51    3.57
 -73800.341    25.194     4.67    4.73
 -73512.271    27.255     7.15    6.08
 -73224.217    29.541     7.94    6.10
 -72936.179    32.423    10.01    6.51
 -72648.155    34.682     7.84    6.19
 -72360.147    36.453     6.15    5.78
 -72072.155    38.141     5.86    5.68
 -71784.178    39.296     4.01    5.17
 -71496.216    39.664     1.28    5.10
 -71208.270    38.791    -3.03    5.33
 -70920.339    36.861    -6.70    5.69
 -70632.424    35.011    -6.43    5.64
 -70344.524    34.024    -3.43    5.00
 -70056.639    34.141     0.41    5.32
 -69768.770    34.165     0.08    5.35
 -69480.916    34.012    -0.53    5.54
 -69193.078    33.703    -1.07    5.59
 -68905.255    34.585     3.07    5.12
 -68617.447    35.591     3.49    5.46
 -68329.655    36.447     2.97    5.65
 -68041.878    36.855     1.42    5.38
 -67754.116    37.866     3.51    5.02
 -67466.370    39.011     3.98    4.34
 -67178.639    40.131     3.89    4.65
 -66890.924    41.088     3.33    5.40
 -66603.224    42.967     6.53    5.64
 -66315.539    45.101     7.42    5.72
 -66027.870    46.382     4.45    5.69
 -65740.216    47.196     2.83    5.25
 -65452.577    47.736     1.88    4.90
 -65164.953    47.144    -2.06    4.92
 -64877.345    45.997    -3.99    4.65
 -64589.753    45.423    -2.00    4.55
 -64302.175    46.624     4.18    4.81
 -64014.613    47.012     1.35    4.70
 -63727.067    47.553     1.88    4.70
 -63439.535    48.496     3.28    5.00
 -63152.019    49.639     3.98    4.67
 -62864.519    50.820     4.11    4.47
 -62577.033    51.042     0.77    4.51
 -62289.563    51.173     0.46    4.37
 -62002.108    51.815     2.23    3.75
 -61714.669    51.796    -0.07    3.64
 -61427.245    51.253    -1.89    3.81
 -61139.836    49.937    -4.58    4.28
 -60852.442    48.518    -4.94    4.51
 -60565.064    46.736    -6.20    5.13
 -60277.701    44.982    -6.10    5.20
 -59990.353    42.908    -7.22    4.99
 -59703.021    41.728    -4.11    4.80
 -59415.704    40.837    -3.10    4.73
 -59128.402    40.098    -2.57    4.24
 -58841.115    40.098     0.00    4.52
 -58553.844    40.688     2.05    5.52
 -58266.588    41.475     2.74    6.21
 -57979.347    41.953     1.66    6.19
 -57692.122    43.475     5.30    5.70
 -57404.911    44.057     2.03    5.25
 -57117.717    44.497     1.53    4.80
 -56830.537    44.707     0.73    3.97
 -56543.372    44.411    -1.03    3.82
 -56256.223    43.425    -3.43    3.68
 -55969.089    42.526    -3.13    3.50
 -55681.970    41.953    -2.00    3.53
 -55394.867    41.460    -1.72    3.67
 -55107.779    40.937    -1.82    4.04
 -54820.706    39.605    -4.64    4.30
 -54533.648    37.721    -6.56    4.45
 -54246.605    35.899    -6.35    4.35
 -53959.578    33.725    -7.57    4.74
 -53672.566    31.765    -6.83    4.73
 -53385.569    30.114    -5.75    4.07
 -53098.587    29.518    -2.08    4.27
 -52811.621    29.158    -1.25    4.52
 -52524.670    29.311     0.53    5.70
 -52237.734    29.721     1.43    6.45
 -51950.813    29.912     0.66    6.59
 -51663.907    30.141     0.80    6.88
 -51377.017    29.761    -1.32    6.63
 -51090.141    28.755    -3.51    6.19
 -50803.281    27.270    -5.18    5.93
 -50516.437    26.261    -3.52    4.98
 -50229.607    25.475    -2.74    4.36
 -49942.792    25.368    -0.37    4.08
 -49655.993    25.539     0.60    4.27
 -49369.209    26.112     2.00    5.04
 -49082.440    27.196     3.78    5.96
 -48795.686    28.724     5.33    6.64
 -48508.948    28.703    -0.08    6.69
 -48222.224    30.512     6.31    7.19
 -47932.365    30.707     0.67    7.03
 -47642.344    31.869     4.01    7.14
 -47352.339    32.475     2.09    6.68
 -47062.350    33.068     2.04    6.58
 -46772.376    33.997     3.20    5.42
 -46482.417    34.188     0.66    4.69
 -46192.475    34.158    -0.10    4.52
 -45902.548    33.850    -1.07    4.37
 -45612.636    33.170    -2.34    4.30
 -45322.740    32.813    -1.23    4.55
 -45032.859    31.997    -2.82    4.59
 -44742.994    30.879    -3.86    4.19
 -44453.145    30.179    -2.42    4.02
 -44163.311    29.874    -1.05    3.95
 -43873.493    28.997    -3.03    3.92
 -43583.690    28.170    -2.85    3.84
 -43293.903    27.390    -2.69    3.88
 -43004.131    26.165    -4.23    4.04
 -42714.375    25.350    -2.81    4.10
 -42424.634    23.908    -4.97    3.76
 -42134.909    22.556    -4.67    3.73
 -41845.199    21.423    -3.91    3.41
 -41555.505    19.711    -5.91    3.33
 -41265.826    18.882    -2.86    2.74
 -40976.163    18.364    -1.79    2.50
 -40686.516    18.355    -0.03    2.73
 -40396.883    18.997     2.22    3.83
 -40107.267    19.709     2.46    4.64
 -39817.666    20.453     2.57    5.19
 -39528.080    21.908     5.03    5.80
 -39238.510    22.519     2.11    5.92
 -38948.955    23.168     2.24    6.36
 -38659.416    23.753     2.02    6.31
 -38369.893    24.504     2.59    5.64
 -38080.384    24.997     1.70    4.94
 -37790.892    24.833    -0.57    4.34
 -37501.414    24.553    -0.96    4.07
 -37211.953    24.011    -1.87    3.65
 -36922.506    23.379    -2.18    3.75
 -36633.075    22.011    -4.73    3.93
 -36343.660    21.086    -3.20    3.90
 -36054.260    20.430    -2.27    3.66
 -35764.876    19.937    -1.70    3.57
 -35475.506    19.549    -1.34    3.81
 -35186.153    19.296    -0.87    4.05
 -34896.815    18.837    -1.59    4.11
 -34607.492    18.743    -0.33    4.26
 -34318.185    18.176    -1.96    4.50
 -34028.893    17.922    -0.88    4.31
 -33739.617    17.776    -0.51    4.22
 -33450.356    17.570    -0.71    4.31
 -33161.110    17.475    -0.33    4.36
 -32871.880    17.447    -0.10    5.03
 -32582.665    17.417    -0.10    5.24
 -32293.466    17.823     1.40    5.60
 -32004.282    18.543     2.49    5.82
 -31715.114    18.755     0.73    5.93
 -31425.960    20.026     4.40    5.80
 -31136.823    20.591     1.95    5.17
 -30847.701    21.109     1.79    4.54
 -30558.594    21.141     0.11    3.92
 -30269.502    19.968    -4.06    4.31
 -29980.426    17.247    -9.41    4.88
 -29691.365    15.179    -7.15    4.80
 -29402.320    13.761    -4.90    4.77
 -29113.290    11.868    -6.55    4.18
 -28824.276    10.382    -5.14    3.60
 -28535.277     9.468    -3.16    3.24
 -28246.293     8.923    -1.89    2.95
 -27957.324     9.176     0.88    3.65
 -27668.371    10.027     2.95    4.43
 -27379.434    11.644     5.59    5.31
 -27090.511    14.910    11.30    6.88
 -26801.604    18.085    10.99    7.38
 -26512.713    20.390     7.98    6.73
 -26223.836    22.040     5.71    5.53
 -25934.976    22.779     2.56    4.65
 -25646.130    22.335    -1.54    4.85
 -25357.300    20.833    -5.20    5.30
 -25068.485    19.534    -4.50    4.94
 -24779.685    18.539    -3.45    4.84
 -24490.901    17.417    -3.89    5.04
 -24202.132    16.827    -2.04    5.38
 -23913.379    16.344    -1.67    5.52
 -23624.641    15.921    -1.46    5.37
 -23335.918    15.504    -1.44    5.18
 -23047.210    14.634    -3.02    4.82
 -22758.518    13.839    -2.75    4.48
 -22469.841    13.257    -2.02    4.39
 -22181.179    12.996    -0.90    4.30
 -21892.533    12.425    -1.98    4.24
 -21603.902    11.967    -1.59    4.26
 -21315.286    11.850    -0.41    4.74
 -21026.686    11.907     0.20    4.87
 -20738.100    11.679    -0.79    4.81
 -20449.531    11.353    -1.13    4.43
 -20160.976    11.026    -1.13    4.67
 -19872.437    10.855    -0.59    4.59
 -19583.913    10.199    -2.27    4.36
 -19295.404     8.815    -4.80    4.81
 -19006.911     7.614    -4.16    4.37
 -18718.432     6.430    -4.11    4.06
 -18429.970     5.739    -2.39    3.91
 -18141.522     5.301    -1.52    3.43
 -17853.090     5.039    -0.91    3.00
 -17564.672     5.511     1.63    3.77
 -17276.271     6.251     2.57    4.14
 -16987.884     7.056     2.79    4.53
 -16699.513     7.906     2.95    4.53
 -16411.157     8.240     1.16    4.47
 -16122.816     8.112    -0.44    4.15
 -15834.490     7.894    -0.76    4.03
 -15546.180     6.827    -3.70    4.00
 -15257.885     5.721    -3.84    3.90
 -14969.605     4.512    -4.19    3.16
 -14681.340     3.717    -2.76    2.64
 -14393.091     3.057    -2.29    2.16
 -14104.856     2.768    -1.00    1.96
 -13816.637     2.511    -0.89    1.48
 -13528.434     2.668     0.55    1.76
 -13240.245     2.896     0.79    2.02
 -12952.072     3.088     0.67    2.23
 -12663.914     3.600     1.78    2.65
 -12375.771     4.073     1.64    2.86
 -12087.643     4.859     2.73    3.06
 -11799.530     5.776     3.18    3.59
 -11511.433     6.460     2.37    3.86
 -11223.351     7.461     3.47    4.34
 -10935.284     8.282     2.85    4.55
 -10647.232     8.576     1.02    4.56
 -10359.196     8.717     0.49    4.62
 -10071.174     9.012     1.02    4.42
  -9783.168     8.938    -0.26    4.08
  -9495.177     8.911    -0.09    4.32
  -9207.201     8.924     0.05    4.53
  -8919.241     8.827    -0.34    4.56
  -8631.295     8.808    -0.07    4.54
  -8343.365     8.056    -2.61    4.35
  -8055.450     7.452    -2.10    3.82
  -7767.549     6.905    -1.90    3.14
  -7479.665     6.364    -1.88    2.96
  -7191.795     6.388     0.08    3.17
  -6903.940     6.440     0.18    3.50
  -6616.101     6.396    -0.15    3.52
  -6328.277     6.417     0.07    3.44
  -6040.467     6.467     0.18    3.81
  -5752.673     5.826    -2.23    3.12
  -5464.895     5.761    -0.22    2.86
  -5177.131     5.196    -1.96    2.50
  -4889.382     4.562    -2.21    2.97
  -4601.649     4.405    -0.55    2.97
  -4313.930     4.692     1.00    2.92
  -4026.227     5.188     1.72    2.90
  -3738.539     5.709     1.81    3.29
  -3450.866     5.891     0.63    3.35
  -3163.208     6.776     3.08    3.20
  -2875.565     8.098     4.60    3.73
  -2587.938     9.151     3.66    3.73
  -2300.325     9.910     2.64    3.72
  -2012.728     9.896    -0.05    4.06
  -1725.145     9.100    -2.77    5.50
  -1437.578     8.391    -2.46    6.32
  -1150.026     6.967    -4.95    6.71
   -862.489     4.794    -7.56    6.02
   -574.967     3.053    -6.05    5.34
   -287.460     1.426    -5.66    3.95
      0.032     0.203    -4.26    1.68
    287.509     1.011     2.81    3.54
    574.971     2.628     5.62    5.11
    862.417     3.997     4.76    5.69
   1149.849     6.188     7.62    6.17
   1437.266     8.240     7.14    5.73
   1724.667    10.040     6.26    4.92
   2012.053    11.468     4.97    3.33
   2299.425    11.653     0.65    2.86
   2586.781    11.373    -0.97    3.01
   2874.122    11.209    -0.57    3.01
   3161.449    10.835    -1.30    3.13
   3448.760    10.628    -0.72    3.52
   3736.056    10.272    -1.24    3.65
   4023.337     9.453    -2.85    4.16
   4310.603     8.460    -3.46    4.11
   4597.854     8.820     1.26    5.11
   4885.090    10.141     4.60    6.13
   5172.311    12.300     7.52    7.90
   5459.517    15.129     9.85    8.57
   5746.708    17.603     8.61    7.78
   6033.884    18.982     4.80    6.42
   6321.045    19.214     0.81    5.86
   6608.191    18.141    -3.73    6.22
   6895.322    15.937    -7.68    6.28
   7182.438    13.520    -8.42    6.17
   7469.538    11.408    -7.36    6.00
   7756.624     9.043    -8.24    5.61
   8043.695     7.820    -4.26    5.52
   8330.751     6.460    -4.74    4.91
   8617.792     5.600    -3.00    4.45
   8904.818     5.179    -1.46    3.93
   9191.829     5.368     0.66    4.17
   9478.825     6.421     3.67    6.32
   9765.806     8.158     6.05   10.04
  10052.772     9.770     5.62   12.54
  10339.723     9.673    -0.34   12.26
  10626.659     9.625    -0.17    9.32
  10913.580    12.553    10.21   15.71
  11200.486    15.605    10.64   20.34
  11487.377    19.127    12.28   22.84
  11774.254    19.776     2.26   22.95
  12061.115    21.831     7.16   22.93
  12347.961    23.520     5.89   22.51
  12634.793    22.850    -2.34   21.15
  12921.609    19.228   -12.63    9.33
  13208.411    19.010    -0.76    6.66
  13495.197    19.620     2.13    6.22
  13781.969    21.011     4.85    5.46
  14070.235    20.864    -0.51    5.16
  14360.250    20.107    -2.61    5.52
  14650.250    19.276    -2.87    6.14
  14940.234    17.533    -6.01    7.08
  15230.203    16.489    -3.60    7.32
  15520.157    15.912    -1.99    7.01
  15810.095    15.703    -0.72    6.57
  16100.018    16.026     1.12    6.14
  16389.926    17.088     3.66    5.88
  16679.819    18.105     3.51    5.60
  16969.696    19.085     3.38    5.32
  17259.558    20.011     3.20    4.48
  17549.404    19.739    -0.94    4.50
  17839.235    18.923    -2.82    4.73
  18129.051    17.182    -6.01    5.71
  18418.852    15.350    -6.32    5.79
  18708.637    13.543    -6.24    5.59
  18998.407    11.547    -6.89    5.18
  19288.162    10.634    -3.15    4.68
  19577.901    10.286    -1.20    4.57
  19867.626     9.585    -2.42    5.20
  20157.335     9.059    -1.82    5.24
  20447.028     9.247     0.65    5.68
  20736.707    10.224     3.38    6.20
  21026.370    11.653     4.93    6.81
  21316.018    13.382     5.97    7.17
  21605.650    15.370     6.86    6.51
  21895.268    17.833     8.50    5.14
  22184.870    18.923     3.77    5.00
  22474.456    19.103     0.62    4.89
  22764.028    19.191     0.30    4.77
  23053.584    18.728    -1.60    4.98
  23343.125    18.176    -1.91    5.00
  23632.651    17.011    -4.02    5.19
  23922.162    15.953    -3.65    4.78
  24211.657    15.191    -2.63    5.24
  24501.138    14.906    -0.98    5.32
  24790.602    14.835    -0.25    5.75
  25080.052    14.938     0.36    6.15
  25369.487    16.320     4.78    6.94
  25658.906    19.253    10.14    8.36
  25948.310    23.306    14.00   11.91
  26237.699    25.658     8.13   13.33
  26527.072    27.618     6.77   12.51
  26816.431    28.057     1.51   11.80
  27105.774    27.255    -2.77   10.48
  27395.102    25.997    -4.35   10.00
  27684.415    23.182    -9.73    5.91
  27973.713    21.085    -7.25    4.87
  28262.995    19.330    -6.07    5.11
  28552.262    17.255    -7.17    5.01
  28841.514    15.679    -5.45    5.24
  29130.751    13.585    -7.24    5.33
  29419.973    12.564    -3.53    5.55
  29709.179    11.553    -3.49    5.55
  29998.371    11.373    -0.62    5.53
  30287.547    10.344    -3.56    5.46
  30576.708     8.776    -5.42    5.53
  30865.854     8.012    -2.64    5.58
  31154.984     7.788    -0.77    5.75
  31444.100     7.625    -0.56    6.00
  31733.200     7.344    -0.97    6.27
  32022.286     7.067    -0.96    6.29
  32311.356     7.056    -0.04    6.23
  32600.411     7.191     0.47    6.07
  32889.450     6.255    -3.24    5.43
  33178.475     5.674    -2.01    5.10
  33467.485     4.658    -3.51    5.05
  33756.479     3.673    -3.41    4.74
  34045.458     3.010    -2.29    4.62
  34334.422     2.330    -2.35    4.22
  34623.371     1.098    -4.26    2.79
  34912.305     0.247    -2.95    1.02
  35201.224     0.326     0.27    1.57
  35490.128     0.967     2.22    2.76
  35779.016     1.761     2.75    3.44
  36067.889     2.634     3.02    3.93
  36356.748     3.447     2.81    4.16
  36645.591     4.232     2.72    4.43
  36934.419     5.011     2.70    4.27
  37223.232     5.118     0.37    4.21
  37512.030     5.767     2.24    4.39
  37800.813     6.806     3.60    4.93
  38089.580     7.982     4.07    6.01
  38378.333    10.151     7.51    6.82
  38667.071    12.547     8.30    7.15
  38955.793    14.489     6.73    6.48
  39244.501    16.144     5.73    4.90
  39533.193    16.134    -0.04    4.78
  39821.870    15.011    -3.89    5.27
  40110.532    12.866    -7.43    5.35
  40399.179    11.368    -5.19    5.34
  40687.811     9.696    -5.79    5.14
  40976.428     8.176    -5.27    5.03
  41265.030     6.526    -5.72    4.65
  41553.617     5.828    -2.42    4.94
  41842.189     4.694    -3.93    4.84
  42130.746     3.568    -3.90    4.24
  42419.288     2.878    -2.39    3.99
  42707.814     2.168    -2.46    3.52
  42996.326     1.894    -0.95    3.39
  43284.823     1.270    -2.16    2.92
  43573.304     0.755    -1.79    2.10
  43861.771     0.285    -1.63    1.14
  44150.222     0.011    -0.95    0.24
  44438.659    -0.018    -0.10    0.00
  44727.080    -0.018     0.00    0.00
  45015.487    -0.018     0.00    0.00
  45303.878    -0.018     0.00    0.00
  45592.255    -0.018     0.00    0.00
  45880.616    -0.018     0.00    0.00
  46168.963    -0.018     0.00    0.00
  46457.294    -0.018     0.00    0.00
  46745.610    -0.018     0.00    0.00
  47033.912    -0.018     0.00    0.00
  47322.198    -0.018     0.00    0.00
  47610.470     0.379     1.38    1.64
  47898.726     1.709     4.61    4.24
  48186.968     3.459     6.07    5.81
  48475.194     5.673     7.68    6.39
  48763.406     7.026     4.69    6.01
  49051.602     8.511     5.15    5.61
  49339.784     9.243     2.54    5.05
  49627.950     9.562     1.11    4.69
  49916.102     7.629    -6.71    5.10
  50204.239     6.224    -4.87    5.09
  50492.360     4.908    -4.57    4.22
  50780.467     5.388     1.66    4.78
  51068.559     6.568     4.10    5.88
  51356.636     7.111     1.88    6.19
  51644.698     7.415     1.06    6.51
  51932.745     7.673     0.90    6.62
  52220.777     6.755    -3.19    6.84
  52508.794     6.057    -2.42    6.86
  52796.796     4.026    -7.05    5.65
  53084.783     2.835    -4.14    4.23
  53372.755     1.939    -3.11    3.33
  53660.713     1.614    -1.13    3.20
  53948.655     1.549    -0.23    3.28
  54236.582     1.724     0.61    3.59
  54524.495     1.720    -0.01    3.62
  54812.393     1.188    -1.85    3.11
  55100.275     0.291    -3.12    1.30
  55388.143     0.511     0.76    2.16
  55675.996     1.170     2.29    3.27
  55963.834     1.982     2.82    4.21
  56251.657     2.923     3.27    4.45
  56539.465     3.982     3.68    4.76
  56827.259     4.732     2.61    5.01
  57115.037     5.257     1.83    4.98
  57402.800     5.939     2.37    5.35
  57690.549     6.813     3.04    5.97
  57978.283     7.791     3.40    6.75
  58266.002     9.350     5.42    8.29
  58553.706    10.813     5.09    9.14
  58841.395    14.073    11.33    9.90
  59129.069    15.848     6.17    9.59
  59416.728    17.923     7.21    9.16
  59704.373    18.325     1.40    8.45
  59992.002    18.585     0.90    8.74
  60279.617    17.868    -2.49    8.29
  60567.217    16.270    -5.56    7.12
  60854.802    15.876    -1.37    6.50
  61142.372    15.041    -2.90    6.45
  61429.928    14.370    -2.33    6.29
  61717.468    14.882     1.78    6.05
  62004.994    14.253    -2.19    5.67
  62292.505    12.732    -5.29    5.76
  62580.001    11.644    -3.79    5.74
  62867.482    11.236    -1.42    5.91
  63154.948    11.747     1.78    6.67
  63442.399    11.520    -0.79    7.41
  63729.836    12.173     2.27    7.89
  64017.258    13.511     4.65    7.73
  64304.665    15.846     8.12    7.67
  64592.057    19.261    11.88    7.96
  64879.434    21.379     7.37    7.60
  65166.797    21.797     1.46    7.34
  65454.145    22.114     1.10    7.21
  65741.478    22.545     1.50    7.69
  66028.796    22.445    -0.35    8.37
  66316.099    21.953    -1.71   10.02
  66603.388    21.837    -0.40    9.88
  66890.661    21.818    -0.07   10.11
  67177.920    22.459     2.23    9.89
  67465.164    23.644     4.12    7.76
  67752.394    24.351     2.46    6.39
  68039.608    22.415    -6.74    7.16
  68326.808    20.475    -6.75    6.86
  68613.993    17.967    -8.73    7.76
  68901.164    14.866   -10.80    8.09
  69188.319    12.056    -9.79    7.87
  69475.460     9.043   -10.49    6.70
  69762.586     6.618    -8.44    4.55
  70049.697     5.206    -4.92    3.04
  70336.793     4.717    -1.70    2.59
  70623.875     5.938     4.25    4.75
  70910.942     7.925     6.92    7.88
  71197.994     9.895     6.86    8.58
  71485.031    12.070     7.58    9.19
  71772.054    14.908     9.89    9.56
  72059.062    18.105    11.14   11.74
  72346.055    20.460     8.20   12.52
  72633.034    26.139    19.79   19.09
  72919.997    31.533    18.79   24.52
  73206.946    34.653    10.87   24.54
  73493.881    37.460     9.78   24.08
  73780.800    38.818     4.73   24.45
  74067.705    38.151    -2.32   22.40
  74354.595    35.588    -8.93   21.32
  74641.470    32.573   -10.51   17.19
  74928.331    30.717    -6.47   16.34
  75215.177    30.982     0.92   16.50
  75502.008    27.967   -10.51   11.36
  75788.825    26.653    -4.58    9.31
  76075.627    25.694    -3.34    6.93
  76365.578    24.240    -5.02    6.86
  76655.570    23.511    -2.51    6.92
  76945.548    22.236    -4.40    7.23
  77235.510    21.025    -4.18    6.17
  77525.457    21.111     0.30    5.80
  77815.389    21.663     1.91    6.60
  78105.307    24.217     8.81    8.46
  78395.209    26.320     7.25    8.69
  78685.096    29.579    11.24    9.77
  78974.968    35.568    20.66   13.65
  79264.824    43.806    28.42   19.77
  79554.666    49.268    18.84   20.14
  79844.493    55.385    21.11   21.81
  80134.305    65.878    36.20   32.31
  80424.101    77.573    40.35   41.05
  80713.883    84.967    25.51   48.16
  81003.649    89.850    16.85   54.88
  81293.401    85.644   -14.51   55.45
  81583.137    81.475   -14.39   57.04
  81872.859    74.808   -23.01   56.72
  82162.565    61.134   -47.20   48.17
  82452.257    51.460   -33.39   32.12
  82741.933    43.664   -26.91   17.79
  83031.594    44.614     3.28   17.98
  83321.240    54.658    34.67   38.43
  83610.872    68.868    49.06   58.99
  83900.488    97.109    97.51  102.44
  84190.089   131.173   117.62  132.74
  84479.676   161.173   103.59  152.49
  84769.247   193.573   111.88  163.44
  85058.803   237.644   152.19  177.54
  85348.344   287.895   173.54  182.94
  85637.871   339.011   176.54  186.23
  85927.382   389.669   174.97  176.20
  86216.878   434.228   153.91  163.02
  86506.359   485.114   175.77  127.71
  86795.826   518.505   115.34   99.55
  87085.277   529.967    39.60   85.91
  87374.713   536.127    21.28   78.71
  87664.135   515.740   -70.44   98.10
  87953.541   483.489  -111.43  108.16
  88242.932   455.850   -95.50  119.98
  88532.309   420.831  -121.01  126.35
  88821.670   402.878   -62.04  129.67
  89111.017   372.281  -105.74  133.41
  89400.348   355.206   -59.01  136.14
  89689.665   333.415   -75.31  151.11
  89978.967   305.339   -97.04  156.45
  90268.253   276.750   -98.82  155.89
  90557.525   221.151  -192.19  142.56
  90846.782   173.556  -164.53  117.16
  91136.024   124.527  -169.49   80.60
  91425.251    99.281   -87.28   53.82
  91714.463    83.620   -54.15   35.03
  92003.660    72.910   -37.03   16.10
  92292.842    68.276   -16.02   11.00
  92582.009    67.607    -2.31   11.41
  92871.161    71.453    13.30   15.34
  93160.299    76.906    18.86   21.72
  93449.421    95.396    63.95   52.06
  93738.529   130.053   119.87   96.99
  94027.621   173.335   149.70  137.51
  94316.699   226.938   185.41  164.58
  94605.762   280.952   186.85  177.64
  94894.810   340.027   204.36  171.26
  95183.843   380.952   141.58  144.63
  95472.861   393.600    43.76  126.20
  95761.864   383.083   -36.38  131.77
  96050.853   356.325   -92.59  151.07
  96339.826   301.295  -190.42  161.89
  96628.785   239.074  -215.31  150.26
  96917.728   183.058  -193.85  117.57
  97206.657   144.673  -132.84   79.03
  97495.571   113.644  -107.39   45.61
  97784.470    94.576   -65.99   24.33
  98073.354    83.243   -39.23   18.13
  98362.224    78.253   -17.27   17.28
  98651.078    75.385    -9.93   18.38
  98939.918    73.090    -7.95   18.37
  99228.742    73.320     0.80   20.08
  99517.552    78.131    16.66   27.27
  99806.347    90.253    41.97   47.92
 100095.127   123.625   115.55   95.14
 100383.893   166.320   147.84  135.63
 100672.643   220.170   186.48  159.57
 100961.379   266.413   160.14  166.58
 101250.100   321.340   190.23  161.78
 101538.806   363.167   144.86  137.65
 101827.497   370.112    24.06  119.07
 102116.173   352.868   -59.73  136.26
 102404.835   299.534  -184.75  164.90
 102693.481   232.335  -232.79  168.28
 102982.113   163.444  -238.66  144.10
 103270.730   111.573  -179.71   99.51
 103559.332    74.639  -127.97   41.03
 103847.920    61.923   -44.06   11.87
 104136.493    61.268    -2.27    9.70
 104425.050    63.116     6.41   10.99
 104713.593    68.339    18.10   14.72
 105002.121    76.179    27.17   18.74
 105290.635    85.797    33.33   25.12
 105579.134    98.041    42.43   29.52
 105867.617   119.755    75.26   46.57
 106156.086   155.025   122.26   81.17
 106444.541   207.796   182.93  122.70
 106732.980   280.837   253.21  168.76
 107021.405   356.041   260.72  181.65
 107309.815   424.951   238.91  173.99
 107598.210   485.261   209.11  144.08
 107886.590   517.997   113.50  122.42
 108174.956   495.511   -77.97  149.88
 108463.307   448.511  -162.98  184.53
 108751.643   374.011  -258.35  203.99
 109039.964   288.114  -297.89  184.55
 109328.270   214.740  -254.48  146.93
 109616.562   155.376  -205.90  114.08
 109904.839   120.376  -121.40   72.70
 110193.102   130.776    36.08   93.68
 110481.349   174.649   152.19  143.47
 110769.582   220.698   159.75  156.45
 111057.800   262.967   146.64  153.83
 111346.003   302.905   138.56  133.62
 111634.192   324.027    73.29  112.31
 111922.366   344.026    69.39  107.12
 112210.525   326.290   -61.55  103.25
 112498.669   293.199  -114.83  100.60
 112786.799   263.668  -102.48  109.95
 113074.914   236.489   -94.32  124.32
 113363.014   193.129  -150.49  136.44
 113651.100   143.874  -170.96  120.86
 113939.171    96.173  -165.57   85.98
 114227.227    63.355  -113.92   50.36
 114515.268    47.431   -55.28   22.90
 114803.295    41.620   -20.18    8.21
 115091.307    44.027     8.36   10.88
 115379.305    48.564    15.75   15.16
 115667.287    58.997    36.23   28.75
 115955.255    78.056    66.18   49.06
 116243.208   112.382   119.20   84.21
 116531.147   186.518   257.45  154.87
 116819.071   260.591   257.24  184.08
 117106.980   331.074   244.79  178.15
 117394.875   401.982   246.27  145.67
 117682.755   446.717   155.38  106.94
 117970.620   484.391   130.86   56.66
 118258.470   488.191    13.20   49.00
 118546.306   482.694   -19.10   57.65
 118834.128   474.364   -28.94   77.13
 119121.934   469.818   -15.80   85.04
 119409.726   444.025   -89.61   99.67
 119697.503   405.895  -132.49  116.56
 119985.266   366.058  -138.42  137.36
 120273.014   300.658  -227.26  156.61
 120560.747   235.045  -228.01  154.94
 120848.466   168.453  -231.42  132.71
 121136.170   112.732  -193.65   97.10
 121423.859    77.996  -120.73   61.67
 121711.534    54.629   -81.22   30.42
 121999.194    43.921   -37.22   12.54
 122286.840    40.629   -11.44    7.22
 122574.471    44.013    11.76   17.80
 122862.087    55.460    39.79   42.21
 123149.689    82.214    93.02   77.63
 123437.276   118.131   124.88   99.81
 123724.848   153.100   121.59  101.11
 124012.406   175.803    78.94   93.31
 124299.949   196.594    72.30   79.17
 124587.478   198.937     8.15   78.55
 124874.992   174.305   -85.66   85.47
 125162.491   137.041  -129.60   77.02
 125449.976   103.609  -116.28   66.46
 125737.446    79.504   -83.84   53.87
 126024.902    66.562   -45.02   46.43
 126312.343    52.831   -47.77   23.01
 126599.770    47.385   -18.94    9.28
 126887.182    47.255    -0.45    8.83
 127174.579    48.188     3.25    8.84
 127461.962    48.526     1.18    8.66
 127749.330    49.639     3.87    8.53
 128036.683    49.547    -0.32    9.24
 128324.022    50.997     5.04   12.86
 128611.347    54.820    13.31   17.40
 128898.657    63.388    29.82   29.83
 129185.952    81.570    63.28   54.56
 129473.233   103.761    77.24   73.59
 129760.499   120.344    57.72   78.48
 130047.751   129.096    30.46   79.84
 130334.988   139.908    37.64   83.61
 130622.211   153.330    46.72   90.12
 130909.419   153.452     0.42   93.73
 131196.612   135.770   -61.56   85.45
 131483.791   119.527   -56.55   67.40
 131770.956   115.379   -14.44   50.13
 132058.106   115.344    -0.12   35.54
 132345.241   118.504    11.00   34.61
 132632.362   127.370    30.87   36.29
 132919.468   134.982    26.51   31.38
 133206.560   139.831    16.89   29.10
 133493.638   143.997    14.51   35.66
 133780.700   139.859   -14.41   34.97
 134067.749   135.430   -15.43   34.33
 134354.783   128.549   -23.97   31.62
 134641.802   122.794   -20.05   26.41
 134928.807   116.276   -22.71   21.21
 135215.797   114.340    -6.74   21.08
 135502.773   112.100    -7.81   19.22
 135789.734   111.270    -2.89   19.58
 136076.681   109.423    -6.43   20.74
 136363.613   105.069   -15.17   23.97
 136650.531    99.311   -20.07   24.72
 136937.435    96.054   -11.35   25.26
 137224.323    94.951    -3.85   29.15
 137511.198   100.570    19.58   39.86
 137798.058   109.376    30.69   47.82
 138084.903   120.644    39.28   48.08
 138373.348   133.576    44.83   48.63
 138663.332   138.340    16.43   44.42
 138953.301   142.364    13.88   44.40
 139243.255   147.266    16.90   44.13
 139533.194   147.907     2.21   38.74
 139823.119   150.437     8.72   34.89
 140113.028   160.376    34.28   38.24
 140402.923   176.042    54.03   53.18
 140692.803   189.505    46.44   63.34
 140982.669   208.576    65.79   72.07
 141272.519   222.982    49.70   72.08
 141562.354   241.659    64.43   72.15
 141852.175   264.176    77.68   80.87
 142141.981   283.059    65.15   87.07
 142431.772   310.355    94.18   93.24
 142721.549   348.922   133.08  102.76
 143011.310   393.339   153.27  117.93
 143301.057   439.533   159.41  142.30
 143590.789   469.551   103.60  141.10
 143880.506   505.482   124.01  131.27
 144170.208   523.560    62.40  113.14
 144459.896   538.281    50.81  115.86
 144749.569   559.806    74.30  114.87
 145039.227   569.576    33.73  113.19
 145328.870   592.688    79.78  119.35
 145618.499   629.920   128.54  126.69
 145908.112   666.791   127.29  112.60
 146197.711   684.240    60.24  101.20
 146487.296   682.394    -6.37  103.88
 146776.865   663.153   -66.44  115.41
 147066.420   644.054   -65.95  121.61
 147355.960   607.570  -125.99  111.14
 147645.485   583.232   -84.05  100.68
 147934.995   560.629   -78.06   94.24
 148224.491   535.331   -87.38   98.89
 148513.972   517.339   -62.14   99.55
 148803.438   504.482   -44.41   93.56
 149092.889   487.173   -59.79   86.91
 149382.326   460.511   -92.10   78.96
 149671.748   443.815   -57.68   79.15
 149961.155   449.240    18.74   88.25
 150250.548   447.213    -7.00   97.86
 150539.926   444.605    -9.01   97.97
 150829.289   426.895   -61.20  102.38
 151118.637   400.878   -89.91  114.85
 151407.971   376.864   -82.98  119.41
 151697.290   342.074  -120.23  109.14
 151986.594   324.376   -61.17   96.04
 152275.883   316.331   -27.81   84.94
 152565.158   338.850    77.84   95.24
 152854.418   378.911   138.48  116.20
 153143.664   423.011   152.45  119.52
 153432.895   462.703   137.21  108.01
 153722.111   488.320    88.57   85.80
 154011.312   487.649    -2.32   88.21
 154300.499   479.833   -27.02   94.40
 154589.671   454.370   -88.04  108.73
 154878.828   433.382   -72.57  101.46
 155167.971   406.570   -92.72   98.67
 155457.098   392.808   -47.59  109.98
 155746.212   389.504   -11.43  118.65
 156035.310   393.347    13.29  122.24
 156324.394   389.100   -14.69  116.07
 156613.464   385.967   -10.83  111.70
 156902.518   371.582   -49.76  116.37
 157191.558   368.185   -11.75  117.02
 157480.584   368.541     1.23  118.54
 157769.594   374.654    21.15  140.21
 158058.590   387.482    44.38  143.08
 158347.572   413.791    91.03  138.91
 158636.538   436.453    78.41  107.43
 158925.490   443.750    25.25   93.30
 159214.428   430.925   -44.38   91.55
 159503.351   409.276   -74.92   91.60
 159792.259   374.100  -121.74   90.59
 160081.152   344.188  -103.52   95.38
 160370.031   311.027  -114.78  105.75
 160658.896   269.188  -144.82  118.67
 160947.745   225.585  -150.93  116.37
 161236.580   181.468  -152.72  100.26
 161525.401   144.594  -127.65   69.87
 161814.207   114.803  -103.14   24.35
 162102.998   110.428   -15.15   21.24
 162391.775   105.861   -15.81   20.58
 162680.537   102.379   -12.06   21.35
 162969.284    95.614   -23.42   24.98
 163258.017    84.253   -39.34   24.45
 163546.735    76.114   -28.19   25.88
 163835.439    68.788   -25.37   25.26
 164124.128    60.043   -30.29   19.07
 164412.802    55.597   -15.40   15.58
 164701.462    54.295    -4.51   15.59
 164990.108    56.639     8.12   17.35
 165278.738    59.339     9.35   19.15
 165567.355    64.482    17.82   21.59
 165855.956    74.276    33.93   25.79
 166144.543    80.118    20.24   24.71
 166433.116    80.567     1.55   24.94
 166721.674    76.541   -13.95   27.48
 167010.217    70.848   -19.73   29.30
 167298.746    67.330   -12.19   29.28
 167587.260    63.438   -13.49   26.21
 167875.760    58.054   -18.66   19.96
 168164.245    59.967     6.63   20.20
 168452.716    61.708     6.03   20.19
 168741.172    62.850     3.96   20.52
 169029.613    62.776    -0.25   21.63
 169318.040    61.634    -3.96   21.93
 169606.453    60.069    -5.43   21.71
 169894.850    62.482     8.37   23.03
 170183.234    68.320    20.24   27.28
 170471.603    76.857    29.60   30.28
 170759.957    84.460    26.36   30.83
 171048.297    87.276     9.77   29.51
 171336.622    89.982     9.38   26.67
 171624.933    93.168    11.05   23.95
 171913.229    93.776     2.11   23.57
 172201.511    90.982    -9.69   21.77
 172489.778    91.576     2.06   21.86
 172778.031    93.579     6.95   22.94
 173066.269    99.497    20.53   23.54
 173354.493   107.446    27.57   21.79
 173642.703   113.835    22.17   20.20
 173930.897   119.564    19.88   19.30
 174219.078   124.070    15.63   16.95
 174507.243   128.936    16.88   12.70
 174795.395   130.921     6.89   11.80
 175083.532   130.103    -2.84   13.88
 175371.654   133.144    10.55   17.73
 175659.762   136.388    11.26   19.83
 175947.855   140.295    13.56   22.53
 176235.934   147.526    25.10   25.57
 176523.999   159.105    40.19   35.33
 176812.049   175.679    57.53   51.59
 177100.084   198.669    79.80   69.22
 177388.106   237.255   133.95   95.79
 177676.112   282.585   157.37  126.11
 177964.105   319.072   126.67  127.99
 178252.082   357.591   133.74  127.12
 178540.046   403.997   161.13  127.79
 178827.995   433.859   103.69  130.30
 179115.929   463.320   102.30  132.24
 179403.849   493.859   106.05  132.14
 179691.755   523.658   103.49  121.92
 179979.646   552.261    99.34  105.33
 180267.522   573.910    75.19   86.87
 180555.385   578.129    14.66   80.56
 180843.233   581.536    11.83   68.23
 181131.066   565.408   -56.02   71.44
 181418.885   550.290   -52.52   74.64
 181706.690   529.445   -72.42   75.80
 181994.480   505.243   -84.08   70.83
 182282.256   474.511  -106.77   70.75
 182570.017   441.438  -114.92   68.28
 182857.764   421.779   -68.31   67.38
 183145.497   400.085   -75.38   61.25
 183433.215   388.467   -40.37   48.56
 183720.919   385.938    -8.79   45.33
 184008.608   395.605    33.60   50.88
 184296.283   425.400   103.56   74.25
 184583.944   451.057    89.18   80.11
 184871.590   469.120    62.79   78.92
 185159.222   486.114    59.07   77.44
 185446.839   493.182    24.57   67.82
 185734.442   508.937    54.77   69.31
 186022.031   536.070    94.33   80.01
 186309.606   570.430   119.46  105.70
 186597.166   630.379   208.44  135.84
 186884.711   703.475   254.17  162.06
 187172.242   803.997   349.55  182.40
 187459.759   893.073   309.76  176.97
 187747.262   968.182   261.21  168.69
 188034.750  1064.654   335.52  160.98
 188322.224  1118.489   187.24  125.29
 188609.684  1150.083   109.89   98.38
 188897.129  1141.335   -30.43  111.89
 189184.560  1105.197  -125.71  141.60
 189471.976  1042.664  -217.54  160.62
 189759.378   978.151  -224.43  155.70
 190046.766   886.644  -318.36  154.72
 190334.140   805.728  -281.53  151.87
 190621.499   729.908  -263.81  148.68
 190908.844   666.423  -220.90  136.93
 191196.174   610.732  -193.79  111.29
 191483.490   559.176  -179.41   88.45
 191770.792   532.901   -91.44   77.12
 192058.080   511.776   -73.52   79.64
 192345.353   493.370   -64.06   73.44
 192632.612   472.011   -74.34   72.04
 192919.857   450.402   -75.22   67.51
 193207.087   431.736   -64.98   57.82
 193494.303   422.800   -31.11   53.17
 193781.505   418.363   -15.45   55.93
 194068.692   402.394   -55.60   51.34
 194355.865   384.086   -63.74   48.88
 194643.024   373.083   -38.31   49.02
 194930.169   362.553   -36.67   44.95
 195217.299   352.732   -34.20   41.14
 195504.415   336.703   -55.82   31.88
 195791.517   331.123   -19.43   30.02
 196078.605   321.776   -32.55   28.03
 196365.678   313.751   -27.95   26.18
 196652.737   312.276    -5.14   26.57
 196939.781   316.085    13.27   32.91
 197226.812   333.042    59.07   56.08
 197513.828   356.800    82.76   71.80
 197800.830   375.997    66.88   72.96
 198087.817   404.907   100.72   71.25
 198374.791   428.952    83.77   71.42
 198661.750   452.346    81.51   71.26
 198948.695   486.191   117.93   89.48
 199235.625   525.720   137.74  105.17
 199522.542   566.276   141.33  111.54
 199809.444   601.266   121.94  111.90
 200096.332   627.459    91.29  105.23
 200383.334   645.209    61.84  111.62
 200673.312   645.659     1.55  134.06
 200963.275   641.579   -14.07  150.62
 201253.224   607.146  -118.74  176.11
 201543.157   553.153  -186.19  197.34
 201833.077   496.306  -196.05  197.23
 202122.981   424.797  -246.62  174.89
 202412.872   369.194  -191.78  159.31
 202702.747   301.628  -233.05  135.60
 202992.608   249.266  -180.62  113.95
 203282.455   210.103  -135.09  106.36
 203572.287   173.156  -127.46   89.50
 203862.104   149.199   -82.65   64.13
 204151.907   131.397   -61.42   37.77
 204441.695   143.743    42.60   61.64
 204731.468   183.382   136.77  102.35
 205021.228   220.876   129.38  123.01
 205310.972   263.310   146.43  129.88
 205600.702   294.866   108.90  115.08
 205890.417   303.758    30.69  100.74
 206180.118   304.490     2.52   92.70
 206469.805   270.673  -116.72  108.88
 206759.477   238.674  -110.45  114.75
 207049.134   203.266  -122.22  102.05
 207338.777   176.176   -93.51   73.31
 207628.405   167.852   -28.74   58.44
 207918.019   191.892    83.00   82.98
 208207.618   230.674   133.89  107.39
 208497.202   270.791   138.51  118.99
 208786.773   308.228   129.26  117.64
 209076.328   312.191    13.68  113.62
 209365.869   298.908   -45.87  114.01
 209655.396   280.431   -63.81  119.85
 209944.908   261.281   -66.14  103.96
 210234.406   259.826    -5.02   92.12
 210523.889   258.173    -5.71   80.61
 210813.358   262.859    16.18   73.37
 211102.812   271.504    29.86   64.44
 211392.251   271.039    -1.60   60.99
 211681.676   260.040   -38.00   64.73
 211971.087   232.594   -94.82   58.65
 212260.483   213.685   -65.33   48.55
 212549.865   203.511   -35.15   55.29
 212839.232   193.921   -33.14   64.27
 213128.585   184.837   -31.39   69.96
 213417.923   169.868   -51.73   71.33
 213707.247   152.866   -58.75   71.55
 213996.557   132.086   -71.81   59.45
 214285.851   115.236   -58.24   48.68
 214575.132   102.261   -44.84   36.61
 214864.398    95.073   -24.85   25.31
 215153.649   100.497    18.75   37.56
 215442.887   115.882    53.18   62.92
 215732.109   138.629    78.64   84.49
 216021.317   169.906   108.13  102.49
 216310.511   205.482   123.00  115.43
 216599.690   248.467   148.62  130.21
 216888.855   294.624   159.59  126.46
 217178.006   323.417    99.56  118.62
 217467.142   340.096    57.68  106.86
 217756.263   359.673    67.70   94.16
 218045.370   383.907    83.81   72.89
 218334.463   380.201   -12.82   73.80
 218623.542   355.176   -86.55   80.63
 218912.605   320.541  -119.80   94.37
 219201.655   277.820  -147.77  114.71
 219490.690   238.468  -136.13  118.32
 219779.711   200.100  -132.73   99.33
 220068.717   159.967  -138.84   70.58
 220357.709   144.188   -54.59   53.96
 220646.686   136.475   -26.69   47.07
 220935.649   133.679    -9.67   44.69
 221224.598   131.350    -8.06   44.01
 221513.532   128.649    -9.35   44.20
 221802.452   119.713   -30.92   45.67
 222091.358   109.721   -34.58   46.78
 222380.249    91.498   -63.07   34.04
 222669.126    80.679   -37.44   24.82
 222957.988    71.573   -31.52   15.02
 223246.836    66.185   -18.65   12.38
 223535.670    62.173   -13.89   11.29
 223824.489    59.266   -10.07    8.98
 224113.294    58.879    -1.34    8.86
 224402.084    59.782     3.13   10.13
 224690.861    60.588     2.79   11.11
 224979.622    64.103    12.17   13.42
 225268.370    71.394    25.24   18.52
 225557.103    78.144    23.37   19.08
 225845.822    83.967    20.17   18.09
 226134.526    89.644    19.66   17.19
 226423.216    92.244     9.00   16.52
 226711.892    90.315    -6.68   16.67
 227000.553    84.952   -18.58   18.35
 227289.200    77.408   -26.13   17.43
 227577.833    70.982   -22.26   14.99
 227866.452    65.534   -18.87   15.70
 228155.056    61.408   -14.29   13.92
 228443.645    57.874   -12.24   14.39
 228732.221    54.043   -13.28   14.52
 229020.782    50.861   -11.02   13.99
 229309.329    47.291   -12.37   13.74
 229597.861    45.025    -7.85   13.23
 229886.379    42.310    -9.41   12.45
 230174.883    39.056   -11.28    9.94
 230463.373    36.659    -8.31    7.18
 230751.848    35.164    -5.18    4.35
 231040.309    34.573    -2.05    3.30
 231328.756    35.012     1.52    4.24
 231617.188    35.085     0.25    4.16
 231905.606    34.558    -1.83    3.25
 232194.010    34.747     0.66    3.58
 232482.400    35.536     2.74    5.10
 232770.775    37.649     7.33    6.71
 233059.136    40.086     8.45    8.14
 233347.483    43.376    11.41    9.35
 233635.815    46.541    10.97    9.71
 233924.133    49.236     9.35    8.34
 234212.437    50.394     4.02    6.51
 234500.727    49.320    -3.72    7.21
 234789.002    46.937    -8.27    8.15
 235077.263    44.072    -9.94    7.88
 235365.510    41.674    -8.32    6.93
 235653.742    40.878    -2.76    6.82
 235941.961    41.698     2.85    8.27
 236230.165    43.100     4.86    8.87
 236518.355    46.300    11.10    9.86
 236806.530    50.105    13.20   10.33
 237094.692    54.146    14.02   10.87
 237382.839    57.182    10.53   10.71
 237670.972    58.437     4.35   10.17
 237959.090    58.179    -0.89   10.15
 238247.195    58.011    -0.58   10.00
 238535.285    55.179    -9.83    7.67
 238823.361    53.797    -4.79    8.47
 239111.423    50.585   -11.15    7.56
 239399.470    48.305    -7.91    6.90
 239687.504    46.460    -6.41    6.74
 239975.523    46.027    -1.50    6.74
 240263.528    44.779    -4.33    6.91
 240551.518    43.026    -6.09    7.32
 240839.495    40.874    -7.47    7.52
 241127.457    38.453    -8.41    7.19
 241415.405    36.951    -5.21    6.39
 241703.339    36.042    -3.16    5.66
 241991.259    36.236     0.67    5.63
 242279.164    37.112     3.04    5.85
 242567.056    39.541     8.43    6.58
 242854.933    42.059     8.75    6.97
 243142.796    44.629     8.93    7.07
 243430.645    47.638    10.45    6.73
 243718.479    49.011     4.77    7.37
 244006.300    50.773     6.12    7.03
 244294.106    50.239    -1.85    7.14
 244581.898    50.938     2.43    7.02
 244869.676    51.331     1.36    6.82
 245157.440    52.791     5.07    6.41
 245445.190    53.760     3.37    6.84
 245732.925    55.585     6.34    7.42
 246020.646    56.127     1.88    7.75
 246308.354    56.511     1.33    7.32
 246596.047    54.823    -5.87    7.65
 246883.725    52.740    -7.24    7.85
 247171.390    49.820   -10.15    7.18
 247459.041    47.272    -8.86    6.20
 247746.677    46.179    -3.80    6.23
 248034.299    45.388    -2.75    6.01
 248321.908    44.286    -3.83    6.20
 248609.502    43.806    -1.67    6.10
 248897.082    42.149    -5.76    5.93
 249184.647    40.908    -4.31    6.37
 249472.199    39.547    -4.74    6.06
 249759.737    39.340    -0.72    5.83
 250047.260    38.850    -1.71    5.92
 250334.770    38.247    -2.10    5.93
 250622.265    38.112    -0.47    5.68
 250909.746    38.042    -0.25    5.94
 251197.213    39.423     4.80    6.87
 251484.666    39.998     2.00    7.20
 251772.105    41.281     4.46    7.62
 252059.529    42.982     5.92    7.00
 252346.940    44.692     5.95    5.92
 252634.337    45.359     2.32    5.01
 252921.719    45.833     1.65    4.60
 253209.087    45.057    -2.70    4.95
 253496.442    44.188    -3.02    5.28
 253783.782    43.664    -1.83    5.66
 254071.108    43.120    -1.89    5.63
 254358.420    41.908    -4.22    5.56
 254645.718    40.852    -3.68    5.67
 254933.002    40.391    -1.60    5.89
 255220.272    40.058    -1.16    6.18
 255507.528    38.873    -4.12    6.30
 255794.769    37.800    -3.73    6.08
 256081.997    37.136    -2.31    5.89
 256369.211    35.806    -4.63    5.66
 256656.410    34.939    -3.02    5.84
 256943.596    34.444    -1.72    5.92
 257230.767    33.285    -4.03    5.95
 257517.925    32.213    -3.73    5.64
 257805.068    30.921    -4.50    5.15
 258092.197    30.209    -2.48    4.84
 258379.313    29.167    -3.63    5.17
 258666.414    28.445    -2.51    5.16
 258953.501    27.800    -2.24    5.53
 259240.574    26.526    -4.44    5.80
 259527.634    25.694    -2.90    6.09
 259814.679    24.876    -2.85    6.00
 260101.710    24.103    -2.69    5.81
 260388.727    22.813    -4.50    5.39
 260675.730    22.011    -2.79    5.19
 260962.719    21.295    -2.49    5.30
 261249.694    20.496    -2.78    5.35
 261536.656    19.713    -2.73    5.13
 261823.603    19.504    -0.73    5.46
 262110.536    19.413    -0.32    5.71
 262397.455    19.320    -0.32    5.94
 262686.141    19.176    -0.50    6.29
 262976.100    19.161    -0.05    6.67
 263266.045    18.639    -1.80    6.99
 263555.975    17.534    -3.81    6.82
 263845.892    16.340    -4.12    6.44
 264135.794    14.982    -4.68    5.87
 264425.681    13.336    -5.68    4.19
 264715.555    11.982    -4.67    2.88
 265005.414    11.669    -1.08    2.62
 265295.258    11.562    -0.37    2.60
 265585.088    11.400    -0.56    2.62
 265874.904    11.255    -0.50    2.77
 266164.706    11.012    -0.84    2.80
 266454.493    11.059     0.16    2.81
 266744.267    10.908    -0.52    3.14
 267034.025    12.475     5.40    5.45
 267323.770    14.497     6.98    7.21
 267613.500    16.937     8.42    8.73
 267903.216    20.088    10.87    9.51
 268192.917    23.103    10.41    8.76
 268482.605    25.428     8.02    7.22
 268772.278    25.438     0.03    6.95
 269061.936    24.634    -2.78    7.65
 269351.581    22.511    -7.32    8.05
 269641.211    19.982    -8.73    6.57
 269930.827    18.833    -3.97    4.93
 270220.428    18.634    -0.69    4.51
 270510.016    19.197     1.95    4.45
 270799.589    20.101     3.12    4.29
 271089.147    20.831     2.52    3.84
 271378.692    21.438     2.10    3.56
 271668.222    22.167     2.52    4.06
 271957.738    22.684     1.78    3.72
 272247.240    23.967     4.43    3.93
 272536.727    25.543     5.44    3.91
 272826.201    28.564    10.44    6.26
 273115.659    34.105    19.14   11.71
 273405.104    41.043    23.96   16.79
 273694.535    47.536    22.43   19.47
 273983.951    56.057    29.43   21.67
 274273.353    65.920    34.08   23.76
 274562.741    78.270    42.66   31.35
 274852.114    90.257    41.42   32.38
 275141.474    95.664    18.68   32.33
 275430.819    99.694    13.93   30.90
 275720.150   102.074     8.22   30.66
 276009.466    96.773   -18.32   33.67
 276298.769    82.720   -48.56   31.18
 276588.057    72.224   -36.27   28.48
 276877.331    64.967   -25.08   26.89
 277166.591    55.906   -31.32   20.25
 277455.836    52.497   -11.78   20.24
 277745.068    47.551   -17.10   19.37
 278034.285    42.773   -16.52   17.50
 278323.488    42.567    -0.71   20.48
 278612.677    41.310    -4.34   18.86
 278901.852    39.703    -5.56   16.70
 279191.012    39.907     0.71   16.03
 279480.158    39.391    -1.79   11.89
 279769.290    39.997     2.10    7.97
 280058.408    41.549     5.37    7.20
 280347.512    43.136     5.49    6.85
 280636.601    44.370     4.27    6.17
 280925.677    45.791     4.91    8.65
 281214.738    48.027     7.73   11.08
 281503.785    50.101     7.18   13.48
 281792.818    50.982     3.05   13.90
 282081.837    52.614     5.65   13.04
 282370.841    52.382    -0.80   11.99
 282659.832    50.639    -6.03   11.96
 282948.808    47.070   -12.35   10.71
 283237.770    43.564   -12.13    6.55
 283526.718    41.400    -7.49    6.06
 283815.652    40.185    -4.20    5.91
 284104.571    39.188    -3.45    5.65
 284393.477    38.638    -1.90    5.20
 284682.368    37.281    -4.70    5.68
 284971.245    36.866    -1.43    5.85
 285260.109    37.489     2.16    6.36
 285548.958    36.907    -2.01    6.29
 285837.792    36.920     0.04    6.92
 286126.613    35.864    -3.65    7.69
 286415.420    35.284    -2.01    7.80
 286704.212    34.761    -1.81    7.90
 286992.991    34.526    -0.81    8.76
 287281.755    32.758    -6.12    8.86
 287570.505    33.504     2.58    9.93
 287859.241    36.341     9.82   12.15
 288147.963    37.100     2.63   12.90
 288436.671    40.611    12.16   13.60
 288725.365    41.879     4.39   14.06
 289014.045    44.703     9.78   13.58
 289302.710    47.012     8.00   13.74
 289591.362    45.818    -4.14   14.31
 289879.999    43.279    -8.79   15.20
 290168.622    39.732   -12.29   14.98
 290457.232    34.919   -16.67   12.23
 290745.827    32.644    -7.88    9.99
 291034.408    31.526    -3.87    8.25
 291322.975    31.453    -0.25    7.59
 291611.528    31.191    -0.91    6.36
 291900.067    32.044     2.95    6.71
 292188.592    33.320     4.42    6.82
 292477.102    35.569     7.79    7.65
 292765.599    37.394     6.32    8.42
 293054.082    38.833     4.99   10.72
 293342.550    40.225     4.82   10.82
 293631.005    40.453     0.79    9.85
 293919.445    40.597     0.50    9.74
 294207.872    39.732    -3.00    9.01
 294496.284    39.649    -0.29    8.83
 294784.683    37.864    -6.19    7.89
 295073.067    37.291    -1.99    6.67
 295361.437    37.782     1.70    6.28
 295649.793    38.188     1.41    6.19
 295938.136    38.361     0.60    7.02
 296226.464    37.850    -1.77    7.45
 296514.778    38.530     2.36    7.12
 296803.078    37.056    -5.11    7.77
 297091.364    36.276    -2.70    7.44
 297379.636    34.982    -4.49    7.97
 297667.895    34.041    -3.26    7.74
 297956.139    31.376    -9.24    7.55
 298244.369    28.370   -10.43    7.02
 298532.585    25.643    -9.46    6.71
 298820.787    23.952    -5.87    7.03
 299108.975    21.453    -8.67    7.19
 299397.149    19.939    -5.25    7.00
 299685.309    18.232    -5.92    6.82
 299973.455    15.800    -8.44    7.59
 300261.588    12.878   -10.14    8.56
 300549.706     9.885   -10.38    8.53
 300837.810     7.221    -9.25    8.14
 301125.900     5.221    -6.94    6.97
 301413.976     4.301    -3.19    5.06
 301702.039     5.011     2.47    5.13
 301990.087     6.445     4.97    5.18
 302278.121     8.027     5.49    4.66
 302566.141     8.950     3.20    4.01
 302854.148    10.129     4.09    2.67
 303142.140    10.445     1.10    1.67
 303430.119    10.203    -0.84    1.52
 303718.083    10.042    -0.56    1.47
 304006.034    10.116     0.26    1.29
 304293.970    10.105    -0.04    1.35
 304581.893    10.047    -0.20    1.45
 304869.802    10.027    -0.07    1.58
 305157.696     9.937    -0.31    1.73
 305445.577    10.069     0.46    1.75
 305733.444     9.907    -0.56    1.82
 306021.297     9.609    -1.04    1.79
 306309.136     9.459    -0.52    1.77
 306596.961     9.305    -0.53    1.63
 306884.772     9.758     1.57    2.14
 307172.570    10.536     2.70    2.76
 307460.353    11.146     2.12    2.97
 307748.122    11.997     2.96    3.13
 308035.878    13.041     3.63    2.99
 308323.619    14.134     3.80    2.25
 308611.347    14.213     0.28    2.27
 308899.061    13.743    -1.63    2.46
 309186.761    13.274    -1.63    2.55
 309474.447    13.270    -0.02    2.54
 309762.119    13.520     0.87    2.48
 310049.777    13.388    -0.46    2.19
 310337.421    13.815     1.49    2.09
 310625.052    14.228     1.43    1.79
 310912.668    14.679     1.57    1.51
 311200.271    15.013     1.16    1.39
 311487.859    15.027     0.05    1.58
 311775.434    14.740    -1.00    1.62
 312062.995    14.475    -0.92    1.71
 312350.542    14.453    -0.08    1.84
 312638.076    15.674     4.25    4.18
 312925.595    17.588     6.65    6.78
 313213.101    20.950    11.69    8.96
 313500.592    24.609    12.72    9.99
 313788.070    28.251    12.66    9.67
 314075.534    31.953    12.88    8.45
 314362.984    34.144     7.62    6.88
 314650.420    35.767     5.64    6.26
 314937.842    35.406    -1.25    6.10
 315225.251    34.857    -1.91    6.60
 315512.646    31.864   -10.41    8.87
 315800.026    28.176   -12.83    9.18
 316087.393    25.482    -9.37    8.81
 316374.747    23.600    -6.55    8.01
 316662.086    21.482    -7.37    6.36
 316949.411    20.920    -1.95    6.21
 317236.723    21.751     2.89    6.94
 317524.021    21.475    -0.96    6.99
 317811.305    20.833    -2.23    6.51
 318098.575    20.591    -0.84    6.38
 318385.832    19.855    -2.56    5.84
 318673.074    19.243    -2.13    5.04
