-215548.396    22.180     0.00    1.69
-215258.621    22.251     0.24    1.74
-214968.863    21.925    -1.12    1.81
-214679.121    21.745    -0.62    1.85
-214389.397    21.703    -0.15    1.84
-214099.689    21.491    -0.73    1.72
-213809.999    21.431    -0.21    1.76
-213520.325    21.027    -1.40    1.53
-213230.668    21.109     0.29    1.66
-212941.028    21.131     0.08    1.73
-212651.406    21.140     0.03    1.80
-212361.800    21.214     0.26    1.84
-212072.211    21.337     0.42    1.80
-211782.638    21.534     0.68    1.81
-211493.083    21.409    -0.43    1.83
-211203.545    21.240    -0.58    1.68
-210914.024    21.377     0.47    1.72
-210624.519    21.365    -0.04    1.76
-210335.031    21.183    -0.63    1.76
-210045.561    21.201     0.06    1.82
-209756.107    21.420     0.76    1.77
-209466.670    21.490     0.24    1.83
-209177.250    21.421    -0.24    1.79
-208887.847    21.345    -0.26    1.64
-208598.460    21.323    -0.08    1.58
-208309.091    21.492     0.59    1.47
-208019.738    21.365    -0.44    1.40
-207730.403    21.393     0.10    1.52
-207441.084    21.534     0.49    1.44
-207151.782    21.563     0.10    1.34
-206862.497    21.622     0.20    1.40
-206573.228    21.405    -0.75    1.43
-206283.977    21.140    -0.92    1.44
-205994.742    21.069    -0.24    1.43
-205705.525    20.822    -0.86    1.51
-205416.324    20.576    -0.85    1.36
-205127.140    20.677     0.35    1.50
-204837.972    20.801     0.43    1.52
-204548.822    20.828     0.09    1.67
-204259.688    20.940     0.39    1.75
-203970.572    20.881    -0.20    1.73
-203681.472    20.939     0.20    1.74
-203392.388    20.942     0.01    1.62
-203103.322    20.812    -0.45    1.75
-202814.273    20.791    -0.07    1.74
-202525.240    20.909     0.41    1.83
-202236.224    20.809    -0.34    1.88
-201947.225    20.902     0.32    1.88
-201658.242    21.041     0.48    1.80
-201369.277    20.934    -0.37    1.81
-201080.328    21.301     1.27    1.84
-200791.396    21.298    -0.01    1.83
-200502.481    21.177    -0.42    1.77
-200213.583    21.137    -0.14    1.83
-199924.701    21.048    -0.31    1.73
-199635.836    20.925    -0.43    1.70
-199346.988    20.914    -0.04    1.70
-199058.156    21.089     0.61    1.74
-198769.342    21.068    -0.07    1.58
-198480.544    21.027    -0.14    1.66
-198191.763    20.914    -0.39    1.56
-197902.999    20.637    -0.96    1.59
-197614.251    20.491    -0.51    1.56
-197325.520    20.277    -0.74    1.43
-197036.806    20.120    -0.54    1.29
-196748.109    19.770    -1.21    1.13
-196459.428    19.647    -0.43    1.14
-196170.764    19.423    -0.78    1.18
-195882.117    19.353    -0.24    1.39
-195593.486    19.248    -0.36    1.51
-195304.872    19.254     0.02    1.53
-195016.275    19.134    -0.42    1.54
-194727.695    18.928    -0.71    1.55
-194439.131    18.773    -0.54    1.57
-194150.584    18.714    -0.20    1.59
-193862.054    18.477    -0.82    1.38
-193573.541    18.576     0.34    1.50
-193285.044    18.477    -0.34    1.43
-192996.564    18.637     0.56    1.57
-192708.100    18.766     0.45    1.67
-192419.653    18.858     0.32    1.60
-192131.223    18.691    -0.58    1.72
-191842.810    18.604    -0.30    1.70
-191554.413    18.576    -0.10    1.68
-191266.033    18.420    -0.54    1.63
-190977.669    18.416    -0.01    1.57
-190689.323    18.266    -0.52    1.58
-190400.993    18.284     0.06    1.49
-190112.679    18.277    -0.02    1.51
-189824.382    18.393     0.40    1.52
-189536.102    18.219    -0.60    1.47
-189247.839    18.196    -0.08    1.37
-188959.592    18.280     0.29    1.35
-188671.362    18.234    -0.16    1.33
-188383.148    18.220    -0.05    1.36
-188094.951    18.284     0.22    1.38
-187806.771    18.374     0.31    1.46
-187518.607    18.323    -0.18    1.41
-187230.460    18.323     0.00    1.43
-186942.329    18.353     0.11    1.58
-186654.216    18.159    -0.67    1.60
-186366.118    17.962    -0.68    1.56
-186078.038    18.048     0.30    1.54
-185789.974    18.077     0.10    1.53
-185501.926    17.946    -0.46    1.52
-185213.896    18.091     0.50    1.51
-184925.881    17.909    -0.63    1.46
-184637.884    17.696    -0.74    1.47
-184349.903    17.463    -0.81    1.44
-184061.938    17.520     0.19    1.47
-183773.990    17.519    -0.00    1.66
-183486.059    17.492    -0.10    1.70
-183198.144    17.085    -1.41    1.69
-182910.246    16.925    -0.55    1.73
-182622.365    16.701    -0.78    1.79
-182334.499    16.604    -0.33    1.82
-182046.651    16.353    -0.87    1.71
-181758.819    16.339    -0.05    1.70
-181471.004    16.196    -0.50    1.70
-181183.205    15.969    -0.79    1.68
-180895.423    15.991     0.08    1.79
-180607.657    15.769    -0.77    1.75
-180319.908    15.520    -0.87    1.81
-180032.175    15.252    -0.93    1.68
-179744.459    15.101    -0.52    1.65
-179456.760    14.742    -1.25    1.64
-179169.077    14.520    -0.77    1.54
-178881.410    14.534     0.05    1.58
-178593.760    14.405    -0.45    1.55
-178306.127    14.360    -0.16    1.40
-178018.510    14.360     0.00    1.39
-177730.909    14.645     0.99    1.43
-177443.325    14.632    -0.04    1.51
-177155.758    14.645     0.04    1.50
-176868.207    14.590    -0.19    1.39
-176580.672    14.379    -0.73    1.37
-176293.155    14.254    -0.43    1.35
-176005.653    14.238    -0.06    1.29
-175718.168    14.181    -0.20    1.24
-175430.700    14.477     1.03    1.44
-175143.248    14.576     0.35    1.65
-174855.812    14.885     1.08    1.72
-174568.393    15.083     0.69    1.63
-174280.991    15.168     0.29    1.65
-173993.604    14.931    -0.82    1.54
-173706.235    14.900    -0.11    1.49
-173418.882    14.751    -0.52    1.49
-173131.545    14.635    -0.40    1.32
-172844.225    14.493    -0.50    1.34
-172556.921    14.689     0.68    1.54
-172269.633    14.602    -0.30    1.55
-171982.363    14.770     0.58    1.53
-171695.108    14.977     0.72    1.64
-171407.870    15.078     0.35    1.68
-171120.648    15.055    -0.08    1.60
-170833.443    15.034    -0.07    1.68
-170546.254    15.105     0.25    1.72
-170259.082    15.055    -0.18    1.82
-169971.926    14.777    -0.97    1.85
-169684.787    14.351    -1.49    1.78
-169397.664    14.196    -0.54    1.76
-169110.557    13.990    -0.72    1.77
-168823.467    13.934    -0.19    1.72
-168536.393    13.838    -0.33    1.67
-168249.335    13.769    -0.24    1.68
-167962.294    13.424    -1.20    1.53
-167675.270    13.477     0.18    1.54
-167388.261    13.145    -1.16    1.47
-167101.270    12.978    -0.58    1.34
-166814.294    12.773    -0.71    1.43
-166527.335    12.664    -0.38    1.36
-166240.392    12.647    -0.06    1.43
-165953.466    12.622    -0.09    1.34
-165666.556    12.534    -0.31    1.34
-165379.662    12.604     0.25    1.32
-165092.785    12.710     0.37    1.40
-164805.924    13.062     1.23    1.63
-164519.080    13.506     1.55    1.81
-164232.251    13.960     1.58    1.75
-163945.440    13.900    -0.21    1.62
-163658.644    14.012     0.39    1.48
-163371.865    13.857    -0.54    1.49
-163085.102    13.589    -0.93    1.33
-162798.356    13.266    -1.13    1.30
-162511.626    13.076    -0.67    1.03
-162224.912    12.992    -0.29    1.06
-161938.214    13.125     0.46    1.15
-161651.533    13.534     1.42    1.68
-161364.868    13.848     1.10    1.81
-161078.220    13.990     0.49    1.81
-160791.588    14.288     1.04    1.96
-160504.972    14.228    -0.21    1.82
-160218.372    14.616     1.35    1.95
-159931.789    14.748     0.46    2.04
-159645.222    14.631    -0.41    2.08
-159358.671    14.534    -0.34    2.05
-159072.137    14.592     0.20    2.15
-158785.619    14.244    -1.21    2.14
-158499.117    14.034    -0.73    2.03
-158211.638    13.379    -2.28    1.94
-157921.604    13.055    -1.12    1.78
-157631.588    12.881    -0.60    1.82
-157341.588    12.616    -0.91    2.05
-157051.606    12.463    -0.53    2.02
-156761.639    12.157    -1.06    2.07
-156471.690    12.154    -0.01    2.03
-156181.758    12.107    -0.16    1.99
-155891.842    11.791    -1.09    1.79
-155601.943    11.351    -1.52    1.43
-155312.060    11.223    -0.44    1.29
-155022.195    11.145    -0.27    1.21
-154732.346    10.991    -0.53    1.24
-154442.514    11.093     0.35    1.30
-154152.698    11.162     0.24    1.34
-153862.900    11.148    -0.05    1.30
-153573.118    11.196     0.16    1.29
-153283.352    11.173    -0.08    1.14
-152993.604    11.182     0.03    1.12
-152703.872    11.145    -0.13    1.28
-152414.157    11.294     0.52    1.39
-152124.459    11.328     0.12    1.42
-151834.777    11.284    -0.15    1.38
-151545.112    11.291     0.02    1.31
-151255.464    11.062    -0.79    1.30
-150965.832    11.128     0.23    1.30
-150676.217    11.548     1.45    1.67
-150386.619    11.843     1.02    1.98
-150097.037    11.867     0.08    2.27
-149807.472    11.867     0.00    2.31
-149517.924    11.799    -0.24    2.37
-149228.393    11.999     0.69    2.45
-148938.878    11.985    -0.05    2.56
-148649.380    11.978    -0.02    2.61
-148359.898    11.867    -0.38    2.62
-148070.433    11.703    -0.57    2.37
-147780.985    11.201    -1.74    1.99
-147491.554    11.224     0.08    1.96
-147202.139    11.093    -0.45    1.67
-146912.740    10.962    -0.45    1.38
-146623.359    10.992     0.10    1.22
-146333.994    10.953    -0.14    1.07
-146044.645    10.881    -0.25    1.10
-145755.314    10.934     0.18    1.13
-145465.999    11.063     0.45    1.22
-145176.700    11.205     0.49    1.25
-144887.418    11.244     0.13    1.38
-144598.153    11.351     0.37    1.45
-144308.904    11.270    -0.28    1.45
-144019.672    11.270     0.00    1.35
-143730.457    11.191    -0.27    1.34
-143441.258    11.205     0.05    1.21
-143152.076    11.122    -0.29    1.17
-142862.910    10.990    -0.46    0.97
-142573.761    10.920    -0.24    0.91
-142284.629    10.853    -0.23    0.92
-141995.513    10.858     0.02    1.00
-141706.414    10.720    -0.48    1.11
-141417.331    10.675    -0.16    1.16
-141128.265    10.720     0.16    1.48
-140839.216    10.635    -0.29    1.58
-140550.183    10.446    -0.66    1.56
-140261.166    10.362    -0.29    1.56
-139972.167    10.238    -0.43    1.52
-139683.183    10.077    -0.56    1.54
-139394.217    10.048    -0.10    1.33
-139105.266    10.266     0.76    1.50
-138816.333    10.606     1.18    1.58
-138527.416    11.048     1.53    1.89
-138238.515    11.431     1.33    1.98
-137949.631    11.902     1.63    1.86
-137660.764    11.962     0.21    1.75
-137371.913    11.931    -0.11    1.67
-137083.079    11.348    -2.02    1.70
-136794.261    10.830    -1.80    1.85
-136505.460    10.248    -2.01    1.83
-136216.675     9.734    -1.78    1.61
-135927.906     9.328    -1.41    1.45
-135639.155     8.983    -1.19    1.12
-135350.419     8.759    -0.78    0.78
-135061.701     8.728    -0.11    0.74
-134772.998     8.689    -0.14    0.60
-134484.313     8.703     0.05    0.61
-134195.643     8.605    -0.34    0.39
-133906.991     8.578    -0.09    0.21
-133618.354     8.548    -0.10    0.12
-133329.735     8.534    -0.05    0.00
-133041.131     8.534     0.00    0.00
-132752.545     8.534     0.00    0.00
-132463.974     8.534     0.00    0.00
-132175.420     8.534     0.00    0.00
-131886.883     8.534     0.00    0.00
-131598.362     8.534     0.00    0.00
-131309.858     8.534     0.00    0.00
-131021.370     8.534     0.00    0.00
-130732.898     8.534     0.00    0.00
-130444.443     8.534     0.00    0.00
-130156.004     8.534     0.00    0.00
-129867.582     8.534     0.00    0.00
-129579.176     8.534     0.00    0.00
-129290.787     8.534     0.00    0.00
-129002.414     8.534     0.00    0.00
-128714.058     8.534     0.00    0.00
-128425.718     8.534     0.00    0.00
-128137.394     8.534     0.00    0.00
-127849.087     8.534     0.00    0.00
-127560.796     8.534     0.00    0.00
-127272.522     8.534     0.00    0.00
-126984.264     8.534     0.00    0.00
-126696.022     8.534     0.00    0.00
-126407.797     8.534     0.00    0.00
-126119.589     8.534     0.00    0.00
-125831.396     8.534     0.00    0.00
-125543.220     8.534     0.00    0.00
-125255.061     8.534     0.00    0.00
-124966.918     8.534     0.00    0.00
-124678.791     8.534     0.00    0.00
-124390.681     8.534     0.00    0.00
-124102.587     8.534     0.00    0.00
-123814.509     8.534     0.00    0.00
-123526.448     8.534     0.00    0.00
-123238.403     8.534     0.00    0.00
-122950.375     8.534     0.00    0.00
-122662.363     8.534     0.00    0.00
-122374.367     8.534     0.00    0.00
-122086.387     8.534     0.00    0.00
-121798.424     8.590     0.20    0.33
-121510.478     8.606     0.06    0.36
-121222.547     8.634     0.10    0.42
-120934.633     8.787     0.53    0.67
-120646.736     8.942     0.54    0.82
-120358.854     9.125     0.64    0.98
-120070.989     9.196     0.24    1.07
-119783.141     9.490     1.02    1.15
-119495.308     9.607     0.41    1.18
-119207.492     9.705     0.34    1.18
-118919.693     9.461    -0.85    1.13
-118631.909     9.244    -0.76    1.02
-118344.142     9.248     0.01    1.02
-118056.391     9.177    -0.25    0.96
-117768.657     9.177     0.00    1.12
-117480.939     9.201     0.08    1.12
-117193.237     9.152    -0.17    1.08
-116905.551     9.377     0.78    1.35
-116617.882     9.886     1.77    2.83
-116330.229    10.648     2.65    3.94
-116042.593    10.809     0.56    4.01
-115754.972    10.985     0.61    4.00
-115467.368    11.534     1.91    4.12
-115179.780    12.505     3.38    4.49
-114892.209    13.093     2.04    4.44
-114604.653    12.357    -2.56    3.36
-114317.114    12.273    -0.29    3.50
-114029.592    11.962    -1.08    3.29
-113742.085    11.577    -1.34    3.21
-113454.595    11.277    -1.04    3.25
-113167.121    10.421    -2.98    2.66
-112879.663     9.934    -1.70    1.88
-112592.222    10.240     1.06    2.23
-112304.796    11.152     3.17    3.50
-112017.387    12.766     5.62    4.52
-111729.995    14.577     6.30    4.97
-111442.618    16.302     6.00    5.04
-111155.258    17.962     5.78    4.55
-110867.914    19.220     4.38    3.61
-110580.586    19.805     2.04    3.11
-110293.274    19.722    -0.29    3.30
-110005.979    18.681    -3.63    3.63
-109718.700    17.820    -3.00    3.42
-109431.437    17.154    -2.32    2.79
-109144.190    16.905    -0.86    2.40
-108856.960    16.677    -0.80    2.12
-108569.745    16.082    -2.07    2.67
-108282.547    15.320    -2.65    3.08
-107995.365    14.652    -2.33    3.32
-107708.199    13.107    -5.38    3.01
-107421.050    12.012    -3.81    2.46
-107133.916    11.172    -2.93    1.80
-106846.799    10.858    -1.09    1.58
-106559.698    10.731    -0.44    1.55
-106272.613    10.647    -0.29    1.59
-105985.545    10.407    -0.83    1.43
-105698.492    10.377    -0.11    1.41
-105411.456    10.475     0.34    1.27
-105124.436    10.416    -0.20    1.39
-104837.432    10.418     0.01    1.39
-104550.444    10.420     0.01    1.37
-104263.472    10.365    -0.19    1.56
-103976.516    10.505     0.49    1.69
-103689.577    10.452    -0.19    1.67
-103402.654    10.365    -0.30    1.80
-103115.747    10.650     0.99    1.69
-102828.856    10.857     0.72    1.62
-102541.981    10.862     0.02    1.57
-102255.122    10.940     0.27    1.45
-101968.280    10.962     0.08    1.53
-101681.453    11.097     0.47    1.54
-101394.643    11.205     0.38    1.64
-101107.849    11.393     0.66    1.72
-100821.070    11.432     0.14    1.69
-100534.308    11.431    -0.01    1.59
-100247.563    11.634     0.71    1.63
 -99960.833    11.606    -0.10    1.60
 -99674.119    11.759     0.53    2.02
 -99387.421    11.717    -0.15    2.07
 -99100.740    11.576    -0.49    2.05
 -98814.075    11.348    -0.79    1.82
 -98527.425    11.117    -0.81    1.81
 -98240.792    10.637    -1.68    1.54
 -97954.175    10.299    -1.18    1.21
 -97667.574    10.063    -0.82    1.25
 -97380.989     9.931    -0.46    1.28
 -97094.420     9.867    -0.22    1.38
 -96807.867    10.105     0.83    1.81
 -96521.330    10.464     1.25    1.89
 -96234.810    11.027     1.96    2.04
 -95945.658    11.520     1.70    2.11
 -95655.639    12.019     1.72    2.03
 -95365.638    12.391     1.28    2.27
 -95075.652    12.754     1.25    2.22
 -94785.684    13.162     1.41    2.23
 -94495.732    13.476     1.08    2.14
 -94205.796    13.939     1.60    2.42
 -93915.877    14.520     2.00    2.35
 -93625.975    14.843     1.11    2.29
 -93336.088    15.196     1.22    2.37
 -93046.219    15.620     1.46    2.44
 -92756.366    15.999     1.31    2.24
 -92466.529    16.309     1.07    2.19
 -92176.709    16.891     2.01    2.15
 -91886.906    17.618     2.51    2.01
 -91597.119    18.077     1.58    1.95
 -91307.348    18.431     1.22    1.88
 -91017.594    19.004     1.98    2.06
 -90727.856    19.983     3.38    2.14
 -90438.135    20.462     1.65    2.06
 -90148.430    21.006     1.88    2.15
 -89858.742    21.477     1.62    2.31
 -89569.071    21.970     1.70    2.20
 -89279.415    22.620     2.24    2.36
 -88989.776    23.462     2.91    2.72
 -88700.154    24.372     3.14    3.00
 -88410.548    25.838     5.06    3.49
 -88120.959    27.294     5.03    3.80
 -87831.386    29.547     7.78    4.16
 -87541.829    31.379     6.33    4.33
 -87252.289    32.734     4.68    3.90
 -86962.765    33.622     3.07    3.35
 -86673.258    33.777     0.53    3.29
 -86383.767    33.946     0.58    3.13
 -86094.293    33.632    -1.08    3.40
 -85804.835    33.393    -0.83    3.14
 -85515.393    33.381    -0.04    3.42
 -85225.968    33.914     1.84    3.89
 -84936.559    35.034     3.87    4.22
 -84647.167    36.357     4.57    4.42
 -84357.791    37.578     4.22    5.09
 -84068.431    39.519     6.71    5.05
 -83779.088    41.196     5.79    4.41
 -83489.761    42.187     3.42    3.88
 -83200.451    42.784     2.06    3.24
 -82911.157    43.407     2.15    2.77
 -82621.879    43.834     1.48    2.48
 -82332.618    43.122    -2.46    2.71
 -82043.373    42.360    -2.64    2.81
 -81754.145    41.328    -3.57    2.95
 -81464.933    40.725    -2.08    2.94
 -81175.737    39.928    -2.76    2.98
 -80886.558    38.816    -3.85    3.13
 -80597.395    37.689    -3.90    3.13
 -80308.248    36.562    -3.90    3.08
 -80019.118    35.284    -4.42    3.00
 -79730.004    34.254    -3.56    3.05
 -79440.906    33.331    -3.19    2.97
 -79151.825    32.248    -3.75    2.75
 -78862.760    31.720    -1.83    2.73
 -78573.712    31.505    -0.74    3.07
 -78284.679    31.621     0.40    3.62
 -77995.664    31.784     0.56    3.84
 -77706.664    32.196     1.42    3.91
 -77417.681    32.313     0.41    3.76
 -77128.714    32.476     0.56    3.52
 -76839.763    32.393    -0.29    3.27
 -76550.829    31.462    -3.22    3.59
 -76261.911    30.294    -4.04    3.67
 -75973.009    28.838    -5.04    3.25
 -75684.124    27.769    -3.70    2.45
 -75395.255    26.766    -3.47    2.22
 -75106.402    25.784    -3.40    2.19
 -74817.566    24.662    -3.88    2.58
 -74528.746    23.891    -2.67    2.53
 -74239.942    23.423    -1.62    2.23
 -73951.154    23.154    -0.93    2.12
 -73662.383    23.548     1.37    2.60
 -73373.628    24.360     2.81    3.34
 -73084.889    25.519     4.01    3.68
 -72796.167    26.652     3.92    3.90
 -72507.460    27.891     4.29    3.91
 -72218.771    29.196     4.52    3.88
 -71930.097    30.603     4.88    4.06
 -71641.439    32.041     4.98    4.15
 -71352.798    32.970     3.22    3.94
 -71064.173    33.740     2.67    3.54
 -70775.565    34.154     1.43    3.24
 -70486.972    34.181     0.09    3.09
 -70198.396    33.320    -2.98    3.41
 -69909.836    32.191    -3.91    3.31
 -69621.293    30.872    -4.57    3.31
 -69332.765    29.717    -4.00    3.05
 -69044.254    28.693    -3.55    2.69
 -68755.759    27.769    -3.20    2.87
 -68467.280    27.220    -1.91    3.04
 -68178.818    27.107    -0.39    3.24
 -67890.371    26.977    -0.45    3.47
 -67601.941    26.985     0.03    3.57
 -67313.527    27.096     0.38    4.06
 -67025.129    27.168     0.25    4.12
 -66736.748    28.085     3.18    3.86
 -66448.383    28.299     0.74    3.18
 -66160.034    27.867    -1.50    2.85
 -65871.701    27.607    -0.90    2.57
 -65583.384    26.675    -3.24    2.96
 -65295.083    25.773    -3.13    3.22
 -65006.799    24.534    -4.30    3.49
 -64718.531    23.506    -3.57    3.05
 -64430.279    22.820    -2.38    2.73
 -64142.043    22.872     0.18    3.24
 -63853.823    23.698     2.87    4.21
 -63565.620    25.299     5.55    5.08
 -63277.433    26.834     5.33    5.10
 -62989.261    28.182     4.68    4.14
 -62701.107    28.689     1.76    3.29
 -62412.968    28.280    -1.42    3.24
 -62124.845    27.434    -2.94    3.58
 -61836.738    25.813    -5.63    3.59
 -61548.648    24.446    -4.75    3.25
 -61260.574    23.328    -3.88    2.98
 -60972.516    22.402    -3.22    2.42
 -60684.474    21.590    -2.82    2.32
 -60396.448    20.748    -2.92    2.63
 -60108.438    19.791    -3.32    2.61
 -59820.445    19.162    -2.18    2.68
 -59532.467    18.431    -2.54    2.82
 -59244.506    17.122    -4.55    2.74
 -58956.561    16.269    -2.96    2.89
 -58668.631    15.505    -2.65    2.62
 -58380.718    14.591    -3.17    2.51
 -58092.821    13.691    -3.13    2.38
 -57804.941    12.705    -3.42    2.41
 -57517.076    11.954    -2.61    2.25
 -57229.227    11.225    -2.53    2.35
 -56941.395    10.666    -1.94    2.29
 -56653.578    10.177    -1.70    2.30
 -56365.778     9.801    -1.30    2.09
 -56077.994     9.505    -1.03    2.48
 -55790.226     9.604     0.34    2.70
 -55502.474    10.120     1.79    3.42
 -55214.738    11.062     3.28    4.52
 -54927.018    12.431     4.76    5.09
 -54639.314    14.122     5.88    5.37
 -54351.626    15.420     4.51    5.35
 -54063.954    16.618     4.17    4.88
 -53776.299    17.991     4.77    4.15
 -53488.659    18.862     3.03    4.14
 -53201.035    19.942     3.75    4.09
 -52913.428    21.062     3.89    4.61
 -52625.836    22.166     3.84    4.50
 -52338.261    23.681     5.27    4.03
 -52050.701    24.766     3.77    3.46
 -51763.158    25.418     2.27    3.13
 -51475.631    25.777     1.25    2.98
 -51188.119    25.662    -0.40    3.08
 -50900.624    25.182    -1.67    3.13
 -50613.145    24.420    -2.65    3.42
 -50325.681    23.832    -2.04    3.38
 -50038.234    23.563    -0.94    3.64
 -49750.803    23.564     0.00    3.73
 -49463.388    23.621     0.20    3.48
 -49175.989    23.348    -0.95    3.23
 -48888.605    22.309    -3.62    3.78
 -48601.238    22.125    -0.64    3.84
 -48313.887    21.905    -0.77    4.04
 -48026.552    21.548    -1.24    3.82
 -47739.232    21.460    -0.31    3.81
 -47451.929    21.063    -1.38    3.98
 -47164.642    20.813    -0.87    4.27
 -46877.371    19.505    -4.55    4.51
 -46590.115    17.787    -5.98    4.67
 -46302.876    16.083    -5.93    3.79
 -46015.653    14.948    -3.95    3.16
 -45728.445    14.027    -3.21    2.83
 -45441.254    13.666    -1.25    2.64
 -45154.078    13.593    -0.26    2.49
 -44866.919    14.071     1.67    2.22
 -44579.775    14.262     0.67    1.94
 -44292.648    14.977     2.49    2.61
 -44005.536    15.991     3.53    3.46
 -43718.440    17.077     3.78    3.88
 -43431.361    18.154     3.75    4.41
 -43144.297    21.049    10.09    8.17
 -42857.249    23.416     8.25    9.67
 -42570.217    24.360     3.29    9.36
 -42283.201    25.262     3.14    9.24
 -41996.201    26.801     5.36    8.94
 -41709.217    27.548     2.60    8.15
 -41422.249    28.013     1.62    6.44
 -41135.296    28.120     0.37    5.27
 -40848.360    28.795     2.35    4.70
 -40561.439    30.137     4.68    4.50
 -40274.535    31.705     5.47    5.32
 -39987.646    33.328     5.66    5.42
 -39700.773    35.077     6.10    5.08
 -39413.916    35.962     3.09    4.94
 -39127.075    36.616     2.28    5.20
 -38840.250    37.351     2.56    5.30
 -38553.441    37.505     0.54    5.27
 -38266.648    37.313    -0.67    4.77
 -37979.870    37.405     0.32    4.56
 -37693.109    37.857     1.58    4.11
 -37406.363    38.862     3.51    3.85
 -37119.633    39.762     3.14    3.27
 -36832.919    40.777     3.54    3.73
 -36546.221    41.705     3.24    3.89
 -36259.539    42.820     3.89    4.27
 -35972.872    43.902     3.77    3.94
 -35686.222    44.277     1.31    3.84
 -35399.587    44.593     1.10    4.19
 -35112.968    43.799    -2.77    5.91
 -34826.365    42.689    -3.87    6.95
 -34539.778    41.369    -4.60    8.40
 -34253.207    40.795    -2.01   10.26
 -33965.845    43.689    10.07   19.70
 -33675.832    48.418    16.31   32.07
 -33385.836    53.477    17.44   39.71
 -33095.855    60.196    23.17   46.31
 -32805.891    63.461    11.26   51.13
 -32515.944    65.348     6.51   52.79
 -32226.012    59.812   -19.10   51.97
 -31936.097    54.027   -19.95   50.73
 -31646.198    47.305   -23.19   46.69
 -31356.315    36.166   -38.43   35.35
 -31066.449    27.710   -29.17   20.63
 -30776.599    23.490   -14.56    9.76
 -30486.765    20.773    -9.37    5.92
 -30196.947    19.362    -4.87    5.49
 -29907.146    19.145    -0.75    5.11
 -29617.361    19.097    -0.16    4.51
 -29327.592    18.983    -0.39    4.37
 -29037.840    18.446    -1.86    4.30
 -28748.103    18.191    -0.88    4.25
 -28458.383    22.273    14.09   14.17
 -28168.679    29.334    24.37   28.32
 -27878.992    29.490     0.54   28.86
 -27589.320    29.834     1.19   29.25
 -27299.665    26.005   -13.22   22.74
 -27010.026    22.922   -10.65   14.16
 -26720.403    19.725   -11.04    7.27
 -26430.797    19.638    -0.30    6.91
 -26141.206    21.905     7.83    8.57
 -25851.632    24.675     9.56   10.06
 -25562.074    27.191     8.69   10.69
 -25272.533    29.691     8.63   11.64
 -24983.007    33.418    12.87   11.56
 -24693.498    37.070    12.62   12.70
 -24404.005    39.902     9.78   12.68
 -24114.528    42.519     9.04   13.31
 -23825.067    45.294     9.59   13.18
 -23535.622    48.020     9.42   14.33
 -23246.194    47.928    -0.32   13.02
 -22956.782    47.191    -2.55   12.00
 -22667.386    46.916    -0.95   10.52
 -22378.006    48.148     4.26   10.87
 -22088.642    48.740     2.04   11.25
 -21799.295    49.220     1.66   11.66
 -21509.963    50.434     4.20   11.67
 -21220.648    52.312     6.49   10.44
 -20931.349    53.351     3.59    9.05
 -20642.066    54.048     2.41    8.08
 -20352.799    54.196     0.51    6.72
 -20063.549    53.477    -2.49    6.84
 -19774.314    52.519    -3.31    6.61
 -19485.096    51.648    -3.01    6.75
 -19195.894    51.302    -1.20    6.60
 -18906.707    50.383    -3.18    5.97
 -18617.538    50.069    -1.09    5.69
 -18328.384    50.623     1.92    5.07
 -18039.246    51.196     1.98    5.67
 -17750.124    50.734    -1.60    6.53
 -17461.019    50.534    -0.69    6.79
 -17171.929    51.125     2.05    8.01
 -16882.856    52.592     5.07    9.31
 -16593.799    54.048     5.04    9.59
 -16304.758    56.020     6.82    9.08
 -16015.733    58.299     7.89    8.65
 -15726.724    58.652     1.22    9.20
 -15437.731    57.720    -3.22   10.48
 -15148.755    56.273    -5.01   10.87
 -14859.794    53.280   -10.36   10.92
 -14570.850    52.520    -2.63   10.65
 -14281.921    50.748    -6.13   10.76
 -13993.009    49.606    -3.95   10.98
 -13704.112    49.922     1.09   10.00
 -13415.232    48.519    -4.86    9.69
 -13126.368    47.277    -4.30    8.55
 -12837.520    44.590    -9.30    8.65
 -12548.688    40.905   -12.76    8.12
 -12259.872    37.345   -12.33    7.30
 -11971.072    33.872   -12.03    7.51
 -11682.288    30.360   -12.16    7.68
 -11393.520    27.299   -10.60    6.90
 -11104.768    25.328    -6.82    6.28
 -10816.033    25.091    -0.82    7.33
 -10527.313    25.848     2.62    8.38
 -10238.609    27.162     4.55    9.67
  -9949.921    28.805     5.69    9.63
  -9661.250    29.534     2.52    8.17
  -9372.594    29.652     0.41    6.35
  -9083.955    29.990     1.17    5.46
  -8795.331    28.284    -5.91    5.27
  -8506.724    26.331    -6.77    5.03
  -8218.132    24.691    -5.68    5.10
  -7929.556    22.877    -6.29    5.19
  -7640.997    20.999    -6.51    5.03
  -7352.453    19.070    -6.68    4.44
  -7063.926    18.713    -1.24    4.81
  -6775.414    19.034     1.11    5.56
  -6486.919    18.784    -0.87    6.22
  -6198.439    19.780     3.45    6.89
  -5909.976    19.934     0.53    6.64
  -5621.528    20.162     0.79    5.77
  -5333.096    20.351     0.65    5.11
  -5044.681    19.962    -1.35    4.75
  -4756.281    19.474    -1.69    4.54
  -4467.897    17.946    -5.30    3.94
  -4179.530    17.225    -2.50    3.80
  -3891.178    15.461    -6.12    4.56
  -3602.842    13.620    -6.39    5.17
  -3314.522    11.848    -6.14    5.39
  -3026.218     9.872    -6.85    5.26
  -2737.930     7.748    -7.37    5.21
  -2449.658     5.776    -6.84    4.25
  -2161.402     4.385    -4.83    2.48
  -1873.162     3.769    -2.14    1.94
  -1584.938     3.391    -1.31    1.70
  -1296.730     3.320    -0.25    1.98
  -1008.537     2.848    -1.64    2.30
   -720.361     2.294    -1.92    2.68
   -432.200     1.448    -2.94    2.99
   -144.056     0.638    -2.81    2.82
    144.073     0.161    -1.66    2.66
    432.186    -0.113    -0.95    2.35
    720.282     0.105     0.76    2.01
   1008.363     0.703     2.07    2.08
   1296.428     1.210     1.76    1.98
   1584.477     1.689     1.66    1.79
   1872.511     2.093     1.40    1.45
   2160.528     1.967    -0.44    1.45
   2448.529     1.832    -0.47    1.40
   2736.515     1.843     0.04    1.38
   3024.484     1.662    -0.63    1.39
   3312.438     1.618    -0.15    1.35
   3600.376     1.520    -0.34    1.29
   3888.298     1.562     0.15    1.25
   4176.204     1.916     1.23    1.44
   4464.095     1.877    -0.14    1.39
   4751.969     1.997     0.41    1.49
   5039.827     2.049     0.18    1.41
   5327.670     1.934    -0.40    1.39
   5615.497     1.900    -0.12    1.42
   5903.308     1.705    -0.68    1.45
   6191.103     1.420    -0.99    1.41
   6478.882     1.622     0.70    1.44
   6766.646     1.594    -0.10    1.39
   7054.393     1.609     0.05    1.41
   7342.125     1.607    -0.00    1.37
   7629.841     1.844     0.82    1.32
   7917.541     2.027     0.64    1.30
   8205.225     2.062     0.12    1.24
   8492.894     2.077     0.05    1.19
   8780.546     2.460     1.33    1.59
   9068.183     3.807     4.68    4.83
   9355.804     5.416     5.60    6.09
   9643.409     8.166     9.56    8.11
   9930.998    11.323    10.98    9.28
  10218.572    14.604    11.41    9.33
  10506.130    17.577    10.34    8.13
  10793.671    20.134     8.89    6.84
  11081.198    20.577     1.54    6.77
  11368.708    21.049     1.64    6.83
  11656.202    21.107     0.20    6.85
  11943.681    22.740     5.68    8.75
  12231.144    31.005    28.75   24.13
  12518.591    34.097    10.76   26.46
  12806.023    37.562    12.06   29.10
  13093.438    41.820    14.81   28.44
  13380.838    45.562    13.02   25.24
  13668.222    52.713    24.88   27.99
  13955.591    65.225    43.54   40.06
  14242.943    87.196    76.46   56.75
  14530.280   101.891    51.14   59.97
  14817.601   115.407    47.04   61.79
  15104.906   118.820    11.88   54.66
  15392.196   117.962    -2.98   52.42
  15679.470   105.462   -43.51   44.29
  15966.728    92.519   -45.06   23.23
  16253.970    84.652   -27.39   13.55
  16541.197    82.402    -7.83   14.24
  16828.408    75.882   -22.70   14.70
  17115.603    69.351   -22.74   15.53
  17402.782    64.691   -16.23   13.03
  17689.946    64.420    -0.95   16.44
  17977.094    66.795     8.27   19.27
  18264.226    76.960    35.40   32.61
  18551.342    86.843    34.42   37.79
  18838.443    98.402    40.26   39.24
  19125.528   106.853    29.44   35.94
  19412.598   113.148    21.93   34.86
  19699.651   120.891    26.97   48.00
  19986.689   122.461     5.47   50.58
  20273.712   121.751    -2.47   56.27
  20560.718   124.122     8.26   59.09
  20847.709   114.328   -34.13   54.86
  21134.684   107.725   -23.01   46.93
  21421.644    97.240   -36.54   42.60
  21708.588    86.857   -36.18   34.91
  21995.516    75.186   -40.68   23.80
  22282.428    64.896   -35.86   11.65
  22569.325    59.720   -18.04    8.78
  22856.206    56.085   -12.67    6.33
  23143.072    53.475    -9.10    5.54
  23429.922    52.034    -5.02    5.14
  23716.756    50.490    -5.38    5.25
  24003.574    49.299    -4.15    5.86
  24290.377    47.891    -4.91    5.57
  24577.164    47.348    -1.89    5.60
  24863.936    46.635    -2.49    5.45
  25150.692    45.809    -2.88    5.23
  25437.432    44.240    -5.47    5.37
  25724.157    43.026    -4.23    6.39
  26010.866    42.355    -2.34    6.82
  26297.559    41.099    -4.38    7.19
  26584.237    39.262    -6.41    7.38
  26870.899    37.591    -5.83    7.30
  27157.545    36.420    -4.09    7.20
  27444.176    35.622    -2.78    7.00
  27730.791    34.049    -5.49    6.79
  28017.391    32.140    -6.66    6.70
  28306.444    30.803    -4.63    5.87
  28596.440    29.708    -3.77    5.49
  28886.419    28.334    -4.74    4.81
  29176.382    27.097    -4.26    3.87
  29466.330    26.492    -2.09    3.95
  29756.261    26.331    -0.55    4.10
  30046.176    25.652    -2.34    3.79
  30336.075    25.191    -1.59    3.89
  30625.958    24.548    -2.22    3.64
  30915.825    24.105    -1.53    4.00
  31205.676    23.475    -2.17    3.79
  31495.512    23.291    -0.63    4.13
  31785.331    22.662    -2.17    4.41
  32075.134    22.295    -1.27    4.76
  32364.921    21.431    -2.98    4.59
  32654.692    20.295    -3.92    3.74
  32944.447    20.134    -0.56    4.32
  33234.185    20.055    -0.27    4.45
  33523.908    20.143     0.30    5.46
  33813.615    21.434     4.46    6.58
  34103.306    22.698     4.36    7.56
  34392.981    24.011     4.53    7.61
  34682.640    24.696     2.36    7.57
  34972.283    25.490     2.74    7.55
  35261.910    26.920     4.94    6.62
  35551.522    28.618     5.87    5.84
  35841.117    29.320     2.42    5.35
  36130.696    29.664     1.19    5.15
  36420.259    30.490     2.85    5.12
  36709.806    31.429     3.25    4.80
  36999.337    31.446     0.06    4.65
  37288.853    31.262    -0.63    4.43
  37578.352    30.168    -3.78    4.19
  37867.835    29.248    -3.18    4.86
  38157.303    27.634    -5.58    5.03
  38446.754    25.299    -8.07    4.94
  38736.190    23.862    -4.96    4.80
  39025.609    22.622    -4.28    4.66
  39315.013    20.940    -5.81    4.60
  39604.400    20.041    -3.10    4.56
  39893.772    19.506    -1.85    4.66
  40183.128    18.858    -2.24    4.94
  40472.468    18.196    -2.29    5.21
  40761.792    17.578    -2.13    5.20
  41051.100    16.280    -4.49    5.41
  41340.392    15.250    -3.56    5.15
  41629.669    14.820    -1.49    4.74
  41918.929    15.447     2.17    5.31
  42208.173    16.999     5.36    6.58
  42497.402    18.791     6.20    7.01
  42786.615    20.402     5.57    6.61
  43075.811    21.902     5.19    5.80
  43364.992    22.817     3.17    5.28
  43654.157    23.748     3.22    5.82
  43943.306    24.720     3.36    7.15
  44232.440    27.234     8.70   10.71
  44521.557    30.766    12.22   13.75
  44810.658    36.027    18.20   15.09
  45099.744    41.387    18.54   15.75
  45388.814    48.534    24.72   16.52
  45677.868    54.360    20.15   16.35
  45966.906    59.848    18.99   15.36
  46255.928    62.360     8.69   14.56
  46544.934    67.389    17.40   14.19
  46833.924    71.990    15.92   19.40
  47122.899    75.549    12.32   20.31
  47411.858    80.093    15.72   23.86
  47700.801    86.063    20.66   25.01
  47989.728    88.843     9.62   25.71
  48278.639    85.805   -10.51   30.35
  48567.534    80.305   -19.04   34.35
  48856.414    71.377   -30.91   36.15
  49145.277    58.041   -46.16   33.81
  49434.125    43.220   -51.31   24.16
  49722.957    35.431   -26.97   17.20
  50011.774    28.459   -24.14   10.04
  50300.574    26.099    -8.17    7.81
  50589.359    23.784    -8.02    6.90
  50878.128    21.331    -8.49    6.43
  51166.881    19.858    -5.10    6.32
  51455.618    19.137    -2.50    6.18
  51744.339    19.020    -0.41    5.71
  52033.045    19.740     2.49    7.13
  52321.735    20.983     4.31    9.52
  52610.409    24.005    10.47   11.38
  52899.067    26.131     7.36   11.86
  53187.709    27.720     5.50   11.29
  53476.336    28.820     3.81   11.13
  53764.947    28.622    -0.68    9.86
  54053.542    27.882    -2.57    8.91
  54342.121    26.431    -5.03    7.94
  54630.685    25.177    -4.35    7.30
  54919.233    23.848    -4.60    7.21
  55207.765    24.062     0.74    7.88
  55496.281    23.977    -0.29    8.69
  55784.782    23.622    -1.23    8.63
  56073.267    22.803    -2.84    8.86
  56361.736    22.372    -1.49    9.14
  56650.189    21.284    -3.77    8.82
  56938.626    19.791    -5.18    7.91
  57227.048    19.548    -0.84    7.74
  57515.454    20.731     4.10   10.16
  57803.845    22.934     7.64   12.28
  58092.219    26.911    13.79   12.63
  58380.578    29.683     9.61   10.45
  58668.921    31.668     6.88    7.93
  58957.249    31.372    -1.03    7.29
  59245.561    30.234    -3.95    7.64
  59533.857    27.970    -7.85    7.73
  59822.137    25.848    -7.36    7.34
  60110.402    23.693    -7.47    6.75
  60398.650    20.916    -9.63    6.84
  60686.884    19.325    -5.52    7.01
  60975.101    19.788     1.61    8.25
  61263.303    20.186     1.38   11.06
  61551.489    21.389     4.17   12.48
  61839.660    21.252    -0.47   12.50
  62127.814    20.191    -3.68   12.40
  62415.953    18.891    -4.51   11.84
  62704.077    16.549    -8.13    9.98
  62992.184    14.402    -7.45    8.63
  63280.276    11.240   -10.97    5.27
  63568.353     8.605    -9.14    3.91
  63856.413     7.220    -4.81    3.69
  64144.458     6.131    -3.78    3.48
  64432.488     5.662    -1.63    3.36
  64720.502     5.120    -1.88    3.09
  65008.500     4.534    -2.03    2.85
  65296.482     4.143    -1.36    2.52
  65584.449     3.784    -1.25    2.41
  65872.400     3.620    -0.57    2.23
  66160.335     3.148    -1.64    1.97
  66448.255     2.714    -1.51    1.69
  66736.159     2.374    -1.18    1.46
  67024.048     2.172    -0.70    1.34
  67311.921     2.299     0.44    1.46
  67599.778     2.563     0.92    1.57
  67887.620     2.769     0.72    1.73
  68175.446     3.362     2.06    2.01
  68463.256     3.635     0.95    2.00
  68751.051     3.812     0.61    1.90
  69038.830     3.805    -0.02    1.90
  69326.594     3.387    -1.45    2.05
  69614.342     3.146    -0.84    2.06
  69902.074     2.952    -0.67    1.90
  70189.791     2.637    -1.09    1.60
  70477.492     2.534    -0.36    1.58
  70765.178     2.620     0.30    1.43
  71052.848     2.773     0.53    1.58
  71340.502     3.005     0.81    1.67
  71628.141     3.152     0.51    1.80
  71915.765     3.206     0.19    1.85
  72203.372     3.291     0.30    1.98
  72490.964     3.181    -0.38    1.91
  72778.541     3.262     0.28    1.71
  73066.102     3.238    -0.08    1.75
  73353.647     3.418     0.63    1.96
  73641.177     3.548     0.45    1.97
  73928.691     3.431    -0.41    2.12
  74216.190     3.382    -0.17    2.18
  74503.673     3.235    -0.51    2.17
  74791.141     2.743    -1.71    2.73
  75078.593     2.362    -1.32    2.66
  75366.030     2.159    -0.71    2.49
  75653.451     1.867    -1.01    2.51
  75940.856     1.844    -0.08    2.60
  76228.246     2.107     0.92    2.35
  76515.621     1.925    -0.63    2.31
  76802.979     1.769    -0.54    2.30
  77090.323     1.446    -1.13    1.88
  77377.651     1.534     0.31    1.89
  77664.963     1.534     0.00    1.78
  77952.260     1.737     0.71    1.74
  78239.541     1.820     0.29    1.69
  78526.807     2.056     0.82    1.74
  78814.057     2.186     0.45    1.75
  79101.292     2.490     1.06    1.86
  79388.511     2.172    -1.11    1.79
  79675.715     2.294     0.43    1.89
  79962.903     2.168    -0.44    1.90
  80250.076     2.070    -0.34    2.08
  80537.233     2.162     0.32    2.05
  80824.375     2.328     0.58    2.08
  81111.502     2.488     0.56    2.06
  81398.612     2.357    -0.46    2.16
  81685.708     2.181    -0.61    2.28
  81972.788     2.034    -0.51    2.30
  82259.852     1.942    -0.32    2.23
  82546.901     1.780    -0.56    2.28
  82833.935     1.769    -0.04    2.36
  83120.953     1.563    -0.72    2.36
  83407.955     1.473    -0.31    2.26
  83694.943     1.269    -0.71    2.22
  83981.914     1.265    -0.01    2.47
  84268.871     1.215    -0.17    2.58
  84555.811     1.085    -0.45    2.49
  84842.737     1.085     0.00    2.49
  85129.647     0.769    -1.10    2.43
  85416.541     0.725    -0.15    2.40
  85703.420     0.754     0.10    2.18
  85990.284     0.960     0.72    2.08
  86277.132     1.026     0.23    2.03
  86563.965     1.049     0.08    2.00
  86850.782     1.191     0.50    2.66
  87137.584     1.305     0.40    2.79
  87424.371     1.505     0.70    2.85
  87711.142     1.862     1.24    3.06
  87997.898     1.931     0.24    3.06
  88284.638     2.155     0.78    2.95
  88571.363     2.265     0.38    2.46
  88858.072     2.230    -0.12    2.20
  89144.766     2.230     0.00    2.13
  89431.445     2.348     0.41    2.09
  89718.108     2.291    -0.20    2.14
  90004.756     2.166    -0.44    2.09
  90292.122     2.490     1.13    2.05
  90582.107     2.534     0.15    1.96
  90872.076     2.731     0.68    2.01
  91162.029     2.722    -0.03    1.87
  91451.966     3.012     1.00    1.80
  91741.888     3.013     0.00    1.76
  92031.793     3.305     1.01    2.33
  92321.683     3.196    -0.38    2.34
  92611.557     2.916    -0.96    1.68
  92901.416     3.240     1.12    1.92
  93191.258     3.299     0.20    2.12
  93481.085     3.291    -0.03    2.24
  93770.896     3.114    -0.61    2.09
  94060.691     2.990    -0.43    2.31
  94350.470     3.240     0.86    2.41
  94640.234     3.372     0.46    2.45
  94929.982     3.225    -0.51    2.42
  95219.714     3.116    -0.38    2.56
  95509.430     3.345     0.79    2.47
  95799.131     3.477     0.45    2.33
  96088.816     3.377    -0.35    2.33
  96378.485     3.345    -0.11    2.21
  96668.138     3.177    -0.58    2.09
  96957.776     2.990    -0.65    1.94
  97247.398     2.952    -0.13    2.28
  97537.004     2.999     0.16    2.32
  97826.594     3.013     0.05    2.44
  98116.169     3.041     0.10    2.15
  98405.728     3.162     0.42    2.21
  98695.271     3.131    -0.11    2.30
  98984.799     3.328     0.68    2.45
  99274.310     3.284    -0.15    2.26
  99563.807     3.273    -0.04    2.23
  99853.287     3.177    -0.33    2.18
 100142.752     3.337     0.55    2.16
 100432.200     3.091    -0.85    2.05
 100721.634     3.019    -0.25    2.01
 101011.051     3.322     1.05    2.84
 101300.453     3.337     0.05    2.89
 101589.839     3.664     1.13    2.97
 101879.210     3.824     0.55    2.86
 102168.564     3.928     0.36    2.91
 102457.903     4.120     0.66    2.84
 102747.227     3.548    -1.97    2.04
 103036.535     3.431    -0.41    1.82
 103325.827     3.357    -0.25    2.15
 103615.103     3.125    -0.80    2.08
 103904.364     3.205     0.28    1.81
 104193.609     3.201    -0.02    1.95
 104482.838     3.083    -0.41    1.93
 104772.052     3.105     0.08    1.97
 105061.250     2.967    -0.48    1.97
 105350.432     2.975     0.03    2.16
 105639.599     3.273     1.03    2.17
 105928.750     3.288     0.05    2.18
 106217.886     3.234    -0.19    2.15
 106507.005     3.477     0.84    2.15
 106796.110     3.534     0.20    2.18
 107085.198     3.637     0.36    2.33
 107374.271     3.593    -0.15    2.23
 107663.328     3.922     1.14    2.07
 107952.370     3.847    -0.26    1.97
 108241.396     3.710    -0.47    1.85
 108530.407     3.666    -0.15    1.92
 108819.401     3.848     0.63    2.22
 109108.381     3.891     0.15    2.31
 109397.344     3.892     0.00    2.30
 109686.292     3.946     0.19    2.18
 109975.225     4.428     1.67    2.24
 110264.141     4.920     1.70    2.08
 110553.043     4.777    -0.49    1.93
 110841.928     4.713    -0.22    1.95
 111130.798     4.592    -0.42    2.01
 111419.653     4.288    -1.05    2.15
 111708.491     3.877    -1.42    2.52
 111997.315     3.372    -1.75    2.99
 112286.122     3.131    -0.84    2.86
 112574.914     3.244     0.39    2.86
 112863.691     3.302     0.20    2.87
 113152.452     3.664     1.25    2.98
 113441.197     3.446    -0.76    2.85
 113729.927     3.370    -0.26    2.91
 114018.641     3.460     0.31    2.42
 114307.340     3.564     0.36    2.40
 114596.023     3.444    -0.41    2.32
 114884.691     3.334    -0.38    2.26
 115173.343     3.191    -0.49    2.06
 115461.979     3.083    -0.37    2.01
 115750.600     3.049    -0.12    1.89
 116039.206     3.387     1.17    2.10
 116327.796     4.004     2.14    2.76
 116616.370     4.534     1.83    4.12
 116904.929     4.691     0.54    4.19
 117193.472     5.421     2.53    4.66
 117482.000     7.519     7.27    6.56
 117770.512    10.360     9.84    9.96
 118059.009    13.325    10.28   11.95
 118347.490    15.370     7.09   12.39
 118635.956    17.710     8.11   11.36
 118924.406    19.519     6.27   11.36
 119212.841    19.691     0.60   10.90
 119501.260    19.377    -1.09   10.97
 119789.664    18.374    -3.47   10.17
 120078.052    16.447    -6.68    7.85
 120366.425    16.817     1.28    8.79
 120654.782    15.975    -2.92    9.02
 120943.124    17.019     3.62    9.11
 121231.450    16.784    -0.82    8.60
 121519.761    16.220    -1.96    5.52
 121808.057    17.114     3.10    4.72
 122096.336    18.013     3.12    5.10
 122384.601    21.769    13.03   11.49
 122672.850    25.809    14.01   15.46
 122961.083    30.637    16.75   17.69
 123249.301    37.128    22.52   19.30
 123537.504    42.168    17.48   19.44
 123825.691    46.006    13.32   17.47
 124113.862    48.447     8.47   12.96
 124402.019    52.360    13.58   11.90
 124690.159    58.034    19.69   12.73
 124978.285    62.609    15.88   12.95
 125266.395    67.475    16.89   15.98
 125554.489    78.176    37.14   25.01
 125842.568    96.105    62.23   41.83
 126130.632   113.748    61.24   47.50
 126418.680   141.012    94.64   62.28
 126706.712   180.505   137.10   80.76
 126994.730   221.579   142.59   88.50
 127282.732   258.773   129.13   91.58
 127570.718   293.328   119.98   81.10
 127858.689   305.034    40.65   75.76
 128146.645   312.734    26.74   67.94
 128434.585   317.905    17.96   64.55
 128722.510   306.985   -37.92   71.61
 129010.419   286.592   -70.82   84.68
 129298.313   260.838   -89.45   90.40
 129586.192   234.710   -90.75   95.84
 129874.055   199.240  -123.21   91.13
 130161.903   172.248   -93.76   78.47
 130449.735   144.905   -94.99   55.55
 130737.553   128.244   -57.88   32.80
 131025.354   131.062     9.79   40.42
 131313.141   143.773    44.16   52.21
 131600.912   159.094    53.24   58.22
 131888.667   176.740    61.31   60.10
 132176.407   194.372    61.27   55.65
 132464.132   209.520    52.64   49.08
 132751.842   223.191    47.51   55.70
 133039.536   239.461    56.55   71.42
 133327.215   255.607    56.12   88.90
 133614.878   280.937    88.04  104.78
 133902.526   315.011   118.45  113.03
 134190.159   338.931    83.15  114.00
 134477.777   382.176   150.34  111.20
 134765.379   404.461    77.48  106.35
 135052.965   413.020    29.76  101.17
 135340.537   413.505     1.69   94.83
 135628.093   397.254   -56.51   93.61
 135915.634   380.122   -59.58   99.32
 136203.159   340.754  -136.90  115.32
 136490.669   292.064  -169.33  126.27
 136778.164   239.477  -182.90  122.25
 137065.644   191.737  -166.04  101.27
 137353.108   155.340  -126.60   73.54
 137640.557   130.477   -86.49   42.76
 137927.990   122.362   -28.23   41.37
 138215.408   121.534    -2.88   45.86
 138502.811   117.078   -15.50   47.58
 138790.199   108.668   -29.26   51.74
 139077.571    98.288   -36.12   55.08
 139364.929    85.891   -43.13   55.37
 139652.270    69.867   -55.76   45.50
 139939.597    55.004   -51.72   26.21
 140226.908    46.416   -29.89    9.75
 140514.204    44.235    -7.59   10.22
 140801.485    48.828    15.98   21.77
 141088.750    52.877    14.09   28.13
 141376.000    64.313    39.81   43.54
 141663.235    73.305    31.30   49.76
 141950.455    79.562    21.78   54.41
 142237.659    85.377    20.24   56.57
 142524.848    83.937    -5.01   57.23
 142812.022    78.416   -19.22   57.64
 143099.181    64.322   -49.08   48.48
 143386.324    56.011   -28.94   38.47
 143673.452    46.107   -34.49   31.84
 143960.565    38.954   -24.91   23.62
 144247.663    34.534   -15.39   19.89
 144534.745    31.252   -11.43   17.68
 144821.812    28.722    -8.81   16.62
 145108.864    24.975   -13.05   14.04
 145395.901    22.240    -9.53    8.81
 145682.922    21.563    -2.36    8.39
 145969.928    24.320     9.60   15.48
 146256.920    31.288    24.28   27.12
 146543.895    44.083    44.58   41.85
 146830.856    61.099    59.29   60.08
 147117.801    84.250    80.67   71.28
 147404.732   107.847    82.23   80.85
 147691.647   133.428    89.15   82.63
 147978.546   134.799     4.78   75.20
 148265.431   143.157    29.13   67.65
 148552.300   153.848    37.26   62.80
 148839.155   157.291    12.00   56.42
 149125.994   151.012   -21.89   52.75
 149412.817   141.925   -31.68   56.99
 149699.626   128.276   -47.58   63.28
 149986.420   111.952   -56.91   58.56
 150273.198    96.019   -55.55   47.64
 150559.961    88.360   -26.70   33.76
 150846.709    85.977    -8.31   32.15
 151133.442    87.679     5.94   33.66
 151420.159    86.238    -5.02   36.72
 151706.862    80.071   -21.51   43.09
 151993.549    67.313   -44.50   47.71
 152280.221    48.490   -65.65   44.02
 152569.262    29.295   -66.40   33.36
 152859.226    15.999   -45.85   18.43
 153149.175     8.717   -25.11    8.59
 153439.108     5.418   -11.38    3.95
 153729.026     4.004    -4.87    2.00
 154018.928     3.504    -1.73    1.46
 154308.815     3.428    -0.26    1.40
 154598.686     3.431     0.01    1.52
 154888.541     3.389    -0.14    1.75
 155178.381     3.520     0.45    1.74
 155468.206     3.606     0.30    1.90
 155758.015     3.664     0.20    1.98
 156047.808     3.799     0.46    2.01
 156337.586     3.892     0.32    2.08
 156627.348     4.210     1.10    2.63
 156917.095     5.220     3.48    4.51
 157206.826     6.562     4.63    6.02
 157496.542     7.731     4.03    7.08
 157786.242     8.635     3.12    7.43
 158075.927     9.261     2.16    7.72
 158365.596     9.385     0.43    7.78
 158655.250     9.625     0.83    7.73
 158944.888     9.934     1.07    8.17
 159234.511     9.519    -1.43    7.67
 159524.118     8.177    -4.64    6.66
 159813.710     7.220    -3.30    6.03
 160103.286     6.181    -3.59    5.14
 160392.846     5.402    -2.69    4.83
 160682.392     4.428    -3.36    3.46
 160971.922     3.668    -2.62    2.04
 161261.436     3.477    -0.66    1.62
 161550.935     3.385    -0.32    1.67
 161840.418     3.476     0.32    1.83
 162129.886     3.447    -0.10    1.75
 162419.338     3.400    -0.16    1.83
 162708.775     3.299    -0.35    1.85
 162998.197     3.352     0.18    1.77
 163287.603     3.254    -0.34    1.74
 163576.993     3.302     0.16    1.71
 163866.368     3.345     0.15    1.61
 164155.728     3.372     0.09    1.47
 164445.072     3.382     0.04    1.44
 164734.401     3.490     0.37    1.46
 165023.714     3.291    -0.69    1.47
 165313.012     3.248    -0.15    1.46
 165602.295     3.230    -0.06    1.49
 165891.562     3.299     0.24    1.52
 166180.813     3.416     0.41    1.53
 166470.050     3.302    -0.39    1.35
 166759.270     3.246    -0.19    1.47
 167048.476     3.284     0.13    1.52
 167337.666     3.246    -0.13    1.59
 167626.840     3.114    -0.46    1.58
 167915.999     3.248     0.47    1.68
 168205.143     3.277     0.10    1.73
 168494.271     3.418     0.49    1.75
 168783.384     3.623     0.71    2.21
 169072.482     3.902     0.96    2.14
 169361.564     3.928     0.09    2.05
 169650.631     4.070     0.49    2.05
 169939.682     3.858    -0.73    2.04
 170228.718     3.843    -0.05    2.08
 170517.739     3.780    -0.22    2.11
 170806.744     3.549    -0.80    1.86
 171095.734     3.655     0.37    1.84
 171384.708     3.666     0.04    1.92
 171673.667     4.902     4.27    6.78
 171962.611     9.248    15.04   16.13
 172251.539    12.391    10.88   19.27
 172540.452    13.606     4.21   19.37
 172829.350    13.990     1.33   18.10
 173118.232    12.261    -5.98   15.40
 173407.099    11.265    -3.45   12.72
 173695.951     8.191   -10.64    8.65
 173984.787     6.201    -6.89    5.72
 174273.608     4.491    -5.92    2.12
 174562.414     4.708     0.75    1.84
 174851.204     5.062     1.23    2.17
 175139.979     5.788     2.51    2.46
 175428.739     6.743     3.31    2.67
 175717.483     8.034     4.47    3.26
 176006.212    11.063    10.49    7.46
 176294.925    14.012    10.21    9.43
 176583.624    19.999    20.73   22.32
 176872.307    23.843    13.31   23.78
 177160.974    31.975    28.17   31.58
 177449.627    38.276    21.83   33.00
 177738.264    36.922    -4.69   28.97
 178026.886    36.887    -0.12   25.59
 178315.492    37.490     2.09   23.67
 178604.083    39.937     8.48   22.28
 178892.659    43.562    12.56   21.38
 179181.220    49.548    20.74   27.40
 179469.765    66.990    60.44   44.41
 179758.295    86.191    66.54   57.64
 180046.810   102.284    55.77   59.75
 180335.309   113.969    40.50   58.52
 180623.794   119.128    17.88   57.41
 180912.263   119.280     0.53   50.49
 181200.716   119.431     0.52   42.98
 181489.155   116.828    -9.02   38.95
 181777.578   124.746    27.45   44.40
 182065.986   122.426    -8.04   45.94
 182354.378   119.975    -8.50   48.98
 182642.756   119.954    -0.07   48.31
 182931.118   121.367     4.90   47.35
 183219.465   123.834     8.55   47.83
 183507.796   122.377    -5.05   42.18
 183796.113   123.269     3.09   35.31
 184084.414   131.409    28.23   37.21
 184372.700   145.946    50.42   39.48
 184660.970   158.377    43.12   40.18
 184949.226   160.708     8.09   36.09
 185237.466   159.985    -2.51   36.26
 185525.691   158.577    -4.88   37.60
 185813.901   147.872   -37.14   36.83
 186102.096   132.322   -53.95   35.12
 186390.275   120.811   -39.94   38.44
 186678.439   110.432   -36.01   39.12
 186966.588   103.853   -22.83   39.49
 187254.722    91.999   -41.13   35.11
 187542.840    77.041   -51.91   28.27
 187830.944    67.114   -34.45   26.28
 188119.032    59.063   -27.94   26.29
 188407.105    53.428   -19.56   24.93
 188695.163    48.078   -18.57   19.50
 188983.205    49.720     5.70   24.00
 189271.233    58.954    32.06   37.69
 189559.245    70.365    39.61   48.94
 189847.242    83.460    45.46   57.87
 190135.224   102.235    65.18   69.34
 190423.190   117.231    52.07   71.66
 190711.142   119.549     8.05   73.96
 190999.078   123.446    13.53   79.76
 191287.000   108.122   -53.21   77.14
 191574.906    89.280   -65.43   67.58
 191862.797    67.403   -75.98   47.30
 192150.672    53.504   -48.27   35.54
 192438.533    42.549   -38.05   28.77
 192726.378    35.564   -24.26   26.73
 193014.209    26.887   -30.14   22.62
 193302.024    20.834   -21.03   21.34
 193589.824    18.316    -8.75   18.80
 193877.609    21.435    10.84   23.28
 194165.378    21.475     0.14   22.21
 194453.133    24.137     9.25   23.67
 194740.872    25.011     3.04   21.22
 195028.597    25.988     3.39   20.57
 195316.306    25.137    -2.96   19.99
 195604.000    22.593    -8.84   19.29
 195891.679    17.220   -18.67   16.53
 196179.343    11.220   -20.85    8.98
 196466.992     9.360    -6.46    7.21
 196754.626     8.269    -3.79    6.25
 197042.244     9.155     3.08    7.08
 197329.848    12.990    13.33   12.56
 197617.436    18.952    20.73   16.39
 197905.009    23.374    15.38   16.99
 198192.568    30.294    24.06   19.55
 198480.111    34.063    13.10   18.98
 198767.639    37.737    12.77   19.03
 199055.152    41.867    14.36   22.58
 199342.650    44.352     8.64   26.01
 199630.132    41.784    -8.93   28.49
 199917.600    40.609    -4.09   29.02
 200205.053    35.034   -19.39   28.25
 200492.490    29.362   -19.73   24.56
 200779.913    22.780   -22.90   19.80
 201067.320    18.809   -13.81   14.34
 201354.713    18.325    -1.68   14.79
 201642.090    18.666     1.19   14.28
 201929.453    20.110     5.02   15.58
 202216.800    23.196    10.74   16.21
 202504.132    23.969     2.69   16.93
 202791.449    22.803    -4.06   16.97
 203078.751    19.162   -12.67   16.66
 203366.038    14.911   -14.80   15.28
 203653.310    11.231   -12.81   14.30
 203940.567     6.549   -16.30    7.04
 204227.809     4.429    -7.38    2.28
 204515.036     3.882    -1.91    1.95
 204802.248     3.621    -0.91    2.06
 205089.445     3.447    -0.61    2.17
 205376.627     3.387    -0.21    2.12
 205663.794     3.444     0.20    2.07
 205950.946     3.416    -0.10    2.00
 206238.083     3.367    -0.17    2.04
 206525.205     3.416     0.17    1.87
 206812.312     3.460     0.15    1.78
 207099.404     3.534     0.26    1.82
 207386.480     3.337    -0.69    1.90
 207673.542     3.534     0.69    2.12
 207960.589     3.668     0.47    2.10
 208247.621     3.916     0.86    2.14
 208534.638     3.623    -1.02    2.25
 208821.640     3.564    -0.21    2.27
 209108.627     3.520    -0.15    2.03
 209395.599     3.650     0.45    2.00
 209682.556     4.177     1.84    4.24
 209969.498     4.034    -0.50    4.28
 210256.425     4.131     0.34    4.23
 210543.337     4.034    -0.34    4.12
 210830.235     4.155     0.42    2.16
 211117.117     4.041    -0.40    2.26
 211403.984     3.916    -0.44    2.39
 211690.836     4.191     0.96    2.41
 211977.674     4.288     0.34    2.29
 212264.496     4.418     0.45    2.08
 212551.304     4.593     0.61    1.79
 212838.096     4.564    -0.10    1.80
 213124.874     4.607     0.15    1.63
 213411.636     4.548    -0.21    1.85
 213698.384     4.505    -0.15    1.91
 213985.117     4.256    -0.87    2.01
 214271.835     3.902    -1.24    2.04
 214559.270     3.975     0.26    2.05
 214849.231     4.242     0.92    2.05
 215139.176     4.398     0.54    1.78
 215429.107     4.372    -0.09    1.77
 215719.021     4.416     0.15    1.57
 216008.921     4.506     0.31    1.51
 216298.805     4.664     0.55    1.63
 216588.674     4.592    -0.25    1.56
 216878.527     4.534    -0.20    1.59
 217168.365     4.362    -0.59    1.55
 217458.188     4.387     0.09    1.54
 217747.996     4.462     0.26    1.58
 218037.788     5.635     4.05    5.96
 218327.565     6.791     3.99    7.53
 218617.327     7.635     2.91    8.51
 218907.073     7.887     0.87    8.50
 219196.804     7.125    -2.63    7.21
 219486.520     6.734    -1.35    6.84
 219776.221     5.666    -3.68    4.28
 220065.906     4.769    -3.10    2.44
 220355.576     4.577    -0.66    1.87
 220645.231     4.784     0.72    2.00
 220934.870     4.703    -0.28    2.04
 221224.495     4.843     0.48    2.05
 221514.104     4.928     0.29    2.01
 221803.698     4.896    -0.11    1.79
 222093.276     4.969     0.25    1.68
 222382.839     4.791    -0.61    1.61
 222672.387     4.931     0.48    1.46
 222961.920     5.125     0.67    1.44
 223251.438     5.225     0.35    1.44
 223540.940     5.322     0.33    1.57
 223830.427     5.191    -0.45    1.67
 224119.899     5.177    -0.05    1.65
 224409.356     5.261     0.29    1.59
 224698.797     5.414     0.53    1.67
 224988.223     5.416     0.01    1.69
 225277.634     5.731     1.09    1.62
 225567.030     5.563    -0.58    1.74
 225856.411     5.683     0.41    1.75
 226145.776     5.623    -0.21    1.85
 226435.126     5.490    -0.46    1.89
 226724.461     5.205    -0.98    2.47
 227013.781     5.313     0.37    2.60
 227303.085     5.519     0.71    2.60
 227592.375     5.313    -0.71    2.57
 227881.649     5.310    -0.01    2.55
 228170.908     5.348     0.13    2.49
 228460.152     5.805     1.58    2.01
 228749.380     5.916     0.38    1.96
 229038.594     6.078     0.56    2.04
 229327.792     6.340     0.91    1.99
 229616.975     6.683     1.19    2.02
 229906.143     6.640    -0.15    2.12
 230195.296     6.799     0.55    2.25
 230484.434     7.048     0.86    2.36
 230773.556     7.101     0.18    2.35
 231062.663     7.056    -0.16    2.35
 231351.756     6.867    -0.65    2.36
 231640.833     6.822    -0.16    2.33
 231929.894     6.725    -0.33    2.18
 232218.941     6.428    -1.03    2.02
 232507.973     6.320    -0.37    2.08
 232796.989     6.205    -0.40    2.31
 233085.990     6.230     0.08    2.50
 233374.977     6.578     1.21    2.45
 233663.948     6.837     0.90    2.53
 233952.904     6.946     0.38    2.52
 234241.844     6.809    -0.47    2.52
 234530.770     6.708    -0.35    2.95
 234819.681     6.886     0.62    2.87
 235108.576     7.107     0.77    3.03
 235397.456     7.843     2.54    3.27
 235686.322     8.211     1.27    3.22
 235975.172     8.685     1.64    3.23
 236264.007     9.210     1.82    2.87
 236552.827     9.931     2.49    2.68
 236841.631     9.914    -0.06    2.85
 237130.421    10.418     1.74    2.97
 237419.196    10.862     1.54    3.00
 237707.955    11.269     1.41    2.83
 237996.700    11.956     2.38    2.88
 238285.429    11.857    -0.34    2.85
 238574.143    11.911     0.18    2.93
 238862.843    11.867    -0.15    2.93
 239151.527    11.703    -0.57    2.71
 239440.196    11.857     0.54    3.16
 239728.850    11.563    -1.02    3.13
 240017.489    11.903     1.18    3.47
 240306.113    12.413     1.77    3.41
 240594.722    13.116     2.44    3.87
 240883.316    13.504     1.35    3.84
 241171.894    13.377    -0.44    3.84
 241460.458    13.215    -0.56    3.79
 241749.007    13.476     0.90    4.13
 242037.540    14.026     1.91    4.42
 242326.059    14.867     2.91    5.00
 242614.562    14.960     0.32    4.73
 242903.051    15.490     1.84    4.50
 243191.524    15.940     1.56    4.36
 243479.983    15.824    -0.40    4.44
 243768.426    15.693    -0.45    4.15
 244056.855    14.857    -2.90    3.43
 244345.268    14.458    -1.38    3.23
 244633.666    14.056    -1.39    3.01
 244922.050    12.911    -3.97    3.00
 245210.418    12.519    -1.36    3.16
 245498.771    11.448    -3.71    4.17
 245787.110     9.799    -5.72    4.85
 246075.433     7.967    -6.35    5.39
 246363.741     6.094    -6.49    5.38
 246652.035     4.503    -5.52    4.64
 246940.313     3.828    -2.34    3.95
 247228.576     3.784    -0.15    3.61
 247516.825     4.745     3.33    4.09
 247805.058     6.027     4.45    4.22
 248093.277     7.215     4.12    3.91
 248381.480     8.460     4.32    3.20
 248669.668     9.221     2.64    2.47
 248957.842     9.446     0.78    2.28
 249246.000     9.693     0.86    2.10
 249534.144     9.650    -0.15    2.22
 249822.273     9.604    -0.16    2.07
 250110.386     9.637     0.11    2.12
 250398.485     9.652     0.05    2.02
 250686.569     9.795     0.50    2.15
 250974.637     9.898     0.35    2.07
 251262.691     9.862    -0.12    2.13
 251550.730     9.696    -0.58    2.16
 251838.754     9.462    -0.81    2.19
 252126.763     9.215    -0.86    2.20
 252414.757     8.891    -1.12    2.09
 252702.736     8.997     0.37    2.70
 252990.700     9.004     0.02    2.89
 253278.650     9.196     0.67    2.84
 253566.584     9.416     0.77    2.82
 253854.504     9.534     0.41    4.22
 254142.408    10.077     1.89    6.54
 254430.298    11.679     5.56    9.58
 254718.172    19.334    26.59   25.16
 255006.032    25.519    21.48   30.51
 255293.877    26.250     2.54   31.01
 255581.707    27.161     3.16   31.07
 255869.522    27.056    -0.37   30.60
 256157.322    24.148   -10.10   27.99
 256445.108    19.122   -17.46   22.59
 256732.878    12.416   -23.30   13.60
 257020.633     8.257   -14.45    1.59
 257308.374     8.307     0.17    1.77
 257596.100     8.387     0.28    1.98
 257883.811     8.365    -0.08    1.93
 258171.507     8.476     0.39    2.03
 258459.188     8.291    -0.64    2.12
 258746.854     8.305     0.05    1.93
 259034.505     7.990    -1.10    1.99
 259322.142     7.872    -0.41    2.00
 259609.763     8.063     0.66    1.92
 259897.370     8.310     0.86    1.79
 260184.962     8.134    -0.61    1.88
 260472.539     8.097    -0.13    1.98
 260760.101     8.019    -0.27    2.05
 261047.649     7.952    -0.23    2.06
 261335.181     7.952     0.00    2.08
 261622.699     7.716    -0.82    1.90
 261910.202     7.773     0.20    1.90
 262197.690     8.056     0.99    2.15
 262485.163     8.181     0.43    2.20
 262772.621     9.086     3.15    5.09
 263060.065    10.220     3.94    8.29
 263347.493    10.534     1.09    8.76
 263634.907    10.579     0.16    8.92
 263922.306    10.357    -0.77    8.60
 264209.691     9.776    -2.02    8.29
 264497.060     8.372    -4.89    2.11
 264784.415     8.664     1.02    2.76
 265071.754    14.114    18.96   15.83
 265359.079    23.101    31.27   26.91
 265646.390    34.534    39.78   35.29
 265933.685    51.328    58.44   43.40
 266220.966    72.140    72.43   52.07
 266508.231    87.398    53.10   54.19
 266795.483   112.832    88.53   59.13
 267082.719   130.710    62.23   66.78
 267369.940   162.648   111.17   79.38
 267657.147   201.269   134.44   89.05
 267944.339   238.934   131.12   97.20
 268231.516   266.093    94.55   84.27
 268518.678   277.382    39.31   75.85
 268805.826   273.027   -15.17   90.35
 269092.959   251.374   -75.39  108.21
 269380.077   218.748  -113.61  121.29
 269667.180   176.162  -148.30  111.82
 269954.269   130.519  -158.95   88.90
 270241.342    88.725  -145.55   57.19
 270528.401    71.458   -60.14   41.59
 270815.446    61.653   -34.15   33.14
 271102.475    55.157   -22.63   30.56
 271389.490    50.070   -17.72   28.91
 271676.490    48.591    -5.15   31.09
 271963.475    46.799    -6.24   29.41
 272250.446    41.593   -18.14   26.63
 272537.402    37.672   -13.66   27.00
 272824.343    31.428   -21.76   22.69
 273111.269    28.607    -9.83   19.06
 273398.181    31.041     8.48   23.53
 273685.078    33.448     8.39   24.96
 273971.960    36.072     9.15   27.97
 274258.828    39.999    13.69   29.97
 274545.680    37.712    -7.97   26.91
