#    0.049  -3.099   5.332 ;Mean Elev.(m), Avg Gradient(m/km), RMS Gradient(m/km) - SRTM1     
#    4.749  -3.163   5.246 ;Mean Elev.(m), Avg Gradient(m/km), RMS Gradient(m/km) - ASTER GDEM
#    1.466  -3.029   5.368 ;Mean Elev.(m), Avg Gradient(m/km), RMS Gradient(m/km) - GMTED2010 
   1 119.131291  32.246741     4.663     4.493  4 54668.39749527 31.239
   2 119.130242  32.247552     9.337     7.307  5 54678.31313917 31.121
   3 119.132689  32.246895     5.242     5.299  5 54688.22878262 30.172
   4 119.135947  32.247550     6.023     5.682  5 54698.14442408 32.038
   6 119.132834  32.247093     5.361     5.356  5 54717.97571852 30.498
   7 119.127549  32.247108     4.965     4.973  4 54727.89136734 31.223
   8 119.123827  32.246873     5.158     4.890  4 54737.80701456 30.856
   9 119.121986  32.248095     4.864     5.069  4 54747.72266122 29.931
  10 119.123105  32.246932     4.626     4.500  4 54757.63830815 31.032
  11 119.124331  32.247112     4.773     4.670  5 54767.55395274 29.971
  12 119.125128  32.247081     7.923     8.565  4 54777.46959408 28.571
  13 119.125075  32.247280     4.538     4.469  4 54787.38523301 31.987
  14 119.125573  32.247485     4.427     4.396  4 54797.30087120 30.063
  15 119.128917  32.247346     4.543     4.321  5 54807.21650978 31.230
  16 119.134283  32.245962     5.291     4.941  5 54817.13214828 28.986
  17 119.133226  32.247474     5.436     5.567  5 54827.04779750 28.577
  18 119.129799  32.246933     8.085     8.228  5 54836.96343680 31.135
  19 119.125593  32.246978     4.944     4.817  5 54846.87908614 28.872
  20 119.123479  32.246869     1.431     1.449  4 54856.79473488 40.542
  21 119.123332  32.247321     5.008     4.932  5 54866.71038355 30.709
  22 119.123734  32.247621     4.595     4.617  4 54876.62603160 31.531
  23 119.124767  32.246668     7.190     7.848  4 54886.54167699 33.026
  24 119.122338  32.247898     4.913     4.792  4 54896.45731821 30.640
  25 119.119883  32.248193     5.042     5.092  4 54906.37295714 30.754
  26 119.120338  32.247254     4.908     4.995  4 54916.28859561 28.455
  27 119.122517  32.247400     4.933     4.988  4 54926.20423401 29.245
  28 119.126627  32.246761     4.368     4.332  5 54936.11987215 31.682
  29 119.130410  32.247155     4.438     4.437  5 54946.03550816 30.860
  30 119.134325  32.246119     4.218     4.030  5 54955.95114181 30.892
  31 119.130727  32.246727     4.358     4.388  5 54965.86678970 30.848
  32 119.127769  32.247461     4.838     4.664  5 54975.78243700 31.217
  33 119.127445  32.247304     4.404     4.231  4 54985.69808440 31.658
  35 119.129358  32.247184     4.619     4.550  4 55005.52937778 31.775
  36 119.128855  32.246618     4.505     4.373  5 55015.44502150 34.008
  37 119.127536  32.246729     4.853     4.874  4 55025.36066374 31.563
  38 119.126970  32.247473     6.678     7.586  5 55035.27630561 33.612
  39 119.128966  32.247484     5.234     5.202  5 55045.19194724 31.399
  40 119.133363  32.245767     6.122     5.521  5 55055.10758779 33.599
  41 119.134875  32.246390     5.529     5.691  5 55065.02322534 33.089
  42 119.130893  32.246733     6.531     5.219  5 55074.93887272 30.423
  43 119.125570  32.247520     5.062     4.796  5 55084.85451999 32.372
  44 119.123012  32.247298     7.827     8.393  4 55094.77016592 29.717
  45 119.123334  32.246362     4.901     4.601  4 55104.68581193 28.474
  46 119.123603  32.247347     5.096     4.882  4 55114.60145729 27.165
  47 119.124552  32.247297     5.736     5.566  5 55124.51710046 29.275
  48 119.125291  32.247064     5.214     5.375  4 55134.43274097 27.402
  49 119.125244  32.247676     8.695     8.788  4 55144.34837930 28.183
  50 119.126523  32.247099     4.783     4.697  4 55154.26401762 31.734
  51 119.129013  32.246527     4.965     4.998  5 55164.17965657 32.471
  52 119.132321  32.246790     7.557     8.080  4 55174.09529527 27.695
  54 119.132224  32.246602     4.743     4.799  5 55193.92658603 30.184
  55 119.128251  32.246726     4.781     4.887  5 55203.84223574 30.351
  56 119.125805  32.247135     4.609     4.452  5 55213.75788467 30.784
  57 119.124976  32.247297     6.512     6.828  4 55223.67353318 29.620
  58 119.124339  32.247455     5.286     5.154  4 55233.58918006 28.429
  59 119.123606  32.248231     4.913     4.597  4 55243.50482359 32.489
  60 119.122765  32.246792     4.562     4.484  4 55253.42046445 31.818
  61 119.121016  32.247252     5.126     5.139  4 55263.33610304 30.475
  62 119.121971  32.247511     4.634     4.486  4 55273.25174115 30.163
  63 119.125266  32.247195     4.649     4.698  4 55283.16737936 30.802
  64 119.128769  32.247238     4.695     4.692  4 55293.08301626 31.004
  65 119.131393  32.246328     4.580     4.465  5 55302.99865328 33.521
  66 119.128140  32.247044     4.839     4.827  4 55312.91430077 33.555
  67 119.126650  32.246953     4.567     4.382  5 55322.82994611 33.771
  68 119.126349  32.247355     6.493     6.413  4 55332.74558995 32.376
  69 119.126957  32.247422     4.996     4.973  4 55342.66123377 31.820
  70 119.128394  32.246506     4.820     4.671  5 55352.57687748 32.820
  71 119.129319  32.246733     4.910     4.936  5 55362.49251876 32.712
  72 119.129821  32.247262     5.459     5.397  5 55372.40815807 33.749
  73 119.131942  32.246050     5.673     5.767  5 55382.32379666 31.358
  74 119.133794  32.246255     6.169     6.267  5 55392.23943435 31.882
  75 119.136339  32.247031     6.847     6.835  5 55402.15507068 29.973
  76 119.133628  32.247480     5.689     5.741  5 55412.07072135 29.946
  77 119.130081  32.246834     5.252     5.342  5 55421.98637086 32.597
  78 119.126470  32.246714     5.080     5.068  4 55431.90201739 32.663
  79 119.123832  32.247141     5.569     5.463  5 55441.81766159 32.804
  80 119.123716  32.247284     5.790     5.695  4 55451.73330437 31.133
  81 119.126110  32.246465     5.945     5.469  4 55461.64894672 33.116
  82 119.127420  32.247496     5.680     5.452  5 55471.56458708 33.787
  83 119.128864  32.246998     4.409     4.263  4 55481.48022489 34.145
  84 119.129651  32.247019     4.652     4.519  5 55491.39586032 32.195
  85 119.132048  32.246974     4.621     4.542  5 55501.31149425 31.080
  86 119.132314  32.247307     4.456     4.805  5 55511.22713806 29.226
  87 119.132151  32.245879     4.644     4.784  5 55521.14278831 30.540
  88 119.129903  32.247727     5.187     4.710  5 55531.05843667 29.015
  89 119.128360  32.247495     4.924     4.700  5 55540.97408381 29.481
  90 119.127181  32.247169     4.843     5.155  5 55550.88972878 30.891
  91 119.126233  32.247511     4.738     4.756  4 55560.80537190 28.159
  92 119.127954  32.246513     4.785     4.809  4 55570.72101457 29.055
  93 119.129701  32.246379     5.585     5.461  5 55580.63665587 29.409
  94 119.130511  32.246700     4.487     4.810  5 55590.55229406 30.211
  95 119.131332  32.246559     4.597     4.617  5 55600.46792919 30.490
  96 119.132227  32.246393     4.919     4.670  5 55610.38356226 29.520
  97 119.134649  32.246384     6.285     6.593  5 55620.29919443 30.661
  98 119.132783  32.246350     4.081     3.812  5 55630.21484604 30.625
  99 119.131501  32.247311     7.020     7.350  5 55640.13049709 29.172
 100 119.130523  32.246680     4.427     4.389  5 55650.04614599 29.886
 101 119.127793  32.246676     5.081     4.981  5 55659.96179112 29.639
 102 119.125300  32.247249     5.099     5.172  5 55669.87743244 29.852
 103 119.125929  32.247407     4.927     5.414  4 55679.79307189 29.035
 104 119.130163  32.246941     4.263     4.351  5 55689.70870966 29.024
 105 119.135153  32.246053     5.594     5.377  5 55699.62434597 30.913
 106 119.136822  32.247171     4.646     4.966  5 55709.53998393 30.125
 107 119.133393  32.247107     6.060     6.176  5 55719.45563373 28.295
 108 119.130457  32.246770     7.181     6.540  5 55729.37128140 33.090
 109 119.129140  32.247087     5.014     5.112  5 55739.28692789 34.653
 110 119.129349  32.246923     5.073     5.045  5 55749.20257352 33.831
 111 119.129553  32.247667     5.967     5.470  5 55759.11821674 33.365
 112 119.130015  32.247172     5.133     5.055  5 55769.03385739 33.427
 113 119.129724  32.246768     4.707     4.556  4 55778.94949473 32.453
 114 119.130171  32.246673     4.550     4.295  4 55788.86512936 32.073
 115 119.133301  32.245913     6.871     7.343  5 55798.78076287 32.569
 116 119.133032  32.247369     5.411     4.768  5 55808.69640768 30.644
 117 119.133384  32.247656     5.608     4.682  5 55818.61205617 31.038
 118 119.134368  32.246585     4.914     5.080  5 55828.52770084 30.311
 119 119.133953  32.245916     4.539     4.615  5 55838.44334098 31.117
 120 119.132561  32.246216     5.842     4.487  5 55848.35897793 29.723
 121 119.133452  32.247476     5.987     6.559  5 55858.27461303 31.910
 122 119.133889  32.247286     5.365     4.718  5 55868.19026026 31.277
 123 119.133714  32.247654     5.757     5.838  5 55878.10591228 31.024
 124 119.134009  32.247243     5.215     4.782  5 55888.02155800 31.581
 125 119.133510  32.247686     5.497     5.283  5 55897.93719767 29.917
 126 119.135671  32.245751     4.488     4.781  5 55907.85283291 32.687
 127 119.132600  32.247120     4.756     4.711  5 55917.76847986 29.130
 128 119.130700  32.246429     5.533     4.898  5 55927.68413288 28.378
 129 119.129455  32.247225     4.536     4.619  5 55937.59978212 29.587
 130 119.127818  32.247389     6.188     6.281  4 55947.51542654 28.112
 131 119.126125  32.247542     4.930     4.961  5 55957.43106643 28.798
 132 119.125663  32.247542     4.992     4.877  5 55967.34670422 29.636
 133 119.127849  32.246971     4.910     5.052  4 55977.26234172 27.975
 134 119.132056  32.246762     6.036     6.310  5 55987.17797878 30.107
 135 119.135781  32.246466     4.464     4.360  5 55997.09361806 31.902
 136 119.132582  32.247436     4.691     4.599  5 56007.00926946 30.590
 137 119.128713  32.247713     4.648     4.696  5 56016.92491672 31.991
 138 119.125672  32.247231     5.091     5.154  4 56026.84056106 31.315
 139 119.125404  32.246654     4.728     4.736  4 56036.75620375 29.471
 140 119.128468  32.246914     4.633     4.399  5 56046.67184445 29.851
 141 119.132992  32.246484     4.763     4.670  5 56056.58748254 32.930
 142 119.137546  32.246507     6.750     6.975  5 56066.50311631 30.847
 143 119.134429  32.247394     4.987     5.056  5 56076.41876316 31.196
 144 119.130541  32.247084     5.017     5.064  5 56086.33441183 33.548
 145 119.128916  32.246769     5.173     5.137  4 56096.25005846 31.595
 146 119.129041  32.247309     5.982     5.500  4 56106.16570309 31.649
 147 119.130554  32.246276     5.521     5.564  5 56116.08133375 34.367
 148 119.131810  32.246288     5.634     5.602  5 56125.99697201 36.320
 149 119.132337  32.247092     5.590     5.594  5 56135.91260605 33.337
 150 119.130628  32.247462     5.468     5.481  5 56145.82824851 33.598
 151 119.128623  32.247485     5.466     5.358  5 56155.74389771 34.422
 152 119.128798  32.246970     5.185     5.148  5 56165.65954613 32.913
 153 119.129347  32.247365     5.093     5.116  5 56175.57519214 32.773
 154 119.130707  32.246997     4.861     4.841  4 56185.49083332 33.013
 155 119.130882  32.246964     4.577     4.296  5 56195.40647062 32.199
 156 119.131687  32.246471     4.487     4.236  5 56205.32210534 32.041
 157 119.134391  32.246359     4.421     4.264  5 56215.23773895 32.079
 158 119.137883  32.246453     5.165     4.845  5 56225.15337747 32.615
 159 119.136131  32.247078     6.743     6.255  5 56235.06903310 29.779
 160 119.133810  32.247476     5.557     4.656  5 56244.98468479 30.744
 161 119.131930  32.246114     5.595     4.947  5 56254.90033176 31.006
 162 119.129877  32.247250     4.718     4.730  5 56264.81597397 29.864
 163 119.129764  32.247396     7.563     7.711  5 56274.73161464 29.373
 164 119.130313  32.246434     4.810     4.762  5 56284.64725959 29.212
 165 119.128137  32.247365     4.744     4.560  4 56294.56290989 30.969
 166 119.125701  32.247857     4.877     4.943  4 56304.47855601 30.277
 167 119.124878  32.246465     5.789     5.789  4 56314.39419897 29.162
 168 119.124416  32.247498     5.527     5.429  4 56324.30983975 31.276
 169 119.126886  32.246888     4.973     5.185  5 56334.22548061 29.114
 170 119.129638  32.247061     5.077     5.062  4 56344.14112070 30.643
 171 119.133040  32.245905     4.641     4.736  5 56354.05675881 32.745
 172 119.131699  32.246371     6.552     7.046  5 56363.97240278 31.388
 173 119.127996  32.246754     4.958     4.854  5 56373.88805163 30.519
 175 119.126092  32.246401     5.027     4.966  4 56393.71934151 28.771
 176 119.127903  32.247193     4.936     5.155  5 56403.63498346 30.799
 177 119.131135  32.246899     5.097     5.323  4 56413.55062277 27.337
 178 119.134561  32.247498     5.419     5.542  5 56423.46625703 31.679
 179 119.134469  32.246255     5.293     4.865  5 56433.38190099 31.895
 180 119.129122  32.247499     6.488     5.405  5 56443.29755259 31.950
 181 119.126468  32.247668     5.269     5.259  4 56453.21320223 33.157
 182 119.125620  32.247427     4.900     4.854  5 56463.12884957 34.346
 183 119.125327  32.247320     4.946     4.944  5 56473.04449360 33.579
 184 119.125517  32.247341     5.248     5.061  5 56482.96013421 34.440
 185 119.126646  32.247116     5.034     4.780  5 56492.87577129 33.643
 186 119.130125  32.246538     5.003     4.887  5 56502.79140600 33.693
 187 119.135250  32.247287     4.494     4.284  5 56512.70703884 32.485
 188 119.136524  32.245563     4.188     4.267  5 56522.62268692 32.815
 189 119.133344  32.246369     4.571     4.327  5 56532.53833837 31.353
 191 119.127662  32.247371     4.816     4.824  5 56552.36963045 28.220
 192 119.127457  32.247660     4.546     4.248  5 56562.28527307 30.244
 193 119.129294  32.247654     7.765     7.519  5 56572.20091494 32.111
 194 119.133059  32.246397     4.522     4.369  5 56582.11655547 29.478
 195 119.136385  32.247554     5.884     5.485  5 56592.03219119 28.840
 196 119.134363  32.246088     5.501     5.086  5 56601.94784155 30.187
 197 119.130519  32.246289     6.937     6.724  5 56611.86349093 28.591
 198 119.128818  32.247470     6.049     5.175  5 56621.77913565 28.689
 199 119.129641  32.246959     4.625     5.051  5 56631.69477784 29.848
 200 119.132265  32.246506     6.341     6.264  5 56641.61041595 29.725
 201 119.130268  32.246883     5.516     6.075  5 56651.52606393 27.512
 202 119.126299  32.247539     5.455     5.613  4 56661.44171329 26.337
 203 119.124379  32.246890     5.292     5.351  4 56671.35736020 28.462
 204 119.124682  32.247136     5.332     5.456  4 56681.27300550 27.702
 205 119.126902  32.247560     8.194     9.578  5 56691.18864916 26.447
 206 119.130062  32.247690     5.634     5.195  5 56701.10428939 29.014
 207 119.133068  32.246365     6.118     5.214  5 56711.01992506 29.414
 208 119.129914  32.247487     4.868     4.811  5 56720.93556862 30.789
 210 119.124655  32.247190     5.082     4.951  5 56740.76686824 31.741
 211 119.126665  32.247465     5.145     5.131  4 56750.68251201 29.541
 212 119.130684  32.247450     5.742     5.544  5 56760.59815093 29.155
 213 119.135834  32.245913     4.942     5.166  5 56770.51378369 32.951
 214 119.130721  32.246995     4.750     4.724  5 56780.42943553 29.977
 215 119.125326  32.247291     4.806     4.830  5 56790.34508999 31.194
 216 119.121735  32.247413     5.049     5.002  3 56800.26074164 27.684
 217 119.121539  32.248319     5.164     5.122  4 56810.17638688 31.378
 218 119.124074  32.247175     5.064     4.936  4 56820.09202784 31.479
 219 119.126420  32.246617     4.598     4.356  4 56830.00766471 30.083
 221 119.130783  32.247064     4.936     4.880  5 56849.83893223 32.372
 222 119.128277  32.246927     5.356     5.245  5 56859.75458628 33.808
 223 119.127681  32.247468     5.827     5.845  4 56869.67023937 33.891
 224 119.127714  32.246969     5.297     5.245  5 56879.58589018 33.915
 225 119.125751  32.247309     4.967     5.093  5 56889.50153715 34.336
 226 119.122788  32.247331     5.306     5.247  4 56899.41718140 30.940
 227 119.121366  32.246807     5.338     5.316  4 56909.33282383 30.965
 228 119.123231  32.246870     6.011     5.621  4 56919.24846489 31.156
 229 119.128147  32.246742     5.963     5.426  5 56929.16410434 34.151
 230 119.133730  32.246448     5.463     5.023  5 56939.07973950 33.215
 231 119.136541  32.246736     5.746     5.386  5 56948.99537529 30.398
 232 119.130736  32.247710     8.079     8.488  5 56958.91102755 28.681
 233 119.127466  32.246757     6.724     6.684  4 56968.82667506 29.875
 234 119.127056  32.247314     4.813     4.759  4 56978.74231846 29.082
 235 119.130299  32.246590     7.492     7.853  5 56988.65795784 32.490
 236 119.134557  32.247668     4.771     4.794  5 56998.57359070 30.147
 237 119.133267  32.245889     5.388     4.846  5 57008.48924077 31.357
 238 119.128036  32.247187     5.297     4.717  5 57018.40489285 31.210
 239 119.125119  32.247064     5.156     5.193  4 57028.32054247 29.550
 240 119.124590  32.247468     5.315     5.412  4 57038.23619075 28.838
 241 119.126367  32.247661     5.683     5.709  4 57048.15183693 27.746
 242 119.129617  32.246980     6.113     5.866  5 57058.06747963 27.628
 243 119.131448  32.247142     8.074     8.403  5 57067.98311637 28.921
 244 119.132845  32.246976     7.612     7.960  5 57077.89874872 29.441
 245 119.135041  32.246181     4.638     4.428  5 57087.81438241 31.357
 246 119.130278  32.247817     7.641     8.274  5 57097.73004014 27.832
 247 119.129555  32.246889     4.826     4.985  5 57107.64569571 30.627
 248 119.129596  32.247772     7.622     7.287  5 57117.56134591 31.986
 249 119.129728  32.246745     4.394     4.226  5 57127.47699036 33.124
 250 119.128458  32.247439     5.641     5.159  5 57137.39262895 30.488
 251 119.129535  32.247232     4.726     4.637  4 57147.30826417 29.930
 252 119.133376  32.246754     7.487     8.041  4 57157.22389738 31.256
 253 119.133912  32.247232     5.154     4.693  5 57167.13954274 29.478
 254 119.131410  32.246080     5.432     5.361  5 57177.05519944 33.588
 255 119.127728  32.246918     5.341     5.200  5 57186.97085156 33.752
 256 119.124568  32.248083     5.655     5.627  4 57196.88649940 34.053
 257 119.123669  32.247602     5.807     5.812  4 57206.80213388 34.249
 258 119.125091  32.246712     5.470     5.454  4 57216.71777875 32.494
 259 119.127580  32.246852     5.211     5.245  4 57226.63342230 32.530
 260 119.129764  32.247719     5.334     5.191  5 57236.54906359 31.739
 261 119.132177  32.246589     4.832     4.691  5 57246.46470188 33.490
 262 119.133726  32.245693     5.691     5.065  5 57256.38033756 31.209
 263 119.134384  32.247811     5.031     4.240  5 57266.29597156 31.594
 264 119.135452  32.247231     4.343     4.272  5 57276.21161633 30.500
 265 119.133980  32.247029     5.453     4.801  5 57286.12727332 30.540
 266 119.131871  32.247101     7.756     7.983  5 57296.04292735 32.089
 267 119.129432  32.246895     4.685     4.714  4 57305.95857772 31.472
 268 119.126111  32.247058     4.755     4.864  4 57315.87422401 29.144
 269 119.124066  32.246820     4.884     4.905  4 57325.78986703 30.414
 270 119.124753  32.246944     5.300     5.078  4 57335.70550807 28.097
 271 119.125089  32.247263     5.997     5.523  4 57345.62115431 29.893
 272 119.124328  32.248110     5.187     4.883  4 57355.53680127 31.573
 273 119.125192  32.246903     5.727     5.372  4 57365.45244499 30.337
 274 119.125488  32.247549     4.941     4.877  4 57375.36808510 29.924
 275 119.127523  32.247467     4.710     4.656  4 57385.28372395 30.477
 276 119.131108  32.246714     4.770     4.808  4 57395.19936277 28.760
 277 119.134703  32.247494     5.780     5.905  5 57405.11500042 30.224
 278 119.134564  32.246764     7.151     7.083  5 57415.03064921 32.110
 279 119.131438  32.246947     4.173     3.714  5 57424.94630066 31.313
 280 119.128403  32.246398     4.873     4.741  5 57434.86194916 32.475
 281 119.126550  32.247207     5.009     5.064  5 57444.77759549 30.488
 282 119.127287  32.247112     5.244     5.071  4 57454.69324134 27.857
 283 119.129102  32.247392     4.372     4.967  5 57464.60888524 31.143
 284 119.132314  32.246333     4.970     4.411  5 57474.52452577 30.179
 286 119.134089  32.247539     8.305     8.618  5 57494.35579604 30.952
 287 119.138046  32.245512     6.398     6.225  5 57504.27142896 33.655
 288 119.133346  32.247447     5.106     5.109  5 57514.18708338 33.625
 289 119.131426  32.246039     5.581     5.269  5 57524.10273826 34.560
 290 119.128237  32.247324     5.468     5.463  4 57534.01839017 31.605
 291 119.125842  32.247186     5.927     5.842  5 57543.93403931 34.033
 292 119.124642  32.247350     5.495     5.235  5 57553.84968578 32.969
 293 119.125491  32.247114     5.601     5.529  4 57563.76533072 34.972
 294 119.126982  32.247084     8.065     8.290  4 57573.68097500 30.482
 295 119.127980  32.247262     7.600     8.087  5 57583.59661885 33.433
 296 119.129118  32.246694     6.007     5.965  4 57593.51226092 30.858
 297 119.129203  32.247707     5.612     5.534  5 57603.42790038 32.165
