-200777.451   970.429     0.00   99.52
-200487.602   941.113  -101.16  110.49
-200197.770   910.993  -103.94  120.83
-199907.954   869.112  -144.53  122.42
-199618.154   822.759  -159.98  107.88
-199328.370   792.159  -105.61   86.23
-199038.602   773.665   -63.84   73.56
-198748.849   765.981   -26.52   76.44
-198459.113   761.426   -15.73   77.64
-198169.393   761.302    -0.43   77.27
-197879.689   771.667    35.78   73.32
-197590.001   798.535    92.77   64.12
-197300.329   809.102    36.48   64.47
-197010.673   818.112    31.11   62.80
-196721.032   832.530    49.79   61.54
-196431.408   854.864    77.12   69.67
-196141.800   877.290    77.45   69.70
-195852.208   895.316    62.26   73.59
-195562.631   905.202    34.14   72.91
-195273.071   919.902    50.78   83.27
-194983.527   926.316    22.16   91.74
-194693.998   902.070   -83.76   96.05
-194404.486   902.635     1.95   96.83
-194114.989   897.393   -18.11   91.25
-193825.509   930.830   115.53  107.70
-193536.044   967.470   126.60  137.88
-193246.596  1018.602   176.68  170.42
-192957.163  1098.130   274.82  201.29
-192667.746  1203.217   363.16  176.61
-192378.345  1245.626   146.57  141.98
-192088.960  1251.247    19.43  139.44
-191799.592  1212.434  -134.15  158.16
-191510.238  1150.845  -212.89  181.62
-191220.901  1070.399  -278.08  187.69
-190931.580  1003.441  -231.47  155.71
-190642.275   969.467  -117.45  122.44
-190352.986   995.717    90.75  173.68
-190063.712  1060.844   225.18  234.50
-189774.454  1160.525   344.67  273.49
-189485.213  1266.602   366.80  279.17
-189195.987  1351.637   294.06  227.45
-188906.777  1404.216   181.83  166.10
-188617.583  1423.616    67.09  126.99
-188328.405  1405.306   -63.33  128.29
-188039.243  1363.908  -143.19  136.80
-187750.097  1312.724  -177.04  121.86
-187460.966  1266.002  -161.62   82.26
-187171.852  1245.588   -70.62   52.14
-186882.753  1250.216    16.01   71.54
-186593.670  1266.608    56.71   90.88
-186304.603  1283.289    57.72   99.10
-186015.552  1298.393    52.26  102.59
-185726.517  1311.040    43.76  100.49
-185437.498  1307.967   -10.64  101.20
-185148.494  1289.245   -64.79  103.00
-184859.507  1275.956   -45.99  104.35
-184570.535  1274.057    -6.57  113.74
-184281.579  1282.820    30.33  133.86
-183992.639  1316.665   117.15  166.12
-183703.715  1380.173   219.84  176.16
-183414.806  1431.584   177.98  153.99
-183125.914  1487.202   192.55  120.71
-182837.037  1528.188   141.90   94.42
-182548.176  1557.116   100.16   68.94
-182259.331  1559.602     8.61   66.42
-181970.502  1543.738   -54.93   73.58
-181681.688  1521.978   -75.35   76.79
-181392.890  1498.320   -81.93   80.73
-181104.109  1475.187   -80.12   84.88
-180815.343  1452.622   -78.15   74.09
-180526.592  1446.864   -19.95   79.14
-180237.858  1449.419     8.85   91.98
-179949.139  1459.808    35.99   92.75
-179660.436  1464.999    17.98   88.42
-179371.749  1466.716     5.95   84.42
-179083.078  1456.246   -36.28   93.52
-178794.423  1420.864  -122.60  114.22
-178505.783  1364.973  -193.66  124.00
-178217.159  1323.910  -142.29  128.95
-177928.551  1284.745  -135.73  137.73
-177639.959  1255.688  -100.70  134.39
-177351.382  1232.643   -79.87  133.89
-177062.821  1232.100    -1.88  137.22
-176774.276  1242.364    35.57  128.42
-176485.747  1262.941    71.33   98.28
-176197.233  1258.441   -15.60   94.44
-175908.735  1250.299   -28.23   97.26
-175620.253  1232.388   -62.10   99.04
-175331.787  1207.230   -87.22  105.05
-175043.337  1174.814  -112.40  105.70
-174754.902  1150.334   -84.88  114.16
-174466.483  1127.996   -77.46  120.08
-174178.079  1088.859  -135.72  130.30
-173889.692  1058.030  -106.92  139.11
-173601.320  1004.980  -183.99  146.14
-173312.964   955.521  -171.55  141.14
-173024.623   904.695  -176.30  135.70
-172736.299   834.291  -244.22  129.26
-172447.990   796.097  -132.50  118.92
-172159.696   743.084  -183.91  117.85
-171871.419   674.535  -237.82  127.07
-171583.157   618.102  -195.80  128.86
-171294.911   553.737  -223.33  117.02
-171006.680   507.088  -161.87   96.21
-170718.466   460.187  -162.75   57.35
-170430.267   443.799   -56.87   38.94
-170142.083   447.336    12.28   51.12
-169853.916   460.467    45.57   71.76
-169565.764   509.158   169.00  114.98
-169277.627   552.906   151.85  139.42
-168989.507   606.912   187.47  157.63
-168701.402   670.385   220.34  169.51
-168413.312   755.408   295.17  155.35
-168125.239   802.471   163.39  149.70
-167837.181   860.996   203.20  147.16
-167549.139   915.963   190.86  139.22
-167261.112   976.059   208.68  126.44
-166973.101   997.035    72.84  105.44
-166685.106   999.448     8.38   95.20
-166397.126   982.159   -60.04  110.58
-166109.162   929.731  -182.09  145.81
-165821.214   880.492  -171.03  159.21
-165533.281   840.423  -139.18  150.99
-165245.364   789.402  -177.23  116.42
-164957.462   769.473   -69.23   96.17
-164669.577   758.744   -37.28   87.62
-164381.706   753.873   -16.92   91.36
-164093.852   752.888    -3.42   90.63
-163806.013   753.246     1.25   87.00
-163518.189   761.811    29.76   81.89
-163230.382   775.599    47.91   79.51
-162942.590   802.988    95.18  100.44
-162654.813   826.702    82.42  128.29
-162367.052   872.702   159.88  168.41
-162079.307   939.345   231.64  202.54
-161791.577   996.673   199.27  201.94
-161503.863  1089.903   324.08  208.96
-161216.165  1148.202   202.67  216.46
-160928.482  1238.746   314.78  231.94
-160640.815  1332.709   326.68  228.29
-160353.163  1394.302   214.15  215.96
-160065.527  1444.286   173.80  187.84
-159777.906  1470.988    92.85  176.45
-159490.301  1475.434    15.46  181.74
-159202.712  1463.217   -42.49  179.06
-158915.138  1427.520  -124.15  161.92
-158627.580  1413.673   -48.16  142.20
-158340.037  1412.564    -3.85  117.40
-158052.510  1419.259    23.29  104.94
-157764.998  1450.730   109.48  117.38
-157477.502  1488.288   130.65  123.36
-157190.022  1546.473   202.43  120.21
-156902.557  1584.515   132.35  108.10
-156615.107  1605.025    71.36  105.17
-156327.674  1627.378    77.78  119.38
-156040.255  1623.014   -15.19  139.96
-155752.853  1640.773    61.80  143.67
-155465.465  1639.502    -4.42  140.04
-155178.094  1626.202   -46.29  131.56
-154890.737  1628.956     9.58  102.98
-154603.397  1624.467   -15.62   89.92
-154316.072  1618.908   -19.35   74.67
-154028.762  1596.933   -76.49   88.24
-153741.468  1576.506   -71.11   84.37
-153454.189  1539.313  -129.48   96.40
-153166.926  1508.564  -107.05   92.15
-152879.679  1490.616   -62.49   89.85
-152592.447  1471.173   -67.70   87.02
-152305.230  1457.937   -46.09   89.45
-152018.029  1444.805   -45.73   92.72
-151730.843  1433.874   -38.07   94.95
-151443.673  1443.230    32.59   96.68
-151156.519  1442.970    -0.91   97.39
-150869.380  1445.008     7.10   98.13
-150582.256  1447.802     9.73  100.49
-150295.148  1458.116    35.93   94.93
-150008.055  1468.665    36.75   94.72
-149720.978  1467.687    -3.41   98.29
-149433.916  1470.694    10.48   98.94
-149146.870  1483.759    45.52   95.01
-148859.839  1488.273    15.73   95.74
-148572.823  1483.441   -16.84   99.28
-148285.824  1464.898   -64.62  100.25
-147998.839  1440.745   -84.17  101.14
-147711.870  1420.157   -71.75   98.92
-147424.917  1388.937  -108.81   89.49
-147137.978  1377.506   -39.84   79.61
-146851.056  1356.608   -72.85   66.52
-146564.148  1340.667   -55.57   57.93
-146277.257  1330.695   -34.76   56.92
-145990.380  1325.966   -16.49   53.28
-145703.519  1325.952    -0.05   55.42
-145416.674  1325.605    -1.21   54.16
-145129.844  1333.187    26.44   60.91
-144843.029  1340.948    27.06   62.15
-144556.230  1359.559    64.90   66.23
-144269.446  1371.859    42.89   67.16
-143982.677  1376.216    15.20   71.70
-143695.924  1368.723   -26.13   72.39
-143409.187  1353.535   -52.97   72.43
-143122.465  1340.864   -44.20   75.41
-142834.072  1321.611   -66.77   62.51
-142544.010  1312.656   -30.87   51.89
-142253.963  1307.688   -17.13   46.97
-141963.932  1312.941    18.12   49.70
-141673.917  1322.973    34.60   50.35
-141383.918  1328.359    18.57   44.57
-141093.935  1327.658    -2.42   44.61
-140803.967  1321.775   -20.29   44.20
-140514.016  1316.784   -17.22   42.31
-140224.080  1316.260    -1.81   40.88
-139934.160  1317.840     5.45   40.34
-139644.256  1324.452    22.81   44.11
-139354.367  1340.959    56.95   54.24
-139064.494  1363.630    78.22   62.80
-138774.637  1395.035   108.36   58.85
-138484.796  1415.908    72.02   53.20
-138194.971  1428.423    43.19   46.64
-137905.161  1438.773    35.72   46.88
-137615.368  1445.274    22.44   50.90
-137325.590  1437.637   -26.36   67.80
-137035.827  1413.717   -82.56   88.47
-136746.081  1395.157   -64.06   91.00
-136456.350  1379.128   -55.33   93.31
-136166.635  1358.775   -70.26   87.41
-135876.936  1342.859   -54.95   77.52
-135587.252  1324.014   -65.06   66.25
-135297.585  1317.802   -21.45   63.78
-135007.933  1322.596    16.55   70.76
-134718.297  1340.724    62.59   82.14
-134428.676  1360.130    67.02   87.63
-134139.071  1376.893    57.89   90.60
-133849.482  1397.666    71.74   88.30
-133559.909  1410.002    42.61   86.95
-133270.352  1427.716    61.18   83.73
-132980.810  1451.202    81.12   98.36
-132691.284  1484.602   115.37  109.98
-132401.773  1520.291   123.29  112.27
-132112.279  1528.643    28.85  105.80
-131822.800  1536.099    25.76   95.86
-131533.336  1513.158   -79.26  115.29
-131243.889  1498.129   -51.93  119.38
-130954.457  1482.272   -54.79  110.55
-130665.041  1475.488   -23.45  105.46
-130375.640  1480.437    17.10  100.11
-130086.256  1505.459    86.48  102.35
-129796.887  1539.929   119.13   94.28
-129507.533  1563.042    79.89   70.79
-129218.196  1571.405    28.90   71.06
-128928.874  1564.864   -22.61   92.63
-128639.567  1536.188   -99.13  126.38
-128350.277  1511.334   -85.92  145.81
-128061.002  1461.143  -173.53  180.38
-127771.742  1429.142  -110.64  192.00
-127482.499  1407.959   -73.24  188.64
-127193.271  1372.659  -122.06  164.15
-126904.058  1356.246   -56.76  143.78
-126614.862  1352.369   -13.41  122.84
-126325.681  1353.883     5.24  124.12
-126036.515  1363.944    34.80  125.89
-125747.365  1390.364    91.38  133.23
-125458.231  1399.202    30.57  124.80
-125169.113  1415.695    57.05  123.50
-124880.010  1411.115   -15.84  114.27
-124590.923  1414.445    11.52  116.94
-124301.851  1430.996    57.26  124.71
-124012.795  1448.746    61.41  119.12
-123723.755  1463.320    50.43  118.68
-123434.730  1463.232    -0.30  111.28
-123145.721  1472.158    30.89  113.96
-122856.728  1479.246    24.53  101.78
-122567.750  1471.305   -27.48   89.49
-122278.788  1473.116     6.27   89.33
-121989.841  1458.673   -49.99   88.08
-121700.910  1438.829   -68.69   88.94
-121411.995  1400.261  -133.51   92.88
-121123.095  1367.306  -114.08   95.52
-120834.211  1348.359   -65.59   89.12
-120545.342  1326.202   -76.71   77.29
-120256.489  1313.040   -45.57   67.34
-119967.652  1312.849    -0.66   61.22
-119678.830  1314.216     4.74   63.06
-119390.023  1319.475    18.21   54.78
-119101.233  1321.011     5.32   49.76
-118812.458  1326.364    18.54   40.61
-118523.698  1329.419    10.58   33.78
-118234.954  1330.659     4.29   33.13
-117946.226  1326.959   -12.82   33.58
-117657.513  1322.011   -17.14   34.74
-117368.815  1312.635   -32.48   34.33
-117080.133  1303.128   -32.93   34.75
-116791.467  1290.724   -42.97   35.65
-116502.817  1286.575   -14.38   36.47
-116214.181  1280.316   -21.69   39.07
-115925.562  1270.579   -33.74   39.73
-115636.958  1266.160   -15.31   39.96
-115348.369  1256.305   -34.15   40.99
-115059.796  1254.731    -5.45   46.87
-114771.239  1256.290     5.40   57.90
-114482.697  1271.918    54.17   72.68
-114194.170  1285.245    46.19   82.80
-113905.659  1282.850    -8.30   95.65
-113617.164  1274.535   -28.82  108.15
-113328.684  1271.014   -12.21  117.10
-113040.220  1269.471    -5.35  124.48
-112751.771  1246.020   -81.31  122.08
-112463.337  1241.511   -15.64  128.84
-112174.920  1221.665   -68.82  125.39
-111886.517  1194.702   -93.50  125.47
-111598.130  1169.673   -86.80  118.43
-111309.759  1147.202   -77.93  106.59
-111021.403  1127.651   -67.81   98.17
-110733.063  1107.202   -70.93   89.72
-110444.738  1098.746   -29.33   98.56
-110156.428  1087.702   -38.31   99.26
-109868.134  1064.673   -79.89   99.23
-109579.856  1041.402   -80.73   90.46
-109291.593  1026.622   -51.28   85.89
-109003.345  1021.681   -17.14   87.49
-108715.113  1016.040   -19.57  100.40
-108426.896  1014.260    -6.18  108.65
-108138.695  1021.599    25.47  119.43
-107850.509  1047.761    90.79  129.34
-107562.339  1076.131    98.46  124.69
-107274.184  1098.667    78.21  102.73
-106986.045  1106.666    27.76   83.24
-106697.921  1101.521   -17.86   79.32
-106409.812  1083.217   -63.54   95.94
-106121.719  1047.799  -122.95  105.72
-105833.642   994.128  -186.32  118.48
-105545.579   929.908  -222.96  126.71
-105257.533   873.930  -194.35  122.79
-104969.501   827.916  -159.77  105.51
-104681.485   788.042  -138.46   86.80
-104393.485   764.448   -81.93   74.29
-104105.500   764.142    -1.06   74.30
-103817.530   766.084     6.74   82.68
-103529.576   792.775    92.70  102.90
-103241.637   803.277    36.47  103.63
-102953.713   820.057    58.29  107.54
-102665.805   835.330    53.05  109.35
-102377.912   834.864    -1.62  117.89
-102090.035   832.100    -9.60  119.21
-101802.173   825.622   -22.51  116.24
-101514.327   823.099    -8.77  113.80
-101226.496   829.351    21.72  103.20
-100938.680   820.802   -29.71   95.81
-100650.879   806.288   -50.44   98.97
-100363.094   791.570   -51.15   97.45
-100075.325   777.506   -48.87  100.32
 -99787.571   766.275   -39.03   90.31
 -99499.832   759.581   -23.27   87.82
 -99212.108   760.746     4.05   79.31
 -98924.400   754.540   -21.57   75.83
 -98636.707   739.773   -51.33   87.32
 -98349.030   704.516  -122.57  110.16
 -98061.367   673.570  -107.59  108.65
 -97773.721   650.011   -81.91   97.14
 -97486.089   638.112   -41.37   78.27
 -97198.473   624.486   -47.38   70.74
 -96910.872   623.967    -1.80   71.15
 -96623.287   624.754     2.74   74.02
 -96335.717   640.864    56.02   77.41
 -96048.162   649.796    31.07   86.77
 -95760.623   647.158    -9.17  100.22
 -95473.099   640.658   -22.61  114.45
 -95185.590   651.053    36.16  124.79
 -94898.096   669.540    64.31  128.29
 -94610.618   699.802   105.27  121.81
 -94323.155   703.985    14.55  119.63
 -94035.708   728.637    85.77  122.41
 -93748.276   770.217   144.67  137.30
 -93460.859   817.002   162.79  147.60
 -93173.457   848.116   108.27  155.05
 -92886.071   867.665    68.03  156.36
 -92598.700   894.496    93.38  136.06
 -92311.344   912.829    63.80  108.55
 -92024.003   894.673   -63.19  112.30
 -91736.678   869.730   -86.81  124.22
 -91449.368   837.702  -111.49  134.18
 -91162.074   804.825  -114.44  135.42
 -90874.794   776.515   -98.55  136.10
 -90587.530   735.217  -143.78  144.62
 -90300.281   742.717    26.11  158.24
 -90013.048   743.306     2.05  177.32
 -89725.830   769.912    92.64  180.90
 -89438.627   785.730    55.08  181.14
 -89151.439   797.873    42.29  180.86
 -88864.266   810.088    42.54  167.70
 -88577.109   821.605    40.11  150.14
 -88289.967   809.481   -42.22  144.23
 -88002.840   799.808   -33.69  134.19
 -87715.729   773.823   -90.51  135.55
 -87428.632   768.746   -17.69  119.19
 -87141.551   746.158   -78.69  105.44
 -86854.485   727.646   -64.49   91.63
 -86567.435   715.459   -42.46   89.02
 -86280.399   701.388   -49.03   90.79
 -85993.379   680.790   -71.77   99.46
 -85706.374   662.263   -64.56  110.57
 -85419.385   635.187   -94.35  129.79
 -85132.410   600.173  -122.02  155.07
 -84845.451   567.716  -113.12  170.59
 -84558.507   531.285  -126.97  165.81
 -84271.578   513.114   -63.34  151.79
 -83984.664   504.658   -29.47  150.59
 -83697.766   501.456   -11.16  154.39
 -83410.882   492.187   -32.31  161.53
 -83124.014   501.496    32.45  174.72
 -82837.161   488.070   -46.81  178.00
 -82550.324   473.616   -50.39  170.96
 -82263.501   456.716   -58.93  154.27
 -81976.694   438.289   -64.25  128.36
 -81689.902   425.830   -43.44  107.29
 -81403.125   425.859     0.10  101.60
 -81116.363   437.158    39.41  105.77
 -80829.559   432.560   -16.03  101.30
 -80539.499   422.187   -35.76   99.29
 -80249.455   407.088   -52.06   94.77
 -79959.427   395.782   -38.99   97.31
 -79669.414   384.545   -38.75  100.65
 -79379.416   383.511    -3.57  114.99
 -79089.435   374.217   -32.05  116.30
 -78799.468   380.275    20.90  119.88
 -78509.518   383.361    10.64  126.97
 -78219.583   400.985    60.79  141.59
 -77929.663   427.808    92.52  169.85
 -77639.759   472.724   154.94  195.67
 -77349.871   535.908   217.97  222.26
 -77059.998   618.475   284.86  210.83
 -76770.140   672.066   184.90  188.82
 -76480.299   742.086   241.60  142.55
 -76190.472   774.216   110.87   96.45
 -75900.662   777.355    10.83   75.12
 -75610.867   754.455   -79.02   82.72
 -75321.087   720.128  -118.47   89.79
 -75031.323   678.525  -143.58   99.59
 -74741.574   634.187  -153.03  102.48
 -74451.841   596.247  -130.96   88.22
 -74162.124   570.850   -87.67   77.20
 -73872.421   551.231   -67.73   69.58
 -73582.735   541.302   -34.28   76.75
 -73293.064   531.575   -33.58   83.75
 -73003.408   530.814    -2.63   98.93
 -72713.768   541.724    37.67  105.99
 -72424.144   550.545    30.46  108.02
 -72134.535   564.687    48.83  107.90
 -71844.941   580.805    55.66   95.93
 -71555.363   588.173    25.45   83.33
 -71265.801   582.988   -17.91   79.07
 -70976.254   559.336   -81.69   84.62
 -70686.722   529.275  -103.83   92.27
 -70397.206   489.650  -136.88   96.07
 -70107.705   469.802   -68.56   95.70
 -69818.220   453.173   -57.45   92.69
 -69528.751   441.605   -39.97   93.58
 -69239.296   433.040   -29.59   99.71
 -68949.858   447.173    48.83  106.05
 -68660.434   451.475    14.87  107.38
 -68371.027   458.173    23.14  107.09
 -68081.634   449.142   -31.21  112.28
 -67792.257   448.393    -2.59  114.49
 -67502.896   450.573     7.54  117.54
 -67213.550   447.802    -9.58  114.84
 -66924.219   433.820   -48.33  126.76
 -66634.904   422.217   -40.11  130.85
 -66345.604   423.467     4.32  132.16
 -66056.320   421.262    -7.62  133.29
 -65767.051   409.315   -41.30  133.29
 -65477.798   399.864   -32.67  125.50
 -65188.560   404.550    16.20  106.03
 -64899.337   395.364   -31.76   96.59
 -64610.130   385.535   -33.99   74.11
 -64320.938   371.353   -49.04   68.69
 -64031.762   344.673   -92.27   74.22
 -63742.601   301.158  -150.49   88.31
 -63453.455   266.845  -118.68   85.13
 -63164.325   233.637  -114.86   81.97
 -62875.211   208.316   -87.58   69.61
 -62586.111   180.040   -97.81   58.00
 -62297.027   169.202   -37.49   51.22
 -62007.959   163.525   -19.64   45.02
 -61718.906   159.796   -12.90   40.16
 -61429.868   153.473   -21.88   35.98
 -61140.845   146.521   -24.05   30.42
 -60851.838   140.599   -20.49   24.75
 -60562.847   143.217     9.06   24.29
 -60273.870   146.366    10.90   22.84
 -59984.909   157.475    38.45   28.86
 -59695.964   166.937    32.75   31.07
 -59407.034   180.361    46.46   32.22
 -59118.119   191.371    38.11   32.69
 -58829.219   198.535    24.80   30.64
 -58540.335   202.419    13.45   32.21
 -58251.467   200.731    -5.84   35.00
 -57962.613   192.814   -27.41   38.08
 -57673.775   180.948   -41.08   42.38
 -57384.952   172.521   -29.18   40.44
 -57096.145   168.535   -13.80   38.47
 -56807.353   166.173    -8.18   35.85
 -56518.576   161.463   -16.31   32.96
 -56229.815   157.321   -14.34   31.00
 -55941.069   160.784    11.99   30.98
 -55652.338   157.444   -11.57   26.92
 -55363.622   158.687     4.31   27.49
 -55074.922   166.637    27.54   29.17
 -54786.237   172.445    20.12   28.69
 -54497.568   178.188    19.90   27.56
 -54208.914   179.849     5.76   27.00
 -53920.275   179.511    -1.17   24.38
 -53631.651   175.990   -12.20   24.88
 -53343.043   169.884   -21.16   25.39
 -53054.450   162.893   -24.22   26.91
 -52765.872   152.746   -35.16   27.68
 -52477.310   142.512   -35.47   26.66
 -52188.763   137.115   -18.70   24.45
 -51900.231   129.782   -25.42   20.08
 -51611.714   129.540    -0.84   21.62
 -51323.213   126.525   -10.45   22.05
 -51034.727   123.481   -10.55   22.90
 -50746.256   121.988    -5.18   22.76
 -50457.801   121.030    -3.32   20.37
 -50169.361   117.073   -13.72   20.18
 -49880.936   115.187    -6.54   17.02
 -49592.526   113.834    -4.69   15.76
 -49304.132   110.156   -12.75   16.95
 -49015.752   105.156   -17.34   18.84
 -48727.388    97.614   -26.16   19.46
 -48439.040    92.883   -16.41   17.76
 -48150.706    90.771    -7.32   16.04
 -47862.388    89.888    -3.07   16.07
 -47574.085    90.941     3.65   16.75
 -47285.797    90.996     0.19   16.45
 -46997.525    91.769     2.68   16.00
 -46709.268    92.114     1.20   14.94
 -46421.026    91.441    -2.33   14.07
 -46132.799    88.840    -9.03   13.66
 -45844.587    85.131   -12.87   14.08
 -45556.391    80.869   -14.79   15.04
 -45268.210    79.231    -5.68   15.98
 -44980.044    74.656   -15.88   15.91
 -44691.893    72.740    -6.65   16.47
 -44403.757    68.782   -13.74   16.96
 -44115.637    66.332    -8.50   18.10
 -43827.532    61.695   -16.10   15.45
 -43539.442    57.873   -13.27   12.12
 -43251.367    55.937    -6.72   10.06
 -42963.308    58.070     7.40   12.73
 -42675.263    59.680     5.59   13.50
 -42387.234    59.775     0.33   13.03
 -42099.220    59.873     0.34   12.98
 -41811.221    57.724    -7.46   14.13
 -41523.237    54.188   -12.28   15.50
 -41235.269    50.511   -12.77   15.09
 -40947.316    45.937   -15.88   12.00
 -40659.377    45.263    -2.34   10.42
 -40371.454    46.356     3.80   13.01
 -40083.547    57.680    39.33   27.49
 -39795.654    74.011    56.73   38.42
 -39507.776    89.258    52.97   42.09
 -39219.914   103.057    47.94   40.34
 -38932.067   116.216    45.72   33.37
 -38644.235   126.643    36.23   22.36
 -38356.418   130.899    14.79   17.26
 -38068.616   128.628    -7.89   16.14
 -37780.829   120.559   -28.04   17.72
 -37493.058   112.845   -26.81   18.43
 -37205.301   106.188   -23.13   17.48
 -36917.560    98.364   -27.19   17.11
 -36629.834    90.570   -27.09   17.63
 -36342.123    83.732   -23.77   14.99
 -36054.427    80.081   -12.69   13.86
 -35766.746    76.481   -12.51   11.88
 -35479.080    75.878    -2.10   12.80
 -35191.430    77.385     5.24   13.83
 -34903.794    79.318     6.72   14.56
 -34616.174    80.796     5.14   13.61
 -34328.568    80.246    -1.91   12.77
 -34040.978    77.747    -8.69   13.48
 -33753.403    73.246   -15.65   13.54
 -33465.843    66.393   -23.83   12.89
 -33178.298    63.550    -9.89   11.81
 -32890.768    63.568     0.06   11.72
 -32603.254    65.202     5.68   12.91
 -32315.754    68.584    11.77   15.35
 -32028.269    75.414    23.76   16.90
 -31740.800    81.793    22.19   16.95
 -31453.345    88.599    23.68   16.48
 -31165.906    94.732    21.34   16.04
 -30878.482   103.473    30.41   19.61
 -30591.072   113.073    33.40   22.66
 -30303.678   122.956    34.39   24.00
 -30016.299   132.811    34.29   21.64
 -29728.935   140.172    25.62   17.05
 -29441.586   144.790    16.07   13.21
 -29154.252   146.914     7.39   10.09
 -28866.933   146.071    -2.93   10.40
 -28579.629   142.492   -12.46   10.31
 -28292.340   137.808   -16.30   11.37
 -28005.066   134.945    -9.97   11.49
 -27717.807   131.666   -11.42   11.66
 -27430.564   128.990    -9.32   12.22
 -27143.335   125.511   -12.11   12.68
 -26856.121   123.066    -8.51   13.03
 -26568.922   120.753    -8.05   13.27
 -26281.739   117.086   -12.77   13.55
 -25994.570   113.376   -12.92   13.15
 -25707.416   109.381   -13.91   12.35
 -25420.278   106.535    -9.91   12.07
 -25133.154   103.084   -12.02   10.70
 -24846.045   100.308    -9.67    9.65
 -24558.952    99.739    -1.98    9.43
 -24271.873    99.456    -0.99    9.68
 -23984.809    99.275    -0.63    9.47
 -23697.761    97.948    -4.62    9.69
 -23410.727    96.030    -6.68   10.52
 -23123.708    93.993    -7.10   11.17
 -22836.704    90.217   -13.16   13.12
 -22549.716    85.157   -17.63   13.83
 -22262.742    82.381    -9.67   12.78
 -21975.783    81.709    -2.34   13.67
 -21688.839    81.376    -1.16   13.41
 -21401.910    81.630     0.89   14.49
 -21114.996    82.849     4.25   14.95
 -20828.097    88.411    19.39   13.16
 -20541.213    90.384     6.88   11.07
 -20254.344    91.463     3.76    9.56
 -19967.490    90.347    -3.89    9.00
 -19680.651    89.687    -2.30    7.89
 -19393.827    89.399    -1.00    7.10
 -19107.018    88.028    -4.78    7.09
 -18820.223    85.405    -9.15    7.34
 -18531.664    82.231   -11.00    7.88
 -18241.625    80.048    -7.53    7.94
 -17951.602    77.761    -7.89    8.00
 -17661.594    74.130   -12.52    8.07
 -17371.601    71.231   -10.00    7.84
 -17081.623    68.573    -9.16    8.98
 -16791.661    66.437    -7.37    9.20
 -16501.714    64.158    -7.86    9.00
 -16211.782    61.217   -10.14    8.84
 -15921.866    59.156    -7.11    7.66
 -15631.965    56.717    -8.41    7.79
 -15342.079    54.535    -7.53    7.51
 -15052.209    52.230    -7.95    7.69
 -14762.354    50.357    -6.46    7.17
 -14472.514    48.672    -5.81    7.07
 -14182.690    46.687    -6.85    7.34
 -13892.880    45.905    -2.70    6.53
 -13603.087    44.790    -3.85    6.59
 -13313.308    43.390    -4.83    7.73
 -13023.545    42.216    -4.05    8.59
 -12733.797    40.070    -7.41    9.77
 -12444.064    38.399    -5.77   10.36
 -12154.346    36.393    -6.92   10.61
 -11864.644    34.371    -6.98   10.73
 -11574.957    33.550    -2.84   10.74
 -11285.286    32.680    -3.00   10.40
 -10995.629    31.535    -3.95   10.34
 -10705.988    30.349    -4.10   10.36
 -10416.362    29.423    -3.20   10.35
 -10126.752    28.611    -2.80    9.89
  -9837.156    26.070    -8.78    9.84
  -9547.576    23.778    -7.91    9.00
  -9258.011    21.351    -8.38    7.99
  -8968.462    18.959    -8.26    6.77
  -8678.927    17.390    -5.42    5.45
  -8389.408    15.731    -5.73    4.14
  -8099.904    14.829    -3.12    3.95
  -7810.416    13.775    -3.64    3.62
  -7520.942    13.040    -2.54    3.22
  -7231.484    13.836     2.75    5.52
  -6942.041    15.259     4.92    7.85
  -6652.613    18.070     9.71   11.00
  -6363.201    21.805    12.91   13.19
  -6073.803    26.308    15.56   14.35
  -5784.421    30.535    14.61   14.01
  -5495.054    34.066    12.20   12.44
  -5205.702    37.114    10.53   10.28
  -4916.366    39.830     9.39    7.80
  -4627.045    40.202     1.28    7.93
  -4337.738    39.930    -0.94    9.12
  -4048.447    39.884    -0.16    9.80
  -3759.172    39.888     0.02    9.88
  -3469.911    37.687    -7.61   10.82
  -3180.666    36.305    -4.78   11.58
  -2891.435    35.288    -3.52   10.80
  -2602.220    35.002    -0.99   10.56
  -2313.021    35.231     0.79   11.56
  -2023.836    33.878    -4.68   12.91
  -1734.666    29.626   -14.70   15.07
  -1445.512    25.963   -12.67   17.74
  -1156.373    18.334   -26.38   18.28
   -867.249    12.883   -18.85   17.11
   -578.140     7.630   -18.17   14.32
   -289.046     2.628   -17.30    8.46
      0.032    -0.151    -9.61    2.83
    289.096    -0.268    -0.40    2.03
    578.144     0.556     2.85    3.70
    867.177     2.202     5.70    5.24
   1156.195     3.878     5.80    6.11
   1445.198     5.516     5.67    6.34
   1734.186     6.811     4.48    6.14
   2023.158     8.042     4.26    5.48
   2312.116     8.349     1.06    5.23
   2601.058     7.808    -1.87    5.38
   2889.986     8.933     3.89    9.71
   3178.898    15.973    24.37   21.71
   3467.795    25.071    31.49   31.41
   3756.677    36.573    39.81   36.66
   4045.543    48.290    40.56   37.09
   4334.395    60.540    42.41   34.12
   4623.232    74.141    47.09   28.50
   4912.053    81.710    26.20   26.86
   5200.860    90.849    31.65   24.37
   5489.651    94.261    11.81   21.00
   5778.427    96.188     6.67   18.31
   6067.188    98.645     8.51   18.05
   6355.934   102.643    13.85   16.81
   6644.665   106.570    13.60   14.90
   6933.381   109.626    10.59   13.97
   7222.082   109.673     0.16   12.83
   7510.768   108.854    -2.83   13.38
   7799.438   108.816    -0.13   12.50
   8088.094   107.188    -5.64   10.85
   8376.734   105.366    -6.31   10.49
   8665.360   104.334    -3.57    9.08
   8953.970   102.278    -7.13    9.68
   9242.566   101.278    -3.47    9.92
   9531.146    97.115   -14.42   11.22
   9819.711    93.393   -12.90   11.69
  10108.261    89.759   -12.59   12.61
  10396.797    84.579   -17.95   12.05
  10685.317    78.778   -20.11   10.49
  10973.822    73.605   -17.93   10.73
  11262.312    69.763   -13.32   11.49
  11550.787    66.745   -10.46   11.22
  11839.247    63.099   -12.64   10.91
  12127.692    59.545   -12.32   10.93
  12416.122    56.959    -8.96   11.54
  12704.537    54.948    -6.97   11.68
  12992.937    52.864    -7.23   12.33
  13281.322    50.353    -8.70   11.86
  13569.692    48.308    -7.09   11.01
  13858.047    44.602   -12.85   10.86
  14146.386    40.070   -15.72   10.98
  14434.711    34.102   -20.70   10.94
  14723.021    29.496   -15.98   10.49
  15011.316    27.247    -7.80    9.95
  15299.596    26.899    -1.21   10.51
  15587.861    28.156     4.36   11.59
  15876.111    31.202    10.57   12.02
  16164.346    34.011     9.74   11.40
  16452.566    35.173     4.03   10.24
  16740.771    34.016    -4.01   11.93
  17028.961    30.452   -12.37   13.42
  17317.136    25.923   -15.72   13.32
  17605.296    23.633    -7.95   12.23
  17893.441    21.717    -6.65   10.97
  18181.571    24.550     9.83   14.68
  18469.686    29.463    17.05   18.44
  18757.787    36.244    23.54   21.60
  19045.872    43.246    24.30   22.32
  19333.942    53.525    35.68   19.65
  19621.998    57.656    14.34   18.75
  19910.038    60.187     8.78   18.29
  20198.064    62.378     7.61   16.82
  20486.074    63.320     3.27   15.91
  20774.070    63.316    -0.01   15.98
  21062.051    63.086    -0.80   15.32
  21350.016    61.665    -4.94   15.65
  21637.967    57.635   -13.99   16.84
  21925.903    56.217    -4.92   17.09
  22213.824    52.114   -14.25   16.62
  22501.730    49.864    -7.81   12.91
  22789.621    47.430    -8.45   10.54
  23077.498    47.115    -1.10    8.64
  23365.359    45.738    -4.78    7.90
  23653.205    43.996    -6.05    7.71
  23941.037    41.793    -7.65    7.66
  24228.853    40.694    -3.82    7.64
  24516.655    40.388    -1.07    8.63
  24804.442    41.115     2.53    9.16
  25092.214    41.630     1.79   10.06
  25379.971    42.290     2.29   10.01
  25667.713    44.937     9.20    8.38
  25955.440    45.725     2.74    7.02
  26243.153    46.066     1.18    7.37
  26530.850    45.011    -3.67    8.36
  26818.533    45.739     2.53    8.17
  27106.201    44.216    -5.29    9.01
  27393.854    42.753    -5.09    8.75
  27681.492    40.765    -6.91    8.92
  27969.115    39.247    -5.28    7.78
  28256.723    36.894    -8.18    8.40
  28544.317    32.849   -14.07    8.53
  28831.895    27.525   -18.51    9.96
  29119.459    22.244   -18.37   11.13
  29407.008    17.645   -15.99   11.41
  29694.542    13.334   -14.99   10.88
  29982.061     8.761   -15.91    8.00
  30269.566     6.277    -8.64    5.20
  30557.055     5.611    -2.31    4.05
  30844.530     7.978     8.23    7.58
  31131.990    12.570    15.97   10.48
  31419.435    16.666    14.25   11.76
  31706.865    21.888    18.17   11.77
  31994.281    26.073    14.56   10.75
  32281.681    29.874    13.22    7.88
  32569.067    31.417     5.37    5.93
  32856.438    30.261    -4.02    6.86
  33143.794    28.848    -4.92    7.53
  33431.135    28.408    -1.53    7.79
  33718.462    27.854    -1.93    8.15
  34005.774    27.898     0.15    8.15
  34293.071    28.560     2.31    8.23
  34580.353    29.561     3.48    7.82
  34867.620    30.275     2.49    5.80
  35154.873    27.479    -9.74    7.53
  35442.111    24.275   -11.15    7.90
  35729.334    21.775    -8.70    8.07
  36016.542    19.611    -7.54    7.52
  36303.735    19.316    -1.03    7.77
  36590.914    18.290    -3.57    7.76
  36878.078    16.756    -5.34    7.91
  37165.227    15.731    -3.57    8.62
  37452.361    16.456     2.52    9.04
  37739.481    15.506    -3.31    8.94
  38026.586    14.320    -4.13    9.28
  38313.676    12.730    -5.53    8.80
  38600.751    10.602    -7.41    7.57
  38887.812     8.963    -5.71    6.84
  39174.857     7.246    -5.98    5.24
  39461.889     5.899    -4.69    3.83
  39748.905     5.366    -1.86    2.74
  40035.906     5.102    -0.92    2.23
  40322.893     4.878    -0.78    2.02
  40609.865     4.859    -0.07    1.93
  40896.823     5.628     2.68    4.01
  41183.765     7.038     4.91    6.30
  41470.693     8.475     5.01    7.93
  41757.607     9.172     2.43    8.34
  42044.505     9.187     0.05    8.89
  42331.389     9.620     1.51    9.21
  42618.258     9.288    -1.16    9.66
  42905.112     8.361    -3.23    9.77
  43191.952     7.673    -2.40    9.85
  43479.025     7.005    -2.33    9.32
  43769.054     6.310    -2.40    8.56
  44059.068     5.423    -3.06    7.84
  44349.067     4.555    -2.99    6.63
  44639.051     4.289    -0.92    5.88
  44929.020     4.130    -0.55    4.97
  45218.974     4.481     1.21    5.29
  45508.913     5.584     3.80    6.75
  45798.836     5.899     1.09    7.50
  46088.745     7.232     4.60    8.27
  46378.638     8.086     2.95    8.49
  46668.516     8.811     2.50    8.83
  46958.380     8.573    -0.82    8.58
  47248.228     8.158    -1.43    7.94
  47538.061     9.278     3.86    7.43
  47827.879     9.823     1.88    7.08
  48117.682    11.263     4.97    7.19
  48407.471    12.908     5.67    7.39
  48697.244    14.680     6.11    7.70
  48987.001    16.716     7.03    6.90
  49276.744    18.115     4.83    6.30
  49566.472    18.414     1.03    6.28
  49856.185    18.173    -0.83    6.32
  50145.883    18.656     1.67    4.95
  50435.566    18.637    -0.07    4.86
  50725.234    18.057    -2.00    4.49
  51014.886    17.373    -2.36    4.22
  51304.524    16.912    -1.59    4.13
  51594.147    15.605    -4.51    3.96
  51883.754    15.011    -2.05    4.15
  52173.347    13.581    -4.94    4.20
  52462.925    12.805    -2.68    4.33
  52752.488    11.274    -5.29    4.23
  53042.035     9.933    -4.63    3.90
  53331.568     8.769    -4.02    3.51
  53621.086     7.702    -3.69    3.53
  53910.588     6.658    -3.61    3.17
  54200.076     5.838    -2.83    3.13
  54489.549     4.937    -3.11    2.65
  54779.006     4.289    -2.24    2.36
  55068.449     3.956    -1.15    2.33
  55357.877     4.898     3.25    3.92
  55647.290     7.055     7.45    5.93
  55936.688     9.247     7.58    6.47
  56226.071    10.351     3.81    6.26
  56515.439    11.232     3.04    5.47
  56804.791    12.068     2.89    4.47
  57094.129    12.605     1.86    4.39
  57383.453    12.488    -0.41    4.88
  57672.761    12.275    -0.73    5.70
  57962.054    12.399     0.43    6.19
  58251.332    12.790     1.35    6.62
  58540.595    13.278     1.69    6.63
  58829.844    13.540     0.91    6.38
  59119.077    12.888    -2.26    6.01
  59408.295    11.937    -3.29    5.66
  59697.499    11.261    -2.34    5.66
  59986.687    10.014    -4.31    6.16
  60275.861     8.040    -6.83    5.63
  60565.020     6.125    -6.62    4.79
  60854.164     5.303    -2.84    4.52
  61143.292     5.588     0.98    5.27
  61432.406     6.378     2.73    6.45
  61721.506     7.784     4.86    7.91
  62010.590     9.444     5.74    8.92
  62299.659    11.020     5.45    9.07
  62588.713    11.874     2.95    9.08
  62877.753    13.023     3.98    8.60
  63166.777    13.158     0.47    8.13
  63455.787    12.948    -0.73    7.67
  63744.782    12.637    -1.08    7.33
  64033.762    11.050    -5.49    7.09
  64322.727     8.990    -7.13    7.73
  64611.677     7.128    -6.44    7.64
  64900.612     4.747    -8.24    6.78
  65189.532     3.622    -3.89    5.78
  65478.438     3.859     0.82    6.01
  65767.328     4.564     2.44    6.58
  66056.204     6.366     6.24    7.24
  66345.065     8.421     7.11    6.95
  66633.911    10.173     6.06    6.39
  66922.742    12.055     6.52    6.78
  67211.559    13.373     4.56    6.44
  67500.360    14.430     3.66    6.27
  67789.147    15.246     2.82    6.50
  68077.918    16.651     4.87    6.45
  68366.675    17.278     2.17    5.96
  68655.417    17.353     0.26    5.87
  68944.145    17.263    -0.31    5.40
  69232.857    15.898    -4.73    6.07
  69521.555    14.564    -4.62    5.95
  69810.237    13.114    -5.02    6.36
  70098.905    11.702    -4.89    6.23
  70387.558    11.787     0.29    6.51
  70676.197    12.338     1.91    6.54
  70964.820    12.893     1.92    6.36
  71253.429    13.366     1.64    5.64
  71542.022    12.816    -1.91    5.53
  71830.601    12.025    -2.74    5.64
  72119.166    10.845    -4.09    5.82
  72407.715     9.899    -3.28    6.08
  72696.250     9.353    -1.89    6.53
  72984.770     8.570    -2.72    6.68
  73273.275     8.530    -0.14    7.14
  73561.765     8.230    -1.04    7.33
  73850.240     7.616    -2.13    7.21
  74138.701     5.535    -7.21    6.35
  74427.147     3.659    -6.50    5.80
  74715.578     3.033    -2.17    5.90
  75003.994     2.635    -1.38    5.75
  75292.396     2.672     0.13    6.04
  75580.782     2.666    -0.02    6.11
  75869.154     2.759     0.32    6.25
  76157.512     2.680    -0.28    6.24
  76445.854     2.408    -0.94    5.97
  76734.182     1.740    -2.31    5.10
  77022.495     0.808    -3.23    4.08
  77310.793     0.157    -2.26    3.09
  77599.076     0.011    -0.51    2.51
  77887.345    -0.349    -1.25    1.92
  78175.599    -0.738    -1.35    1.68
  78463.838    -0.827    -0.31    1.58
  78752.063    -0.934    -0.37    1.58
  79040.273    -0.752     0.63    1.49
  79328.468    -0.827    -0.26    1.51
  79616.648    -0.934    -0.37    1.36
  79904.813    -1.044    -0.38    1.21
  80192.964    -1.227    -0.63    1.19
  80481.100    -1.117     0.38    1.34
  80769.222    -0.989     0.44    1.28
  81057.328    -1.064    -0.26    1.28
  81345.420    -0.945     0.41    1.61
  81633.498    -0.723     0.77    1.58
  81921.560    -0.698     0.09    1.46
  82209.608    -0.770    -0.25    1.36
  82497.641    -0.783    -0.05    1.28
  82785.660    -0.680     0.36    1.54
  83073.663    -0.723    -0.15    1.79
  83361.652    -0.571     0.53    1.98
  83649.627    -0.398     0.60    2.18
  83937.586    -0.386     0.04    2.21
  84225.531    -0.247     0.48    2.45
  84513.462    -0.229     0.06    2.82
  84801.377    -0.430    -0.70    2.74
  85089.278    -0.460    -0.10    2.77
  85377.165    -0.404     0.19    2.78
  85665.036    -0.386     0.06    2.83
  85952.893    -0.198     0.65    2.91
  86240.735    -0.276    -0.27    2.78
  86528.563    -0.470    -0.67    2.60
  86816.376    -0.755    -0.99    2.67
  87104.174    -0.886    -0.46    2.72
  87391.958    -0.843     0.15    2.76
  87679.727    -0.857    -0.05    2.71
  87967.481    -0.995    -0.48    2.73
  88255.221    -1.004    -0.03    2.79
  88542.946    -1.189    -0.64    3.03
  88830.657    -1.445    -0.89    3.03
  89118.352    -1.888    -1.54    2.83
  89406.034    -2.075    -0.65    2.56
  89693.700    -2.122    -0.16    2.62
  89981.352    -2.413    -1.01    2.45
  90268.989    -2.601    -0.65    2.14
  90556.612    -2.666    -0.22    2.16
  90844.220    -2.753    -0.30    2.11
  91131.813    -2.695     0.20    2.12
  91419.392    -2.619     0.26    2.07
  91706.956    -2.465     0.54    2.13
  91994.506    -2.404     0.21    2.03
  92282.041    -2.147     0.90    1.98
  92569.561    -1.873     0.95    2.02
  92857.067    -1.649     0.78    1.94
  93144.558    -1.255     1.37    2.06
  93432.035    -1.102     0.53    2.10
  93719.497    -0.694     1.42    2.16
  94006.945    -0.372     1.12    2.16
  94294.377    -0.282     0.31    2.20
  94581.796    -0.430    -0.51    2.20
  94869.199    -0.682    -0.88    2.34
  95156.589    -0.927    -0.85    2.38
  95443.963    -1.131    -0.71    2.31
  95731.323    -1.216    -0.29    2.29
  96018.668    -1.298    -0.29    2.14
  96305.999    -1.423    -0.44    2.13
  96593.316    -1.350     0.25    2.20
  96880.617    -1.450    -0.35    2.15
  97167.905    -1.523    -0.25    2.27
  97455.177    -1.697    -0.61    2.31
  97742.435    -1.992    -1.03    2.02
  98029.679    -2.107    -0.40    2.18
  98316.908    -2.106     0.00    2.16
  98604.122    -2.010     0.33    2.00
  98891.322    -2.222    -0.74    1.78
  99178.507    -2.592    -1.29    1.58
  99465.678    -2.622    -0.10    1.59
  99752.835    -2.634    -0.04    1.64
 100039.976    -2.668    -0.12    1.65
 100327.104    -2.906    -0.83    2.01
 100614.216    -3.337    -1.50    2.20
 100901.315    -3.489    -0.53    2.44
 101188.398    -3.706    -0.75    2.61
 101475.467    -3.813    -0.37    2.55
 101762.522    -4.088    -0.96    2.41
 102049.562    -3.943     0.50    2.54
 102336.588    -3.783     0.56    2.46
 102623.599    -3.029     2.63    2.34
 102910.596    -2.857     0.60    2.16
 103197.578    -2.480     1.31    2.13
 103484.546    -2.195     0.99    1.97
 103771.499    -1.943     0.88    1.89
 104058.438    -1.723     0.77    2.02
 104345.362    -1.350     1.30    2.39
 104632.272    -1.167     0.64    2.80
 104919.167    -1.276    -0.38    2.91
 105206.048    -1.525    -0.87    2.85
 105492.914    -1.444     0.28    3.13
 105781.715    -1.246     0.69    3.42
 106071.721    -0.425     2.83    3.67
 106361.712    -0.666    -0.83    3.71
 106651.689    -1.048    -1.32    3.33
 106941.651    -1.056    -0.03    3.23
 107231.598    -1.722    -2.30    3.12
 107521.530    -2.186    -1.60    3.06
 107811.447    -2.858    -2.32    2.63
 108101.350    -2.903    -0.15    1.96
 108391.237    -3.131    -0.79    1.93
 108681.110    -3.479    -1.20    2.08
 108970.968    -3.537    -0.20    2.09
 109260.811    -3.754    -0.75    2.08
 109550.639    -4.198    -1.53    2.17
 109840.453    -4.529    -1.14    2.29
 110130.252    -4.738    -0.72    2.06
 110420.036    -4.871    -0.46    1.83
 110709.805    -4.872    -0.00    1.80
 110999.559    -4.965    -0.32    1.99
 111289.299    -4.872     0.32    1.93
 111579.023    -4.874    -0.01    1.76
 111868.733    -4.857     0.06    1.58
 112158.429    -4.798     0.20    1.39
 112448.109    -4.827    -0.10    1.20
 112737.775    -4.680     0.51    1.11
 113027.425    -4.689    -0.03    1.07
 113317.062    -4.416     0.94    1.32
 113606.683    -3.827     2.03    1.55
 113896.289    -3.277     1.90    1.83
 114185.881    -2.755     1.80    2.05
 114475.458    -2.342     1.43    1.88
 114765.020    -1.914     1.48    1.77
 115054.568    -1.782     0.45    1.75
 115344.101    -1.917    -0.47    1.61
 115633.619    -2.328    -1.42    1.46
 115923.122    -2.421    -0.32    1.64
 116212.610    -2.610    -0.65    1.70
 116502.084    -2.679    -0.24    1.65
 116791.543    -2.710    -0.11    1.69
 117080.987    -2.921    -0.73    1.71
 117370.417    -2.980    -0.20    1.79
 117659.832    -2.903     0.27    1.78
 117949.232    -3.033    -0.45    1.74
 118238.617    -3.070    -0.12    1.70
 118527.988    -3.166    -0.33    1.66
 118817.344    -3.239    -0.25    1.77
 119106.685    -3.260    -0.07    1.72
 119396.012    -3.465    -0.71    1.69
 119685.323    -3.692    -0.79    1.48
 119974.620    -3.783    -0.31    1.39
 120263.903    -3.755     0.10    1.29
 120553.171    -3.577     0.61    1.31
 120842.424    -3.386     0.66    1.43
 121131.662    -3.419    -0.11    1.43
 121420.885    -3.290     0.45    1.42
 121710.094    -3.195     0.33    1.53
 121999.289    -3.357    -0.56    1.56
 122288.468    -3.398    -0.14    1.59
 122577.633    -3.566    -0.58    1.52
 122866.783    -3.740    -0.60    1.41
 123155.919    -3.664     0.26    1.46
 123445.039    -3.608     0.19    1.34
 123734.146    -3.607     0.00    1.33
 124023.237    -3.349     0.89    1.47
 124312.314    -3.084     0.92    1.65
 124601.376    -2.726     1.24    1.78
 124890.424    -2.365     1.25    1.82
 125179.457    -2.092     0.94    1.76
 125468.475    -2.084     0.03    1.78
 125757.478    -2.201    -0.41    1.83
 126046.467    -2.166     0.12    1.91
 126335.442    -2.247    -0.28    1.89
 126624.401    -2.212     0.12    1.88
 126913.346    -2.395    -0.63    1.97
 127202.277    -2.666    -0.94    2.09
 127491.192    -2.707    -0.14    2.10
 127780.093    -2.767    -0.21    2.16
 128068.980    -2.900    -0.46    2.11
 128357.852    -2.992    -0.32    2.06
 128646.709    -3.102    -0.38    2.20
 128935.552    -3.291    -0.65    1.93
 129224.380    -3.514    -0.78    1.91
 129513.193    -3.950    -1.51    1.32
 129801.992    -4.060    -0.38    1.28
 130090.776    -3.872     0.65    1.29
 130379.546    -3.989    -0.41    1.28
 130668.301    -4.027    -0.13    1.29
 130957.041    -4.239    -0.74    1.32
 131245.767    -4.500    -0.90    1.36
 131534.478    -4.753    -0.88    1.36
 131823.175    -4.860    -0.37    1.34
 132111.857    -4.975    -0.40    1.28
 132400.524    -5.022    -0.16    1.36
 132689.177    -5.063    -0.14    1.37
 132977.815    -5.117    -0.19    1.45
 133266.439    -5.086     0.11    1.48
 133555.048    -5.261    -0.61    1.59
 133843.643    -5.060     0.70    1.78
 134132.223    -4.725     1.16    1.99
 134420.788    -4.386     1.17    2.06
 134709.339    -3.870     1.79    2.15
 134997.875    -3.465     1.40    2.08
 135286.397    -3.019     1.55    2.04
 135574.904    -2.430     2.04    1.84
 135863.397    -2.376     0.19    1.93
 136151.875    -2.395    -0.07    1.99
 136440.339    -2.262     0.46    2.15
 136728.788    -2.247     0.05    2.02
 137017.222    -2.175     0.25    2.01
 137305.642    -2.022     0.53    1.94
 137594.048    -2.092    -0.24    1.82
 137882.439    -1.879     0.74    1.76
 138170.815    -1.335     1.88    4.61
 138459.177    -1.088     0.86    4.81
 138747.524    -1.019     0.24    4.86
 139035.857    -1.770    -2.60    2.78
 139324.175    -1.947    -0.62    2.90
 139612.479    -2.357    -1.42    2.88
 139900.769    -2.860    -1.74    2.74
 140189.043    -3.298    -1.52    1.77
 140477.304    -3.680    -1.33    1.44
 140765.549    -3.842    -0.56    1.31
 141053.781    -4.030    -0.65    1.43
 141341.998    -4.082    -0.18    1.40
 141630.200    -3.962     0.41    1.73
 141918.388    -3.921     0.14    1.90
 142206.561    -3.950    -0.10    2.05
 142494.720    -3.634     1.10    2.07
 142782.864    -3.430     0.71    2.09
 143070.994    -3.198     0.81    2.00
 143359.110    -3.048     0.52    2.02
 143647.211    -3.180    -0.46    1.83
 143935.297    -3.137     0.15    1.88
 144223.369    -3.101     0.12    1.73
 144511.427    -3.007     0.33    1.64
 144799.470    -2.903     0.36    1.52
 145087.498    -3.055    -0.53    1.58
 145375.513    -3.186    -0.45    1.38
 145663.512    -3.291    -0.36    1.23
 145951.498    -3.268     0.08    1.18
 146239.468    -3.244     0.08    1.19
 146527.425    -3.195     0.17    1.07
 146815.367    -3.121     0.26    1.02
 147103.294    -3.189    -0.24    1.07
 147391.207    -3.098     0.32    1.54
 147679.106    -3.030     0.24    1.61
 147966.990    -3.216    -0.65    1.67
 148254.860    -3.361    -0.50    1.50
 148542.715    -3.445    -0.29    1.62
 148830.556    -3.525    -0.28    1.65
 149118.383    -3.537    -0.04    1.58
 149406.195    -3.584    -0.16    1.54
 149693.993    -3.500     0.29    1.46
 149981.776    -3.276     0.78    1.33
 150269.545    -3.142     0.47    1.28
 150557.299    -3.019     0.43    1.28
 150845.040    -3.044    -0.09    1.52
 151132.765    -2.916     0.45    1.57
 151420.476    -2.695     0.77    1.68
 151708.173    -2.649     0.16    1.80
 151995.856    -2.737    -0.31    2.13
 152283.524    -2.506     0.81    2.15
 152571.178    -2.404     0.35    2.22
 152858.817    -2.198     0.72    1.93
 153146.442    -2.342    -0.50    1.87
 153434.053    -2.465    -0.43    1.69
 153721.649    -2.644    -0.62    1.74
 154009.231    -2.607     0.13    1.48
 154296.798    -2.932    -1.13    1.56
 154584.351    -3.162    -0.80    1.49
 154871.890    -3.313    -0.53    1.59
 155159.415    -3.350    -0.13    1.71
 155446.925    -3.410    -0.21    1.98
 155734.420    -3.425    -0.05    2.20
 156021.902    -3.484    -0.20    2.15
 156309.369    -3.313     0.59    2.21
 156596.821    -3.198     0.40    2.35
 156884.260    -3.071     0.44    2.18
 157171.684    -2.986     0.30    2.26
 157459.093    -2.563     1.47    2.62
 157746.489    -1.827     2.56    3.61
 158033.870    -1.398     1.49    3.79
 158321.236    -0.813     2.04    4.41
 158608.589     0.084     3.12    5.37
 158895.927     0.814     2.54    6.06
 159183.250     0.757    -0.20    6.01
 159470.560     0.305    -1.58    5.83
 159757.855     0.364     0.20    6.08
 160045.135     0.144    -0.76    6.22
 160332.402     0.405     0.91    6.49
 160619.654     0.336    -0.24    6.24
 160906.892     1.070     2.55    6.58
 161194.115     0.821    -0.87    5.72
 161481.325     0.605    -0.75    5.37
 161768.520    -0.019    -2.17    4.70
 162055.700    -0.392    -1.30    4.24
 162342.867    -0.898    -1.76    3.84
 162630.019    -1.563    -2.31    3.24
 162917.156    -1.916    -1.23    2.41
 163204.280    -2.282    -1.28    1.49
 163491.389    -2.192     0.31    1.59
 163778.484    -2.060     0.46    1.55
 164065.565    -2.136    -0.27    1.47
 164352.631    -2.255    -0.41    1.28
 164639.683    -2.425    -0.59    1.17
 164926.721    -2.589    -0.57    1.21
 165213.745    -2.470     0.42    1.31
 165500.754    -2.510    -0.14    1.16
 165787.749    -2.525    -0.05    1.14
 166074.730    -2.306     0.77    1.30
 166361.697    -2.186     0.42    1.39
 166648.649    -2.198    -0.04    1.46
 166935.587    -2.146     0.18    1.45
 167222.511    -2.386    -0.84    1.58
 167509.421    -2.537    -0.52    1.55
 167796.812    -2.631    -0.33    1.43
 168086.813    -2.767    -0.47    1.39
 168376.800    -2.813    -0.16    1.40
 168666.772    -2.889    -0.26    1.31
 168956.730    -3.088    -0.69    1.35
 169246.673    -3.349    -0.90    1.29
 169536.602    -3.506    -0.54    1.27
 169826.516    -3.559    -0.18    1.22
 170116.415    -3.844    -0.98    0.99
 170406.300    -3.874    -0.10    1.11
 170696.170    -3.917    -0.15    1.15
 170986.026    -3.958    -0.14    1.16
 171275.867    -4.041    -0.29    1.22
 171565.694    -4.198    -0.54    1.18
 171855.506    -4.327    -0.45    1.18
 172145.303    -4.383    -0.19    1.07
 172435.086    -4.470    -0.30    1.01
 172724.854    -4.445     0.08    1.08
 173014.608    -4.276     0.58    1.09
 173304.347    -4.186     0.31    1.10
 173594.072    -4.121     0.22    1.06
 173883.782    -4.033     0.30    1.08
 174173.478    -3.906     0.44    1.12
 174463.159    -3.755     0.52    1.19
 174752.825    -3.504     0.87    1.32
 175042.477    -3.407     0.34    1.31
 175332.115    -3.604    -0.68    1.53
 175621.738    -3.512     0.32    1.82
 175911.346    -3.636    -0.43    1.88
 176200.940    -3.598     0.13    1.95
 176490.519    -3.494     0.36    1.97
 176780.084    -3.627    -0.46    1.94
 177069.635    -3.610     0.06    1.93
 177359.171    -3.631    -0.08    1.91
 177648.692    -3.623     0.03    1.85
 177938.199    -3.680    -0.20    1.49
 178227.691    -3.419     0.90    1.33
 178517.169    -3.445    -0.09    1.16
 178806.632    -3.670    -0.78    1.15
 179096.081    -3.842    -0.59    1.12
 179385.516    -3.753     0.30    1.11
 179674.935    -3.814    -0.21    1.18
 179964.341    -3.930    -0.40    1.38
 180253.732    -4.186    -0.88    1.58
 180543.108    -4.581    -1.36    1.74
 180832.470    -4.898    -1.10    1.83
 181121.818    -5.077    -0.62    1.98
 181411.151    -5.425    -1.20    2.07
 181700.469    -5.465    -0.14    2.11
 181989.773    -5.514    -0.17    2.14
 182279.063    -5.622    -0.37    2.21
 182568.338    -5.610     0.04    2.19
 182857.599    -5.727    -0.40    2.19
 183146.845    -5.666     0.21    2.17
 183436.077    -5.636     0.10    2.13
 183725.295    -5.717    -0.28    2.13
 184014.498    -5.873    -0.54    2.23
 184303.686    -6.001    -0.44    2.25
 184592.860    -5.901     0.35    2.38
 184882.020    -5.711     0.66    2.51
 185171.165    -5.589     0.42    2.60
 185460.296    -5.489     0.35    2.58
 185749.412    -5.465     0.08    2.57
 186038.514    -5.709    -0.84    2.51
 186327.602    -5.872    -0.56    2.44
 186616.675    -6.195    -1.12    2.23
 186905.733    -6.276    -0.28    2.10
 187194.778    -6.559    -0.98    1.95
 187483.808    -6.798    -0.83    1.74
 187772.823    -6.952    -0.53    1.68
 188061.824    -7.306    -1.22    1.26
 188350.811    -7.574    -0.93    0.88
 188639.783    -7.798    -0.77    0.00
 188928.741    -7.798     0.00    0.00
 189217.684    -7.798     0.00    0.00
 189506.614    -7.798     0.00    0.00
 189795.528    -7.798     0.00    0.00
 190084.429    -7.475     1.12    1.05
 190373.315    -7.033     1.53    1.55
 190662.186    -6.651     1.32    1.72
 190951.043    -6.262     1.35    1.81
 191239.886    -5.843     1.45    1.94
 191528.715    -5.465     1.31    1.93
 191817.529    -5.328     0.47    1.95
 192106.328    -5.183     0.50    1.96
 192395.114    -5.151     0.11    1.96
 192683.885    -4.989     0.56    1.97
 192972.641    -4.943     0.16    1.90
 193261.384    -4.977    -0.12    1.83
 193550.112    -4.888     0.31    1.83
 193838.825    -4.934    -0.16    1.73
 194127.524    -4.660     0.95    1.70
 194416.209    -4.813    -0.53    1.77
 194704.880    -4.917    -0.36    2.00
 194993.536    -5.070    -0.53    2.21
 195282.178    -5.519    -1.56    2.39
 195570.806    -5.888    -1.28    2.41
 195859.419    -5.813     0.26    2.60
 196148.018    -5.413     1.38    2.53
 196436.602    -5.261     0.53    2.27
 196725.173    -5.141     0.41    2.40
 197013.729    -5.284    -0.49    2.63
 197302.270    -5.372    -0.30    2.70
 197590.798    -5.607    -0.82    2.81
 197879.311    -5.737    -0.45    2.90
 198167.810    -5.352     1.34    3.02
 198456.294    -5.571    -0.76    2.91
 198744.764    -6.126    -1.93    3.03
 199033.220    -6.320    -0.67    2.91
 199321.661    -6.519    -0.69    2.68
 199610.089    -6.872    -1.22    2.70
 199898.502    -7.506    -2.20    2.21
 200186.900    -7.983    -1.65    1.77
 200475.285    -8.112    -0.45    1.81
 200763.655    -8.261    -0.52    1.78
 201052.011    -8.566    -1.06    1.82
 201340.352    -8.694    -0.44    1.78
 201628.680    -9.231    -1.86    1.90
 201916.993    -9.767    -1.86    1.90
 202205.291   -10.192    -1.47    1.84
 202493.576   -10.723    -1.84    1.61
 202781.846   -11.126    -1.40    1.31
 203070.102   -11.098     0.10    1.32
 203358.344   -10.828     0.94    1.60
 203646.571   -10.401     1.48    1.78
 203934.785   -10.044     1.24    1.79
 204222.984    -9.829     0.75    1.64
 204511.168    -9.533     1.03    1.63
 204799.339    -9.260     0.95    1.98
 205087.495    -8.668     2.05    2.29
 205375.637    -8.007     2.29    2.78
 205663.765    -7.581     1.48    2.92
 205951.879    -6.980     2.08    2.87
 206239.978    -6.687     1.02    2.84
 206528.063    -6.666     0.07    2.74
 206816.134    -6.752    -0.30    2.68
 207104.191    -7.146    -1.37    2.55
 207392.233    -7.651    -1.75    1.98
 207680.261    -7.563     0.31    1.95
 207968.276    -7.783    -0.77    2.21
 208256.275    -7.751     0.11    2.15
 208544.261    -7.930    -0.62    2.22
 208832.232    -7.937    -0.02    2.32
 209120.190    -7.962    -0.09    2.31
 209408.133    -8.180    -0.76    2.26
 209696.062    -8.666    -1.69    1.92
 209983.976    -8.636     0.10    1.62
 210271.877    -8.433     0.71    1.75
 210559.763    -8.166     0.93    1.88
 210847.635    -8.111     0.19    1.69
 211135.493    -7.945     0.57    1.70
 211423.337    -7.695     0.87    1.57
 211711.166    -7.401     1.02    1.47
 211998.982    -7.634    -0.81    1.48
 212286.783    -7.532     0.35    1.52
 212574.570    -7.254     0.97    1.50
 212862.343    -7.298    -0.15    1.53
 213150.102    -7.092     0.72    1.59
 213437.846    -6.872     0.77    1.62
 213725.577    -6.813     0.20    1.74
 214013.293    -6.828    -0.05    1.67
 214300.995    -6.937    -0.38    1.71
 214588.683    -7.122    -0.64    1.76
 214876.357    -7.470    -1.21    2.10
 215164.017    -7.619    -0.52    2.03
 215451.662    -7.872    -0.88    2.08
 215739.294    -8.216    -1.20    1.95
 216026.911    -8.247    -0.11    2.18
 216314.514    -8.629    -1.33    2.04
 216602.103    -8.857    -0.79    1.98
 216889.678    -9.173    -1.10    1.99
 217177.239    -9.290    -0.41    2.11
 217464.786    -9.548    -0.90    1.98
 217752.318    -9.798    -0.87    1.83
 218039.837    -9.784     0.05    1.82
 218327.341    -9.320     1.61    2.18
 218614.831    -8.992     1.14    2.30
 218902.307    -8.706     1.00    2.39
 219189.769    -8.413     1.02    2.34
 219477.217    -8.380     0.12    2.11
 219764.651    -7.932     1.56    2.10
 220052.071    -7.636     1.03    1.93
 220339.477    -7.559     0.27    2.00
 220626.868    -7.261     1.04    1.78
 220914.246    -7.521    -0.91    2.17
 221201.609    -7.859    -1.17    2.35
 221488.958    -8.601    -2.58    2.48
 221776.294    -9.210    -2.12    2.24
 222063.615    -9.504    -1.02    2.44
 222350.922    -9.634    -0.45    2.29
 222638.215    -9.619     0.05    2.06
 222925.494    -9.236     1.33    2.20
 223212.759    -8.844     1.36    2.03
 223500.009    -8.244     2.09    1.87
 223787.246    -7.947     1.03    1.87
 224074.469    -7.479     1.63    1.92
 224361.678    -7.106     1.30    1.73
 224648.872    -6.903     0.71    1.60
 224936.053    -6.950    -0.16    1.68
 225223.219    -6.934     0.05    1.68
 225510.372    -6.904     0.11    1.64
 225797.510    -7.086    -0.63    1.63
 226084.635    -7.306    -0.76    1.46
 226371.745    -7.198     0.37    1.68
 226658.841    -6.679     1.81    2.71
 226945.924    -5.631     3.65    3.69
 227232.992    -4.629     3.49    4.10
 227520.046    -3.601     3.58    4.24
 227807.086    -2.583     3.55    4.45
 228094.113    -1.335     4.34    4.12
 228381.125    -0.320     3.54    3.87
 228668.123     0.666     3.44    3.24
 228955.107     1.202     1.87    2.96
 229242.077     1.740     1.88    2.62
 229529.034     1.823     0.29    2.55
 229815.976     2.371     1.91    3.45
 230105.083     2.570     0.69    3.75
 230395.064     3.515     3.26    5.01
 230685.030     3.767     0.87    5.75
 230974.981     3.849     0.28    6.30
 231264.918     3.802    -0.16    6.74
 231554.841     3.141    -2.28    7.17
 231844.750     3.802     2.28    7.61
 232134.644     4.396     2.05    7.47
 232424.524     3.560    -2.88    6.65
 232714.390     4.347     2.71    7.22
 233004.241     5.277     3.21    7.78
 233294.078     6.479     4.15    7.60
 233583.900     9.217     9.45    8.21
 233873.709    11.187     6.79    8.09
 234163.503    14.471    11.33    7.60
 234453.282    16.002     5.28    7.40
 234743.048    16.486     1.67    6.86
 235032.799    17.709     4.22    6.59
 235322.536    18.187     1.65    5.77
 235612.258    18.959     2.67    5.77
 235901.966    19.429     1.62    5.95
 236191.660    19.515     0.30    5.48
 236481.340    20.340     2.85    5.30
 236771.005    21.411     3.69    4.68
 237060.656    21.626     0.74    4.52
 237350.293    20.884    -2.56    5.45
 237639.915    20.050    -2.88    5.86
 237929.524    19.948    -0.35    6.03
 238219.117    18.963    -3.40    6.48
 238508.697    18.387    -1.99    6.60
 238798.262    18.399     0.04    7.39
 239087.814    19.020     2.15    7.30
 239377.350    20.793     6.12    7.40
 239666.873    21.293     1.73    7.27
 239956.381    21.321     0.10    7.67
 240245.875    19.893    -4.93    9.20
 240535.355    16.771   -10.78   10.17
 240824.821    13.278   -12.07    9.79
 241114.272    10.141   -10.83    8.64
 241403.709     7.081   -10.57    6.63
 241693.132     4.540    -8.78    3.13
 241982.541     3.687    -2.95    2.18
 242271.935     3.405    -0.98    1.57
 242561.315     3.140    -0.91    1.67
 242850.681     2.838    -1.04    1.62
 243140.033     2.593    -0.85    1.51
 243429.371     2.656     0.22    1.49
 243718.694     2.371    -0.99    1.62
 244008.003     2.290    -0.28    1.57
 244297.298     2.086    -0.71    1.58
 244586.578     1.990    -0.33    1.54
 244875.845     2.066     0.26    1.65
 245165.097     1.764    -1.04    2.11
 245454.335     1.717    -0.16    2.26
 245743.559     1.940     0.77    2.33
 246032.768     2.481     1.87    2.69
 246321.964     3.378     3.10    3.46
 246611.145     5.308     6.67    5.85
 246900.312     8.081     9.59    7.02
 247189.465    10.405     8.04    7.21
 247478.604    13.187     9.62    7.56
 247767.728    17.048    13.35    8.54
 248056.838    20.423    11.67    7.88
 248345.935    24.144    12.87    8.41
 248635.017    27.369    11.15    8.80
 248924.084    31.490    14.25    8.75
 249213.138    34.749    11.27    8.66
 249502.177    37.278     8.75    7.86
 249791.203    38.663     4.79    7.81
 250080.214    40.202     5.32    8.36
 250369.211    38.608    -5.52   10.58
 250658.194    36.596    -6.96   12.82
 250947.162    32.444   -14.36   14.55
 251236.117    27.811   -16.03   13.75
 251525.057    22.869   -17.10   12.11
 251813.984    17.587   -18.28    9.62
 252102.896    13.933   -12.64    7.39
 252391.794    11.100    -9.80    6.89
 252680.678     9.754    -4.66    6.33
 252969.547    10.157     1.39    7.30
 253258.403    10.499     1.18    7.78
 253547.244    12.247     6.05    8.71
 253836.072    15.017     9.59    9.31
 254124.885    16.560     5.34    8.82
 254413.684    19.759    11.07    8.53
 254702.469    21.784     7.01    8.69
 254991.240    24.366     8.94    9.72
 255279.997    25.968     5.54    9.41
 255568.739    26.775     2.80    9.36
 255857.468    26.655    -0.42    9.81
 256146.182    26.261    -1.37    9.66
 256434.883    28.144     6.52   12.47
 256723.569    31.232    10.69   19.81
 257012.241    35.142    13.54   24.76
 257300.899    35.843     2.43   23.64
 257589.543    40.981    17.80   25.88
 257878.173    42.694     5.93   22.42
 258166.789    45.070     8.23   21.81
 258455.391    42.898    -7.52   13.07
 258743.978    41.530    -4.74    9.03
 259032.552    40.306    -4.24    8.50
 259321.111    38.936    -4.75    7.19
 259609.657    38.011    -3.21    7.63
 259898.188    37.059    -3.30    7.47
 260186.706    35.834    -4.24    8.03
 260475.209    34.702    -3.92    8.56
 260763.698    31.053   -12.65   10.01
 261052.173    27.217   -13.29    9.29
 261340.634    25.139    -7.20    8.64
 261629.081    25.158     0.06    9.14
 261917.515    25.234     0.26   10.03
 262205.933    28.349    10.80   13.09
 262494.338    31.261    10.09   15.04
 262782.729    32.844     5.49   14.12
 263071.106    34.918     7.19   14.25
 263359.469    37.389     8.57   14.05
 263647.818    38.408     3.53   13.19
 263936.153    38.952     1.89   12.48
 264224.473    42.746    13.16   15.73
 264512.780    50.068    25.39   25.06
 264801.073    53.481    11.84   25.84
 265089.352    59.709    21.60   29.59
 265377.616    63.608    13.52   28.65
 265665.867    73.364    33.84   34.81
 265954.104    84.968    40.25   39.02
 266242.326    98.746    47.79   46.14
 266530.535   114.590    54.96   47.08
 266818.730   118.445    13.37   43.38
 267106.910   120.423     6.86   40.41
 267395.077   116.066   -15.12   43.38
 267683.230   108.246   -27.13   48.34
 267971.368    95.202   -45.26   44.42
 268259.493    87.511   -26.69   38.04
 268547.604    80.790   -23.32   32.43
 268835.701    79.616    -4.07   28.76
 269123.783    83.187    12.39   32.92
 269411.852    86.002     9.77   39.47
 269699.907    91.545    19.24   44.86
 269987.948    94.884    11.59   49.18
 270275.975    99.290    15.29   50.23
 270563.988   101.467     7.56   52.48
 270851.987   100.745    -2.51   54.16
 271139.972    90.599   -35.22   51.29
 271427.943    78.793   -40.99   47.77
 271715.900    70.933   -27.29   48.52
 272003.843    55.460   -53.73   35.53
 272291.772    51.127   -15.04   32.17
 272579.687    44.814   -21.92   24.56
 272867.589    43.245    -5.45   19.76
 273155.476    40.202   -10.57   18.38
 273443.350    42.844     9.17   21.80
 273731.209    43.747     3.14   22.95
 274019.055    48.234    15.58   25.11
 274306.886    51.702    12.05   29.22
 274594.704    60.172    29.42   30.88
 274882.508    60.687     1.79   31.62
 275170.298    60.321    -1.27   33.39
 275458.074    55.217   -17.73   33.87
 275745.836    46.833   -29.13   30.29
 276033.584    37.573   -32.17   24.01
 276321.318    33.351   -14.67   22.62
 276609.038    31.202    -7.47   17.95
 276896.745    31.849     2.25   19.45
 277184.437    37.605    20.00   24.91
 277472.116    43.739    21.32   26.39
 277759.781    50.094    22.09   26.36
 278047.431    50.848     2.62   25.20
 278335.068    49.202    -5.72   25.59
 278622.691    39.602   -33.37   27.75
 278910.301    29.306   -35.79   25.45
 279197.896    20.096   -32.02   21.12
 279485.477    14.202   -20.49   15.20
 279773.045    10.429   -13.12   10.14
 280060.598    11.402     3.38   10.74
 280348.138    13.884     8.63   12.32
 280635.664    17.710    13.30   12.22
 280923.176    21.959    14.78   13.45
 281210.674    28.940    24.28   17.60
 281498.159    41.452    43.51   30.09
 281785.629    48.933    26.02   32.90
 282073.086    56.833    27.47   35.67
 282360.528    58.944     7.34   34.20
 282647.957    60.186     4.32   33.28
 282935.372    61.853     5.80   32.40
 283222.774    64.520     9.28   36.42
 283510.161    60.525   -13.90   32.69
 283797.534    59.396    -3.93   30.82
 284084.894    60.110     2.48   31.82
 284372.240    56.459   -12.70   32.79
 284659.572    53.483   -10.36   33.93
 284946.890    44.918   -29.80   24.18
 285234.195    40.187   -16.46   14.60
 285521.485    37.025   -11.00   10.86
 285808.762    36.535    -1.71    8.79
 286096.025    37.277     2.58    8.69
 286383.274    38.039     2.65    8.20
