-178933.011    42.826     0.00    4.58
-178643.148    42.256    -1.97    4.57
-178353.301    42.097    -0.55    4.53
-178063.470    42.219     0.42    4.71
-177773.655    42.909     2.38    5.05
-177483.856    43.397     1.68    5.02
-177194.073    42.949    -1.55    5.55
-176904.306    42.648    -1.04    5.65
-176614.555    42.060    -2.03    5.82
-176324.820    41.777    -0.97    5.59
-176035.102    41.556    -0.76    5.57
-175745.399    41.552    -0.01    5.54
-175455.712    42.424     3.01    5.49
-175166.041    42.349    -0.26    5.96
-174876.386    41.520    -2.86    6.26
-174586.747    40.361    -4.00    6.03
-174297.124    39.835    -1.82    5.58
-174007.517    40.219     1.33    6.08
-173717.926    41.674     5.02    6.60
-173428.351    43.835     7.46    6.90
-173138.792    45.541     5.90    6.89
-172849.249    48.052     8.67    5.83
-172559.721    49.205     3.98    5.14
-172270.210    49.695     1.69    4.88
-171980.715    49.188    -1.75    6.03
-171691.236    48.085    -3.81    7.02
-171401.772    45.674    -8.33    8.18
-171112.325    44.174    -5.18    8.16
-170822.893    42.190    -6.85    8.44
-170533.478    39.392    -9.67    8.60
-170244.078    37.135    -7.80    8.99
-169954.694    34.364    -9.58    8.71
-169665.327    31.871    -8.62    7.80
-169375.975    30.306    -5.41    6.67
-169086.639    28.453    -6.41    4.22
-168797.319    27.688    -2.64    3.36
-168508.015    26.938    -2.59    2.03
-168218.727    26.755    -0.63    2.65
-167929.454    26.763     0.03    2.83
-167640.198    26.620    -0.49    2.64
-167350.958    26.435    -0.64    2.73
-167061.733    26.424    -0.04    2.67
-166772.524    26.659     0.81    2.70
-166483.332    27.092     1.50    2.82
-166194.155    27.403     1.08    2.58
-165904.994    28.031     2.17    1.93
-165615.849    28.292     0.90    1.86
-165326.719    28.703     1.42    1.72
-165037.606    28.697    -0.02    1.80
-164748.508    28.835     0.48    1.75
-164459.427    29.115     0.97    1.76
-164170.361    29.278     0.56    1.71
-163881.311    29.445     0.58    1.68
-163592.277    29.863     1.45    2.01
-163303.259    30.120     0.89    2.00
-163014.257    30.442     1.11    1.90
-162725.270    30.438    -0.01    1.97
-162436.300    30.615     0.61    1.88
-162147.345    30.625     0.03    1.94
-161858.406    30.714     0.31    2.00
-161569.483    30.625    -0.31    1.80
-161280.575    30.509    -0.40    1.80
-160991.684    29.842    -2.31    2.79
-160702.808    29.157    -2.37    3.23
-160413.949    28.933    -0.78    3.19
-160125.105    28.291    -2.22    3.24
-159836.277    27.654    -2.21    3.23
-159547.464    27.449    -0.71    3.15
-159258.668    27.179    -0.93    2.86
-158969.887    27.320     0.49    2.78
-158681.122    27.865     1.89    2.81
-158392.373    28.425     1.94    2.48
-158103.640    28.993     1.96    2.25
-157814.922    29.523     1.84    2.04
-157526.221    30.249     2.51    1.86
-157237.535    30.869     2.15    1.78
-156948.865    31.335     1.61    2.01
-156660.210    31.842     1.76    2.16
-156371.572    32.747     3.14    2.06
-156082.949    33.380     2.19    2.07
-155794.342    33.843     1.61    1.96
-155505.751    34.523     2.36    1.50
-155217.175    34.871     1.21    1.41
-154928.616    34.834    -0.13    1.46
-154640.072    35.067     0.81    1.69
-154351.543    35.176     0.38    1.78
-154063.031    36.085     3.15    2.68
-153774.534    37.218     3.93    3.77
-153486.053    38.556     4.64    4.78
-153197.588    40.877     8.05    5.77
-152909.139    43.089     7.67    6.33
-152620.705    45.598     8.70    6.63
-152332.287    48.892    11.42    6.70
-152043.885    51.393     8.67    6.46
-151755.499    53.497     7.30    5.89
-151467.128    54.349     2.95    5.42
-151178.773    55.232     3.06    5.19
-150890.433    55.644     1.43    4.62
-150602.110    55.944     1.04    4.24
-150313.802    55.195    -2.60    4.27
-150025.510    54.234    -3.34    4.43
-149737.233    53.867    -1.27    4.42
-149448.973    52.600    -4.39    4.54
-149160.727    51.262    -4.64    4.46
-148872.498    49.735    -5.30    4.40
-148584.284    48.506    -4.26    3.76
-148296.087    48.606     0.35    3.68
-148007.904    48.920     1.09    3.42
-147719.738    49.436     1.79    3.67
-147431.587    50.982     5.37    4.15
-147143.452    52.835     6.43    4.68
-146855.332    54.336     5.21    4.73
-146567.228    55.392     3.67    4.46
-146279.140    56.863     5.11    4.15
-145991.067    58.149     4.46    3.88
-145703.011    58.849     2.43    3.73
-145414.969    59.688     2.91    4.34
-145126.944    60.321     2.20    5.28
-144838.934    59.564    -2.63    5.60
-144550.940    59.605     0.14    5.87
-144262.961    58.755    -2.95    5.36
-143974.998    58.877     0.42    5.15
-143687.051    59.855     3.40    5.26
-143399.119    61.052     4.16    5.87
-143111.203    62.718     5.78    5.89
-142823.303    64.953     7.77    4.98
-142535.418    65.590     2.21    4.54
-142247.549    65.649     0.21    4.36
-141959.695    64.176    -5.12    4.70
-141671.857    62.813    -4.73    5.13
-141384.035    61.209    -5.58    5.60
-141096.229    59.236    -6.86    5.58
-140808.437    57.277    -6.81    5.55
-140520.662    54.321   -10.27    5.19
-140232.902    51.605    -9.44    5.85
-139945.158    49.247    -8.19    6.54
-139657.429    46.206   -10.57    6.25
-139369.716    44.577    -5.66    5.43
-139082.019    44.000    -2.01    5.63
-138794.337    44.292     1.01    6.27
-138506.671    45.132     2.92    6.69
-138219.020    46.438     4.54    6.58
-137931.385    47.835     4.85    6.07
-137643.766    48.821     3.43    4.96
-137356.162    48.463    -1.24    4.88
-137068.573    47.248    -4.23    5.34
-136781.000    45.612    -5.69    5.40
-136493.443    43.963    -5.73    5.49
-136205.902    41.799    -7.53    6.02
-135918.375    39.321    -8.62    5.93
-135630.865    36.988    -8.12    5.59
-135343.370    35.438    -5.39    5.00
-135055.890    34.377    -3.69    4.09
-134768.426    35.089     2.47    5.34
-134480.978    37.236     7.47    6.99
-134193.545    39.176     6.75    7.10
-133906.128    42.115    10.23    5.86
-133618.726    43.397     4.46    4.30
-133331.340    43.246    -0.52    4.60
-133043.969    41.894    -4.71    5.77
-132756.614    39.877    -7.02    5.85
-132469.275    38.926    -3.31    5.45
-132181.950    38.236    -2.40    5.25
-131894.642    37.770    -1.62    5.04
-131607.349    38.541     2.69    5.30
-131320.071    38.761     0.76    4.92
-131032.809    39.127     1.28    4.77
-130745.562    38.585    -1.89    4.93
-130458.331    38.406    -0.62    4.61
-130171.116    38.052    -1.23    4.76
-129883.916    38.799     2.60    5.13
-129596.731    40.771     6.87    5.01
-129309.562    41.541     2.68    5.44
-129022.408    41.306    -0.82    5.69
-128735.270    41.424     0.41    5.87
-128448.148    41.700     0.96    5.48
-128161.040    42.118     1.45    5.10
-127873.949    42.070    -0.17    4.67
-127586.872    41.552    -1.80    4.48
-127299.812    41.250    -1.05    3.98
-127012.766    40.732    -1.80    3.65
-126725.736    40.074    -2.29    4.07
-126438.722    38.924    -4.01    4.53
-126151.723    37.527    -4.87    5.42
-125864.740    35.720    -6.29    6.09
-125577.772    33.982    -6.06    6.61
-125290.819    32.865    -3.89    6.68
-125003.882    31.363    -5.23    6.86
-124716.960    29.929    -5.00    6.55
-124430.054    28.321    -5.61    5.70
-124143.163    27.100    -4.26    5.12
-123856.288    26.500    -2.09    4.59
-123569.428    26.863     1.27    4.91
-123282.583    27.477     2.14    5.61
-122995.754    26.997    -1.67    5.50
-122708.940    27.820     2.87    5.68
-122422.142    28.683     3.01    5.41
-122135.359    30.291     5.61    5.52
-121848.592    31.321     3.59    6.32
-121561.839    33.219     6.62    6.69
-121275.103    35.147     6.72    6.06
-120988.382    37.149     6.98    4.62
-120701.676    37.320     0.60    4.50
-120414.985    36.606    -2.49    4.39
-120126.971    35.409    -4.16    4.57
-119836.941    32.644    -9.53    5.84
-119546.926    29.291   -11.56    6.47
-119256.928    27.202    -7.21    6.44
-118966.945    24.835    -8.16    5.28
-118676.978    22.958    -6.47    3.95
-118387.027    21.799    -4.00    2.51
-118097.092    21.683    -0.40    1.97
-117807.172    22.438     2.61    2.64
-117517.269    24.306     6.44    4.38
-117227.381    26.440     7.36    5.69
-116937.508    29.349    10.03    6.89
-116647.652    32.392    10.50    7.46
-116357.812    36.306    13.51    7.64
-116067.987    39.235    10.11    6.90
-115778.178    41.754     8.69    5.82
-115488.385    43.458     5.88    5.06
-115198.607    45.585     7.34    4.63
-114908.845    46.115     1.83    4.36
-114619.099    46.095    -0.07    4.21
-114329.369    45.063    -3.56    4.05
-114039.655    44.563    -1.73    4.31
-113749.956    44.494    -0.24    4.36
-113460.273    43.458    -3.58    4.25
-113170.606    42.064    -4.81    4.67
-112880.955    40.497    -5.41    4.95
-112591.319    37.900    -8.97    5.57
-112301.699    35.813    -7.21    5.53
-112012.095    34.292    -5.25    5.38
-111722.506    32.987    -4.50    5.21
-111432.934    31.144    -6.36    4.54
-111143.377    29.791    -4.67    4.13
-110853.835    28.784    -3.48    4.08
-110564.310    27.135    -5.70    3.92
-110274.800    26.349    -2.71    3.64
-109985.306    25.686    -2.29    3.19
-109695.827    25.535    -0.52    2.91
-109406.364    25.422    -0.39    2.84
-109116.917    27.012     5.49    4.19
-108827.486    29.320     7.98    5.88
-108538.071    31.451     7.36    6.86
-108248.671    34.743    11.38    7.65
-107959.286    37.920    10.98    7.53
-107669.918    41.132    11.10    8.22
-107380.565    44.027    10.00    8.25
-107091.228    46.306     7.88    9.09
-106801.906    49.545    11.20   10.05
-106512.600    54.993    18.83   14.71
-106223.310    61.924    23.96   18.95
-105934.036    65.820    13.47   18.92
-105644.777    68.977    10.92   17.48
-105355.534    70.949     6.82   15.64
-105066.306    70.649    -1.04   15.47
-104777.095    68.027    -9.07   14.91
-104487.898    64.245   -13.08   11.46
-104198.718    61.620    -9.08   12.16
-103909.553    59.077    -8.79   12.48
-103620.404    55.918   -10.93   12.13
-103331.270    55.436    -1.67   12.21
-103042.152    54.407    -3.56    9.90
-102753.050    53.912    -1.71    8.11
-102463.963    53.894    -0.06    7.47
-102174.892    54.351     1.58    6.94
-101885.837    55.006     2.27    6.62
-101596.797    54.863    -0.49    7.01
-101307.773    55.205     1.18    8.07
-101018.764    56.424     4.22   11.09
-100729.771    55.903    -1.80   13.02
-100440.794    51.924   -13.77   14.31
-100151.832    48.380   -12.27   15.67
 -99862.886    43.888   -15.55   15.02
 -99573.955    39.677   -14.57   12.67
 -99285.040    35.877   -13.15   10.59
 -98996.141    32.433   -11.92    4.99
 -98707.257    31.335    -3.80    1.90
 -98418.389    31.610     0.95    2.07
 -98129.536    33.203     5.51    5.14
 -97840.699    35.350     7.43    7.23
 -97551.878    38.419    10.63    9.27
 -97263.072    41.209     9.66    9.19
 -96974.282    44.697    12.08    8.72
 -96685.507    46.992     7.95    8.22
 -96396.748    49.200     7.65    8.04
 -96108.005    49.784     2.02    7.90
 -95819.277    50.306     1.81    8.00
 -95530.564    51.924     5.60    8.91
 -95241.867    54.892    10.28   10.80
 -94953.186    56.506     5.59   11.70
 -94664.520    57.364     2.97   11.89
 -94375.870    58.863     5.19   13.06
 -94087.235    57.564    -4.50   12.63
 -93798.616    57.215    -1.21   11.33
 -93510.012    56.247    -3.35   11.23
 -93221.424    58.755     8.69   12.17
 -92932.852    59.672     3.18   11.70
 -92644.295    61.364     5.86   10.27
 -92355.753    62.841     5.12    9.80
 -92067.227    65.482     9.16    8.12
 -91778.717    67.924     8.46    8.02
 -91490.222    69.835     6.63    8.21
 -91201.742    72.016     7.56    8.82
 -90913.278    73.377     4.72    7.91
 -90624.830    73.123    -0.88    8.00
 -90336.397    73.349     0.79    7.96
 -90047.979    73.063    -0.99    7.87
 -89759.577    72.515    -1.90    7.08
 -89471.191    72.630     0.40    6.85
 -89182.820    71.880    -2.60    6.57
 -88894.464    72.263     1.33    7.31
 -88606.124    73.592     4.61    9.87
 -88317.800    75.757     7.51   12.50
 -88029.491    78.625     9.95   16.69
 -87741.197    87.349    30.26   30.00
 -87452.919    98.154    37.49   49.18
 -87164.657   111.745    47.15   62.42
 -86876.409   115.144    11.79   61.61
 -86588.178   119.118    13.79   60.70
 -86299.962   119.193     0.26   56.21
 -86011.761   114.973   -14.65   43.87
 -85723.575   113.588    -4.81   38.11
 -85435.406   117.277    12.80   37.58
 -85147.251   119.709     8.44   37.64
 -84859.112   119.277    -1.50   38.02
 -84570.989   114.958   -14.99   32.20
 -84282.880   117.480     8.75   31.68
 -83994.788   119.362     6.53   30.06
 -83706.710   122.973    12.53   35.47
 -83418.649   125.349     8.25   38.58
 -83130.602   127.634     7.94   38.24
 -82842.571   124.982    -9.21   33.04
 -82554.556   121.762   -11.18   23.84
 -82266.556   120.118    -5.71   18.59
 -81978.571   121.563     5.02   19.76
 -81690.602   124.419     9.92   18.99
 -81402.648   133.074    30.06   26.31
 -81114.709   150.900    61.91   44.73
 -80826.786   167.897    59.04   52.52
 -80538.878   186.412    64.31   62.54
 -80250.986   208.424    76.46   76.24
 -79963.109   234.248    89.71   99.66
 -79675.248   258.475    84.17  110.80
 -79387.401   283.900    88.34  127.83
 -79099.571   316.863   114.53  138.39
 -78811.755   353.115   125.96  142.77
 -78523.955   384.306   108.39  139.78
 -78236.171   405.982    75.33  134.68
 -77948.401   432.590    92.47  113.78
 -77660.647   438.364    20.07  100.10
 -77372.909   421.686   -57.97   98.12
 -77085.186   397.306   -84.74  109.93
 -76797.478   373.292   -83.47  110.10
 -76509.785   338.200  -121.98   93.84
 -76222.108   319.806   -63.94   72.79
 -75934.446   314.085   -19.89   59.45
 -75646.800   322.968    30.88   67.49
 -75359.169   348.052    87.22   79.39
 -75071.553   390.602   147.95   94.38
 -74783.953   439.639   170.52  116.32
 -74496.368   493.900   188.69  132.87
 -74208.798   553.455   207.11  136.28
 -73921.244   595.442   146.02  132.69
 -73633.705   607.203    40.90  130.07
 -73346.181   606.261    -3.28  139.85
 -73058.672   585.654   -71.68  145.00
 -72771.179   539.649  -160.03  153.30
 -72483.701   492.377  -164.45  139.43
 -72196.239   447.480  -156.20  116.40
 -71908.792   421.739   -89.56  107.94
 -71621.360   398.732   -80.05   93.32
 -71333.943   377.427   -74.13   90.22
 -71046.542   349.683   -96.54   92.97
 -70759.156   329.949   -68.67   95.01
 -70471.785   304.973   -86.92   95.12
 -70184.430   273.463  -109.66   88.55
 -69897.090   245.349   -97.85   77.19
 -69609.765   221.351   -83.53   58.92
 -69322.455   203.380   -62.55   49.15
 -69035.161   185.425   -62.50   44.92
 -68747.882   170.120   -53.28   39.43
 -68460.618   161.449   -30.19   38.83
 -68173.370   156.590   -16.92   41.12
 -67886.136   149.953   -23.11   42.07
 -67598.918   149.174    -2.71   39.49
 -67311.716   151.052     6.54   47.57
 -67024.528   149.497    -5.42   53.51
 -66737.356   153.634    14.41   59.88
 -66450.199   148.349   -18.41   60.43
 -66163.057   139.045   -32.41   58.08
 -65875.931   128.063   -38.25   57.28
 -65588.820   109.115   -66.00   48.69
 -65301.724    95.918   -45.97   43.86
 -65014.643    82.438   -46.96   35.21
 -64727.577    70.958   -40.00   24.42
 -64440.527    66.067   -17.04   15.29
 -64153.492    66.074     0.02   16.15
 -63866.472    66.190     0.40   17.43
 -63579.467    64.630    -5.44   19.29
 -63292.478    61.376   -11.34   19.85
 -63005.504    57.203   -14.54   18.89
 -62718.545    51.130   -21.17   17.81
 -62431.601    44.336   -23.68   13.41
 -62144.672    39.888   -15.50    7.18
 -61857.759    36.620   -11.39    3.70
 -61570.861    34.915    -5.95    3.08
 -61283.978    33.835    -3.77    2.93
 -60997.110    32.654    -4.12    2.63
 -60710.257    31.694    -3.35    2.38
 -60423.420    30.754    -3.28    2.17
 -60136.598    29.776    -3.41    2.17
 -59849.791    29.188    -2.05    2.04
 -59562.999    28.777    -1.44    2.35
 -59276.222    28.581    -0.68    2.44
 -58989.461    28.320    -0.91    2.77
 -58702.714    28.218    -0.36    3.04
 -58415.983    28.206    -0.04    3.31
 -58129.267    28.654     1.56    3.48
 -57839.593    28.654     0.00    3.37
 -57549.583    28.556    -0.34    3.19
 -57259.589    28.306    -0.86    3.08
 -56969.610    27.912    -1.36    3.08
 -56679.647    27.987     0.26    2.99
 -56389.699    27.649    -1.17    3.03
 -56099.767    27.174    -1.64    3.13
 -55809.850    26.880    -1.01    3.27
 -55519.949    26.291    -2.03    3.33
 -55230.064    25.806    -1.67    3.56
 -54940.194    25.523    -0.97    4.03
 -54650.339    25.506    -0.06    4.62
 -54360.501    25.523     0.06    5.01
 -54070.677    25.247    -0.95    5.27
 -53780.870    25.745     1.72    5.68
 -53491.077    25.942     0.68    5.81
 -53201.301    26.799     2.96    5.18
 -52911.539    27.482     2.36    4.67
 -52621.794    27.419    -0.22    4.44
 -52332.064    27.706     0.99    3.99
 -52042.349    27.485    -0.76    3.63
 -51752.650    26.894    -2.04    4.25
 -51462.966    26.187    -2.44    4.57
 -51173.298    25.850    -1.16    4.71
 -50883.646    24.935    -3.16    5.38
 -50594.009    23.909    -3.54    5.50
 -50304.387    22.644    -4.37    5.67
 -50014.781    21.409    -4.27    5.62
 -49725.190    20.619    -2.73    5.58
 -49435.615    19.821    -2.76    5.20
 -49146.056    19.321    -1.73    5.37
 -48856.512    18.791    -1.83    5.29
 -48566.983    17.625    -4.03    4.95
 -48277.470    17.549    -0.26    4.89
 -47987.972    17.012    -1.85    4.68
 -47698.490    16.605    -1.41    4.71
 -47409.023    16.144    -1.59    4.63
 -47119.572    15.530    -2.12    4.57
 -46830.136    15.377    -0.53    4.63
 -46540.716    14.405    -3.36    4.65
 -46251.311    13.857    -1.89    4.86
 -45961.921    13.218    -2.21    5.19
 -45672.547    12.261    -3.31    5.44
 -45383.189    11.533    -2.52    5.62
 -45093.845     9.659    -6.48    5.68
 -44804.518     8.530    -3.90    5.03
 -44515.206     7.581    -3.28    4.43
 -44225.909     7.277    -1.05    4.14
 -43936.627     6.963    -1.09    4.05
 -43647.361     6.556    -1.41    4.03
 -43358.111     6.541    -0.05    4.15
 -43068.876     6.688     0.51    4.36
 -42779.656     6.683    -0.02    4.38
 -42490.452     6.477    -0.71    4.43
 -42201.263     6.445    -0.11    4.56
 -41912.089     6.335    -0.38    4.70
 -41622.931     5.909    -1.47    4.88
 -41333.789     5.455    -1.57    4.77
 -41044.661     4.594    -2.98    4.65
 -40755.550     3.718    -3.03    4.47
 -40466.453     2.644    -3.71    3.94
 -40177.372     2.461    -0.63    3.60
 -39888.306     2.176    -0.99    3.36
 -39599.256     2.218     0.15    3.45
 -39310.221     2.835     2.14    4.36
 -39021.202     3.366     1.83    4.76
 -38732.198     3.366     0.00    4.74
 -38443.209     3.806     1.52    5.14
 -38154.235     4.523     2.48    5.53
 -37865.277     5.577     3.65    5.76
 -37576.335     6.552     3.37    5.62
 -37287.407     6.843     1.01    5.47
 -36998.495     7.679     2.89    5.36
 -36709.599     7.988     1.07    5.09
 -36420.717     8.232     0.85    4.70
 -36131.851     8.697     1.61    4.63
 -35843.001     7.949    -2.59    4.80
 -35554.166     7.406    -1.88    4.58
 -35265.346     7.600     0.67    4.55
 -34976.541     9.438     6.37    5.69
 -34687.752    10.291     2.95    5.33
 -34398.978    11.306     3.52    5.59
 -34110.220    11.596     1.00    5.96
 -33821.476    11.335    -0.90    6.08
 -33532.748    10.193    -3.96    6.46
 -33244.036     9.074    -3.88    6.15
 -32955.339     7.670    -4.87    5.04
 -32666.657     6.585    -3.76    4.72
 -32377.990     6.082    -1.74    4.82
 -32089.339     5.277    -2.79    4.63
 -31800.702     4.726    -1.91    4.36
 -31512.082     4.449    -0.96    4.30
 -31223.476     3.892    -1.93    4.38
 -30934.886     3.230    -2.29    3.83
 -30646.311     2.453    -2.69    3.41
 -30357.752     2.139    -1.09    3.37
 -30069.207     1.836    -1.05    3.14
 -29780.678     1.174    -2.30    2.75
 -29492.164     0.556    -2.14    2.18
 -29203.666     0.006    -1.91    1.30
 -28915.183    -0.165    -0.59    1.06
 -28626.715    -0.082     0.29    1.06
 -28338.262     0.100     0.63    1.17
 -28049.825     0.440     1.18    1.32
 -27761.403     0.538     0.34    1.36
 -27472.996     0.720     0.63    1.56
 -27184.604     1.063     1.19    1.66
 -26896.228     1.349     0.99    1.63
 -26607.867     1.530     0.63    1.74
 -26319.521     1.615     0.29    1.81
 -26031.190     1.654     0.14    1.64
 -25742.875     1.806     0.53    1.64
 -25454.574     1.953     0.51    1.40
 -25166.290     2.118     0.57    1.39
 -24878.020     2.221     0.36    1.31
 -24589.765     2.320     0.34    1.33
 -24301.526     2.409     0.31    1.43
 -24013.302     2.321    -0.31    1.55
 -23725.093     1.933    -1.35    1.81
 -23436.900     1.747    -0.64    1.86
 -23148.721     4.672    10.15    9.96
 -22860.558    18.074    46.51   36.25
 -22572.410    32.828    51.20   46.93
 -22284.277    45.619    44.40   52.13
 -21996.160    54.335    30.25   53.44
 -21708.057    59.185    16.83   52.28
 -21419.970    68.730    33.13   54.87
 -21131.898    72.973    14.73   60.35
 -20843.841    66.894   -21.10   57.53
 -20555.800    73.376    22.50   64.95
 -20267.773    73.447     0.24   66.43
 -19979.762    75.762     8.04   64.94
 -19691.766    80.291    15.73   74.37
 -19403.785    72.530   -26.95   76.17
 -19115.819    57.564   -51.97   71.59
 -18827.869    41.420   -56.06   61.94
 -18539.933    25.828   -54.15   43.44
 -18252.013    17.420   -29.20   33.22
 -17964.108    10.041   -25.63   17.33
 -17676.218     6.724   -11.52   14.48
 -17388.343     6.003    -2.50   13.22
 -17100.483     4.579    -4.95    9.66
 -16812.639     3.654    -3.21    4.12
 -16524.810     3.747     0.32    4.11
 -16236.995     3.777     0.11    4.15
 -15949.196     3.422    -1.24    3.68
 -15661.412     3.451     0.10    3.67
 -15373.643     2.821    -2.19    3.23
 -15085.890     2.560    -0.91    3.23
 -14798.151     2.037    -1.82    1.81
 -14510.428     1.792    -0.85    1.19
 -14222.719     1.749    -0.15    1.18
 -13935.026     1.447    -1.05    0.72
 -13647.348     1.394    -0.18    0.45
 -13359.685     1.679     0.99    1.11
 -13072.037     1.927     0.86    1.48
 -12784.405     2.215     1.00    1.68
 -12496.787     2.424     0.73    1.87
 -12209.184     2.527     0.36    1.95
 -11921.597     2.489    -0.13    1.90
 -11634.024     2.292    -0.69    1.73
 -11346.467     1.958    -1.16    1.48
 -11058.925     1.703    -0.89    1.13
 -10771.398     1.351    -1.22    0.27
 -10483.886     1.468     0.40    0.64
 -10196.389     1.933     1.62    1.44
  -9908.907     2.509     2.00    2.01
  -9621.440     3.095     2.04    2.37
  -9333.988     3.585     1.71    2.68
  -9046.552     3.968     1.33    2.97
  -8759.130     4.458     1.70    3.18
  -8471.723     4.473     0.05    3.21
  -8184.332     4.232    -0.84    3.36
  -7896.955     3.634    -2.08    3.05
  -7609.594     3.077    -1.94    2.78
  -7322.248     2.435    -2.24    2.01
  -7034.916     2.451     0.06    2.03
  -6747.600     2.828     1.31    2.74
  -6460.299     3.963     3.95    4.03
  -6173.012     5.600     5.70    5.43
  -5885.741     9.018    11.90    7.90
  -5598.485    11.630     9.09    8.37
  -5311.244    13.135     5.24    7.80
  -5024.018    13.590     1.58    7.54
  -4736.807    13.449    -0.49    7.39
  -4449.611    11.422    -7.06    7.73
  -4162.430     9.367    -7.16    7.17
  -3875.264     7.718    -5.74    6.09
  -3588.113     5.978    -6.06    2.60
  -3300.977     5.697    -0.98    1.82
  -3013.856     6.190     1.72    1.86
  -2726.750     6.523     1.16    1.89
  -2439.659     6.664     0.49    1.76
  -2152.583     6.425    -0.83    1.79
  -1865.522     6.482     0.20    1.77
  -1578.476     6.321    -0.56    1.77
  -1291.445     6.231    -0.31    1.75
  -1004.428     5.821    -1.43    2.77
   -717.427     4.262    -5.43    4.17
   -430.441     2.602    -5.78    4.87
   -143.470     1.877    -2.52    5.30
    143.486     1.806    -0.25    5.65
    430.427     2.027     0.77    6.01
    717.354     2.769     2.59    6.00
   1004.265     4.530     6.14    5.78
   1291.161     6.207     5.85    4.78
   1578.043     7.552     4.69    3.18
   1864.909     8.349     2.78    1.59
   2151.760     7.997    -1.23    2.72
   2438.597     7.082    -3.19    4.16
   2725.418     5.927    -4.03    5.39
   3012.225     5.060    -3.02    5.76
   3299.017     4.089    -3.39    6.08
   3585.794     3.791    -1.04    6.63
   3872.555     4.052     0.91    7.04
   4160.607     3.494    -1.94    6.75
   4450.613     3.552     0.20    6.91
   4740.604     4.571     3.51    7.03
   5030.579     5.352     2.69    6.80
   5320.539     7.277     6.64    6.87
   5610.483     9.092     6.26    5.87
   5900.413     9.494     1.39    5.10
   6190.327     9.163    -1.14    5.53
   6480.225     8.600    -1.94    6.05
   6770.109     8.747     0.51    6.73
   7059.977     8.351    -1.37    6.82
   7349.829     8.291    -0.21    7.63
   7639.667     9.277     3.40    7.67
   7929.489    10.364     3.75    8.01
   8219.296    13.334    10.25   11.05
   8509.087    17.863    15.63   15.46
   8798.864    21.564    12.77   16.46
   9088.625    29.188    26.31   20.31
   9378.370    41.994    44.19   30.46
   9668.101    66.012    82.90   63.80
   9957.816    94.277    97.56   76.81
  10247.516   113.958    67.94   76.32
  10537.200   127.978    48.40   70.72
  10826.870   128.937     3.31   70.06
  11116.524   119.762   -31.68   69.72
  11406.163   101.737   -62.23   62.18
  11695.786    85.320   -56.68   55.40
  11985.394    69.292   -55.35   37.11
  12274.988    64.321   -17.16   25.69
  12564.565    63.724    -2.06   26.05
  12854.128    61.041    -9.26   24.35
  13143.675    60.367    -2.33   23.89
  13433.207    61.644     4.41   24.63
  13722.724    71.382    33.63   31.51
  14012.226    75.349    13.71   34.05
  14301.712    75.792     1.53   36.31
  14591.183    77.095     4.50   39.42
  14880.639    78.396     4.49   39.94
  15170.080    77.246    -3.97   40.37
  15459.506    68.615   -29.82   34.88
  15748.916    59.747   -30.64   19.60
  16038.311    63.982    14.63   22.30
  16327.691    78.663    50.73   37.87
  16617.055    96.924    63.10   47.28
  16906.405   110.886    48.25   52.26
  17195.739   119.882    31.09   52.04
  17485.058   130.336    36.13   58.90
  17774.362   148.685    63.42   70.34
  18063.651   139.409   -32.06   73.55
  18352.924   125.735   -47.27   77.50
  18642.183   112.016   -47.43   80.48
  18931.426   103.949   -27.89   81.54
  19220.654    79.470   -84.63   66.61
  19509.866    55.700   -82.19   30.67
  19799.064    43.468   -42.30    9.59
  20088.246    40.997    -8.54    8.09
  20377.414    41.020     0.08    8.48
  20666.566    41.406     1.33    8.55
  20955.703    43.277     6.47   10.77
  21244.825    52.659    32.45   22.89
  21533.931    61.018    28.91   28.03
  21823.023    67.336    21.85   28.65
  22112.099    78.683    39.25   35.27
  22401.160    85.335    23.01   35.19
  22690.206    89.449    14.23   32.07
  22979.237    93.365    13.55   32.26
  23268.253    92.590    -2.68   31.14
  23557.254   101.700    31.52   38.73
  23846.239   109.121    25.68   50.09
  24135.209   126.538    60.27   70.75
  24424.165   150.894    84.29   88.43
  24713.105   184.363   115.83  100.70
  25002.030   209.712    87.73  106.30
  25290.940   223.393    47.35  111.36
  25579.835   243.865    70.86  122.41
  25868.714   244.259     1.36  123.95
  26157.579   231.821   -43.06  114.45
  26446.428   225.877   -20.58   96.87
  26735.263   209.349   -57.22   71.94
  27024.082   198.763   -36.65   63.93
  27312.886   190.769   -27.68   55.95
  27601.675   190.409    -1.25   53.64
  27890.449   197.821    25.67   49.01
  28179.208   214.952    59.32   60.16
  28467.952   234.630    68.15   70.95
  28756.681   246.380    40.69   70.42
  29045.394   250.920    15.73   67.94
  29334.093   237.277   -47.26   71.78
  29622.776   220.596   -57.78   75.49
  29911.445   197.100   -81.39   68.20
  30200.098   175.229   -75.77   57.42
  30488.737   163.567   -40.40   49.41
  30777.360   166.784    11.15   57.71
  31065.968   175.206    29.18   65.00
  31354.561   171.563   -12.62   68.81
  31643.139   165.575   -20.75   72.97
  31931.703   162.085   -12.09   72.72
  32220.251   176.048    48.39   72.24
  32508.784   176.003    -0.16   69.93
  32797.302   195.074    66.10   81.64
  33085.804   226.777   109.88  101.42
  33374.292   264.720   131.52  107.97
  33662.765   300.668   124.61  105.28
  33951.223   329.154    98.75  109.66
  34239.666   351.079    76.01  105.52
  34528.094   342.079   -31.20  114.96
  34816.506   316.320   -89.31  122.89
  35104.904   290.262   -90.35  113.23
  35393.287   278.663   -40.22   95.16
  35681.655   277.092    -5.45   84.38
  35970.007   275.777    -4.56   72.45
  36258.345   286.027    35.55   68.26
  36546.668   298.442    43.06   58.22
  36834.976   293.942   -15.61   62.37
  37123.268   288.963   -17.27   74.63
  37411.546   276.248   -44.11   77.53
  37699.809   263.163   -45.39   79.69
  37988.057   260.953    -7.67   81.57
  38276.289   258.664    -7.94   80.46
  38564.507   259.154     1.70   75.71
  38852.710   258.321    -2.89   74.35
  39140.898   254.527   -13.17   74.87
  39429.071   244.560   -34.59   84.23
  39717.229   225.376   -66.57   80.68
  40005.372   203.563   -75.70   72.62
  40293.500   180.600   -79.69   64.17
  40581.613   170.027   -36.70   52.51
  40869.711   173.414    11.76   56.05
  41157.794   192.115    64.91   67.90
  41445.862   236.683   154.71   83.81
  41733.916   271.726   121.65   90.88
  42021.954   309.729   131.93   97.12
  42309.977   342.394   113.41   85.39
  42597.986   355.659    46.06   82.49
  42885.979   350.897   -16.53   86.24
  43173.958   352.799     6.60   85.48
  43461.921   366.085    46.14   99.52
  43749.870   404.894   134.77  137.28
  44037.804   463.092   202.11  185.15
  44325.723   543.806   280.33  222.65
  44613.627   644.130   348.45  236.83
  44901.516   752.963   378.02  205.82
  45189.390   823.414   244.72  163.49
  45477.249   852.262   100.21  127.60
  45765.093   839.924   -42.86  142.11
  46052.923   794.545  -157.65  178.59
  46340.737   716.639  -270.67  191.26
  46628.537   618.915  -339.54  184.56
  46916.322   502.571  -404.26  165.66
  47204.092   420.170  -286.33  157.94
  47491.846   349.424  -245.85  151.17
  47779.587   280.468  -239.64  113.99
  48067.312   251.654  -100.14   87.99
  48355.022   233.475   -63.18   77.00
  48642.717   210.291   -80.58   80.29
  48930.398   193.306   -59.04   88.23
  49218.064   191.429    -6.52   92.20
  49505.715   194.458    10.53   93.78
  49793.350   202.634    28.43  103.41
  50080.972   210.982    29.02  116.20
  50368.578   237.935    93.71  131.95
  50656.169   274.523   127.22  135.94
  50943.746   306.137   109.93  130.63
  51231.307   330.605    85.08  122.43
  51518.854   326.442   -14.47  121.33
  51806.386   328.012     5.46  118.43
  52093.903   344.482    57.28  104.98
  52381.406   370.743    91.33  109.18
  52668.893   397.792    94.08  111.74
  52956.366   423.630    89.88  113.54
  53243.824   466.880   150.45  112.20
  53531.267   512.784   159.69  105.06
  53818.695   548.052   122.70   86.17
  54106.108   578.037   104.32   70.67
  54393.507   604.396    91.71   57.38
  54680.890   625.585    73.73   56.61
  54968.259   651.397    89.82   69.22
  55255.613   674.755    81.28   83.85
  55542.953   705.863   108.26   96.35
  55830.277   757.075   178.23   94.49
  56117.587   804.821   166.17  106.53
  56404.882   869.431   224.88  117.37
  56692.162   924.232   190.75  133.81
  56979.427   998.973   260.17  144.70
  57266.678  1070.234   248.07  147.37
  57553.913  1143.291   254.34  149.96
  57841.134  1207.124   222.23  145.81
  58128.341  1249.380   147.12  156.96
  58415.532  1246.106   -11.40  187.65
  58702.709  1257.157    38.48  217.57
  58989.870  1226.203  -107.79  239.83
  59277.017  1204.664   -75.01  233.65
  59564.150  1176.886   -96.74  213.32
  59851.267  1160.718   -56.31  184.51
  60138.370  1160.382    -1.17  162.39
  60425.458  1134.291   -90.88  153.55
  60712.531  1123.700   -36.89  167.63
  60999.590  1079.349  -154.49  197.78
  61286.634  1035.262  -153.58  213.99
  61573.663   998.849  -126.86  213.34
  61860.677   959.871  -135.80  222.19
  62147.677   922.380  -130.63  226.34
  62434.662   883.012  -137.17  212.73
  62721.632   862.790   -70.46  180.89
  63008.587   822.515  -140.35  162.66
  63295.528   764.477  -202.25  153.47
  63582.454   711.886  -183.28  137.61
  63869.365   664.447  -165.33  136.26
  64156.261   621.545  -149.53  131.83
  64443.143   567.850  -187.16  134.07
  64730.010   518.229  -172.97  147.80
  65016.862   471.276  -163.68  156.81
  65303.700   411.500  -208.38  135.40
  65590.523   373.321  -133.10  106.84
  65877.331   344.963   -98.87   88.00
  66164.125   329.512   -53.87   75.56
  66453.837   316.349   -45.43   71.02
  66743.821   312.564   -13.05   73.83
  67033.790   313.064     1.72   72.49
  67323.744   304.262   -30.35   71.16
  67613.683   297.440   -23.53   70.33
  67903.607   285.977   -39.54   68.24
  68193.515   279.649   -21.83   63.21
  68483.409   270.060   -33.08   60.20
  68773.287   251.953   -62.46   61.87
  69063.151   247.336   -15.93   62.55
  69352.999   235.858   -39.60   61.57
  69642.833   231.735   -14.23   58.26
  69932.651   224.424   -25.22   55.99
  70222.454   216.577   -27.07   50.65
  70512.242   211.545   -17.37   51.64
  70802.016   203.276   -28.53   51.27
  71091.774   195.200   -27.87   49.15
  71381.517   185.568   -33.24   44.05
  71671.245   181.071   -15.52   38.87
  71960.958   182.747     5.79   42.74
  72250.656   191.692    30.87   52.50
  72540.339   213.234    74.36   73.56
  72830.007   241.634    98.04   96.62
  73119.660   271.843   104.29   96.36
  73409.297   272.579     2.54   87.54
  73698.920   277.436    16.77   78.48
  73988.528   268.571   -30.61   77.01
  74278.121   247.377   -73.18   84.17
  74567.699   225.996   -73.83   79.81
  74857.262   209.982   -55.30   59.81
  75146.810   217.232    25.04   65.17
  75436.342   244.306    93.50   88.48
  75725.860   287.909   150.60  113.55
  76015.363   341.886   186.43  120.24
  76304.851   373.320   108.58  105.15
  76594.324   405.381   110.75   84.38
  76883.782   405.075    -1.05   81.96
  77173.225   387.688   -60.07   96.98
  77462.653   358.460  -100.98   97.74
  77752.066   318.619  -137.65   90.87
  78041.464   284.147  -119.11   81.56
  78330.847   262.230   -75.73   72.12
  78620.215   248.306   -48.12   54.83
  78909.568   262.993    50.75   64.08
  79198.906   290.654    95.60   88.72
  79488.230   320.470   103.05   96.93
  79777.538   356.888   125.87   93.10
  80066.831   387.100   104.43   75.96
  80356.110   406.694    67.73   56.17
  80645.373   415.149    29.23   61.21
  80934.622   403.103   -41.64   72.27
  81223.855   384.521   -64.24   83.27
  81513.074   360.468   -83.16   81.95
  81802.278   335.431   -86.57   72.04
  82091.466   328.410   -24.27   71.07
  82380.640   321.349   -24.42   67.58
  82669.799   307.161   -49.06   66.42
  82958.943   284.762   -77.46   72.38
  83248.072   267.712   -58.96   73.79
  83537.186   244.012   -81.97   63.19
  83826.286   222.094   -75.81   49.11
  84115.370   206.577   -53.67   39.23
  84404.439   195.463   -38.45   33.71
  84693.494   194.216    -4.31   39.80
  84982.534   197.277    10.59   42.93
  85271.558   196.007    -4.39   43.47
  85560.568   197.836     6.33   45.54
  85849.563   201.912    14.10   49.78
  86138.543   209.497    26.25   53.98
  86427.509   210.735     4.28   54.61
  86716.459   204.306   -22.25   55.87
  87005.394   193.115   -38.73   57.50
  87294.315   176.598   -57.16   51.86
  87583.221   166.564   -34.73   41.75
  87872.112   168.924     8.17   43.62
  88160.988   188.491    67.73   65.99
  88449.849   211.494    79.63   74.93
  88738.695   239.663    97.51   77.60
  89027.526   259.835    69.83   66.90
  89316.343   275.634    54.70   60.04
  89605.145   272.875    -9.55   59.79
  89893.931   257.174   -54.37   63.05
  90182.703   227.813  -101.66   63.56
  90471.461   209.992   -61.71   62.24
  90760.203   196.563   -46.50   59.90
  91048.930   179.321   -59.71   51.87
  91337.643   158.234   -73.03   37.56
  91626.341   148.958   -32.13   28.70
  91915.024   150.100     3.96   34.28
  92203.692   160.921    37.48   43.89
  92492.345   171.012    34.95   46.26
  92780.984   176.277    18.24   44.99
  93069.608   178.754     8.58   38.66
  93358.216   182.082    11.53   35.13
  93646.810   182.121     0.14   36.70
  93935.390   183.654     5.31   40.22
  94223.954   179.993   -12.69   43.67
  94512.504   174.813   -17.95   47.18
  94801.039   168.115   -23.21   49.51
  95089.559   155.709   -42.99   47.87
  95378.064   140.077   -54.18   45.06
  95666.555   128.500   -40.13   34.63
  95955.030   120.014   -29.42   28.45
  96243.491   117.850    -7.50   26.43
  96531.937   118.942     3.79   27.27
  96820.369   130.147    38.84   40.30
  97108.785   148.992    65.33   54.62
  97397.187   175.494    91.89   69.04
  97685.574   195.762    70.27   73.81
  97973.946   219.165    81.15   69.21
  98262.304   242.027    79.27   74.15
  98550.647   265.473    81.31   73.74
  98838.975   274.635    31.77   73.22
  99127.288   296.663    76.40   82.87
  99415.586   322.512    89.65   97.08
  99703.870   349.188    92.53  102.51
  99992.139   385.948   127.51  110.40
 100280.393   416.761   106.89  117.28
 100568.633   463.670   162.73  123.44
 100856.858   501.762   132.15  125.07
 101145.068   528.625    93.20  119.84
 101433.263   548.440    68.75  110.80
 101721.444   551.835    11.78  107.10
 102009.609   535.791   -55.67  112.01
 102297.761   502.639  -115.04  114.10
 102585.897   459.468  -149.82  119.59
 102874.019   399.983  -206.44  108.03
 103162.126   354.918  -156.40   85.31
 103450.218   331.453   -81.44   73.91
 103738.295   328.103   -11.63   69.39
 104026.358   341.041    44.91   83.94
 104314.406   366.412    88.07   96.68
 104602.440   406.659   139.72  103.31
 104890.459   437.455   106.92  101.87
 105178.463   461.755    84.37  103.84
 105466.452   484.639    79.45  102.08
 105754.427   511.545    93.42  103.76
 106042.387   545.858   119.15  105.56
 106330.332   577.212   108.88  100.00
 106618.263   598.468    73.82   86.95
 106906.178   611.152    44.05   76.25
 107194.080   597.527   -47.32   78.75
 107481.966   567.205  -105.32   97.02
 107769.838   528.867  -133.17  103.80
 108057.696   481.440  -164.74   95.95
 108345.538   451.664  -103.44   82.06
 108633.366   441.261   -36.14   66.64
 108921.179   461.048    68.75   97.08
 109208.978   512.112   177.41  144.18
 109496.762   589.674   269.49  180.00
 109784.531   677.291   304.44  184.04
 110072.286   744.092   232.12  153.19
 110360.026   788.649   154.84  115.22
 110647.751   801.382    44.25  114.92
 110935.462   770.821  -106.21  147.81
 111223.158   709.134  -214.40  170.21
 111510.840   639.821  -240.92  161.12
 111798.507   565.828  -257.19  131.37
 112086.159   522.363  -151.09   94.33
 112373.797   497.610   -86.05   69.62
 112661.420   486.458   -38.77   62.52
 112949.028   494.012    26.26   71.25
 113236.622   511.506    60.82   75.86
 113524.201   522.276    37.45   81.38
 113811.765   524.277     6.96   75.43
 114099.315   527.067     9.70   73.36
 114386.851   526.567    -1.74   74.19
 114674.372   530.556    13.87   79.08
 114961.878   527.912    -9.20   78.85
 115249.369   538.048    35.25   83.26
 115536.846   544.660    23.00   82.86
 115824.309   550.409    20.00   83.18
 116111.756   567.097    58.05   93.05
 116399.190   598.463   109.11  112.59
 116686.608   645.045   162.05  145.81
 116974.012   701.424   196.15  161.30
 117261.402   790.455   309.76  162.39
 117548.777   856.229   228.86  155.30
 117836.137   913.056   197.74  156.31
 118123.483  1007.424   328.38  208.27
 118410.814  1075.777   237.87  215.88
 118698.131  1155.552   277.63  201.98
 118985.433  1213.958   203.27  172.44
 119272.720  1264.813   177.00  161.89
 119559.993  1297.603   114.13  153.79
 119847.252  1310.718    45.65  137.98
 120134.496  1306.232   -15.61  132.71
 120421.725  1279.849   -91.85  134.37
 120708.940  1252.635   -94.74  134.01
 120996.140  1200.688  -180.85  143.60
 121283.326  1134.497  -230.46  140.68
 121570.497  1070.022  -224.49  143.78
 121857.654  1014.609  -192.95  134.36
 122144.796   961.306  -185.61  129.64
 122431.924   922.041  -136.74  138.01
 122719.037   891.494  -106.38  140.07
 123006.135   840.552  -177.42  157.25
 123293.219   809.381  -108.57  185.44
 123580.289   771.409  -132.26  204.99
 123867.344   724.075  -164.88  221.00
 124154.385   649.381  -260.20  217.72
 124441.411   582.306  -233.66  202.36
 124728.422   523.142  -206.12  180.89
 125015.419   464.187  -205.40  156.35
 125302.402   418.683  -158.54  131.16
 125589.370   376.625  -146.54  117.67
 125876.323   341.575  -122.13  107.26
 126163.263   316.291   -88.10   92.83
 126450.187   301.337   -52.11   89.00
 126737.097   303.762     8.45   89.52
 127023.993   308.161    15.33   93.99
 127310.874   319.963    41.13  102.95
 127597.741   330.828    37.87  102.25
 127884.593   346.200    53.58   98.73
 128171.431   353.453    25.28  104.46
 128459.614   371.185    61.52  103.24
 128749.589   375.198    13.84  104.25
 129039.548   396.118    72.14  102.31
 129329.493   424.978    99.53  102.77
 129619.423   447.219    76.70   96.12
 129909.338   459.455    42.20   92.24
 130199.239   467.246    26.87   86.61
 130489.124   467.639     1.36   87.52
 130778.995   447.229   -70.40   99.51
 131068.851   400.843  -160.01  103.96
 131358.692   360.442  -139.37   85.30
 131648.518   329.720  -105.99   75.49
 131938.330   301.159   -98.54   73.07
 132228.127   273.398   -95.78   64.92
 132517.908   250.473   -79.10   68.15
 132807.676   230.112   -70.26   68.29
 133097.428   205.784   -83.95   61.25
 133387.165   183.112   -78.24   51.53
 133676.888   165.726   -60.00   44.24
 133966.596   152.958   -44.07   39.65
 134256.289   142.091   -37.51   36.53
 134545.967   134.924   -24.74   33.70
 134835.631   126.072   -30.56   28.22
 135125.280   121.366   -16.25   22.48
 135414.914   127.366    20.71   35.29
 135704.533   142.031    50.63   52.77
 135994.138   158.718    57.61   64.11
 136283.727   170.882    42.00   68.49
 136573.302   185.997    52.19   68.38
 136862.863   190.968    17.16   64.19
 137152.408   187.012   -13.66   62.46
 137441.939   174.596   -42.88   57.55
 137731.455   163.571   -38.08   42.84
 138020.956   157.291   -21.69   31.43
 138310.442   155.275    -6.97   26.68
 138599.914   161.453    21.34   34.00
 138889.371   169.485    27.75   44.59
 139178.813   176.392    23.86   45.55
 139468.241   176.820     1.48   47.25
 139757.654   173.791   -10.46   48.01
 140047.052   175.732     6.71   45.45
 140336.435   169.791   -20.53   44.54
 140625.804   159.455   -35.71   39.64
 140915.158   147.091   -42.73   35.46
 141204.497   138.060   -31.21   35.97
 141493.821   136.577    -5.12   37.19
 141783.131   131.963   -15.95   34.02
 142072.426   130.530    -4.95   30.70
 142361.707   131.691     4.01   32.55
 142650.972   135.488    13.13   36.53
 142940.223   140.897    18.70   40.12
 143229.460   139.159    -6.01   40.46
 143518.681   136.697    -8.51   38.96
 143807.888   131.174   -19.10   36.84
 144097.080   121.894   -32.08   35.10
 144386.258   115.137   -23.37   29.25
 144675.421   108.973   -21.31   26.77
 144964.569   110.157     4.09   28.11
 145253.703   111.127     3.35   30.46
 145542.822   111.074    -0.18   32.11
 145831.926   112.470     4.83   33.18
 146121.015   112.552     0.28   33.54
 146410.090   114.382     6.33   31.86
 146699.150   111.382   -10.38   29.72
 146988.196   116.203    16.68   35.44
 147277.227   118.127     6.66   39.61
 147566.243   120.234     7.29   40.63
 147855.245   122.697     8.52   42.04
 148144.232   128.100    18.69   45.21
 148433.204   132.112    13.88   44.27
 148722.162   132.719     2.10   43.13
 149011.105   126.012   -23.21   42.47
 149300.033   121.600   -15.27   41.67
 149588.947   119.596    -6.94   40.72
 149877.846   114.477   -17.71   38.68
 150166.730   105.232   -32.00   35.30
 150455.600    95.615   -33.29   26.56
 150744.456    90.197   -18.76   21.02
 151033.296    87.664    -8.77   18.00
 151322.122    86.393    -4.40   16.24
 151610.934    88.056     5.76   16.90
 151899.731    91.049    10.36   18.32
 152188.513    97.630    22.78   18.94
 152477.281   105.407    26.93   20.93
 152766.034   112.229    23.62   20.89
 153054.772   115.533    11.44   19.65
 153343.496   118.485    10.22   18.31
 153632.205   118.085    -1.38   18.22
 153920.900   118.958     3.02   18.88
 154209.580   120.112     4.00   22.44
 154498.245   126.938    23.65   32.55
 154786.896   133.198    21.68   39.27
 155075.533   137.306    14.23   41.08
 155364.154   141.769    15.46   41.46
 155652.762   138.806   -10.26   42.98
 155941.354   135.392   -11.83   43.79
 156229.932   130.012   -18.64   40.83
 156518.496   122.188   -27.11   33.65
 156807.045   116.568   -19.48   26.31
 157095.579   114.382    -7.57   24.21
 157384.099   117.515    10.86   25.86
 157672.605   117.366    -0.52   24.90
 157961.095   117.792     1.48   25.70
 158249.572   117.634    -0.55   21.00
 158538.033   116.755    -3.05   20.30
 158826.480   112.912   -13.32   18.61
 159114.913   109.675   -11.22   16.97
 159403.331   102.571   -24.63   17.16
 159691.735    96.172   -22.18   17.28
 159980.124    93.581    -8.98   17.16
 160268.498    95.161     5.48   18.25
 160556.858   103.915    30.35   29.30
 160845.203   111.912    27.73   32.11
 161133.534   115.703    13.15   34.87
 161421.851   124.482    30.45   36.39
 161710.153   138.261    47.79   38.31
 161998.440   146.393    28.20   33.91
 162286.713   148.863     8.57   37.24
 162574.971   146.027    -9.84   36.97
 162863.215   150.306    14.84   36.67
 163151.445   149.494    -2.82   36.89
 163439.660   145.918   -12.40   34.53
 163727.860   143.958    -6.80   33.47
 164016.046   148.089    14.33   36.91
 164304.218   155.992    27.42   35.94
 164592.375   168.041    41.81   38.10
 164880.517   181.366    46.24   52.34
 165168.645   202.921    74.80   62.61
 165456.759   219.109    56.18   62.08
 165744.858   232.568    46.71   57.23
 166032.942   235.541    10.32   54.49
 166321.012   233.420    -7.36   55.08
 166609.068   226.052   -25.57   56.80
 166897.109   204.724   -74.04   48.26
 167185.136   189.921   -51.39   42.11
 167473.148   180.609   -32.33   42.82
 167761.146   167.097   -46.91   42.57
 168049.130   157.139   -34.57   39.21
 168337.099   147.157   -34.66   36.60
 168625.053   135.745   -39.62   34.71
 168912.993   126.821   -30.99   33.78
 169200.919   116.018   -37.51   23.78
 169488.830   109.306   -23.31   20.74
 169776.727   107.530    -6.17   20.72
 170064.609   105.952    -5.48   23.23
 170352.477   111.082    17.82   31.44
 170640.331   114.231    10.94   35.11
 170928.170   114.219    -0.04   37.21
 171215.995   110.306   -13.59   35.67
 171503.805   102.568   -26.88   25.18
 171791.601   100.688    -6.53   21.17
 172079.382    97.087   -12.51   19.50
 172367.149    99.321     7.76   22.95
 172654.902    99.865     1.89   21.74
 172942.640    99.900     0.12   21.04
 173230.364    99.067    -2.89   20.61
 173518.074    95.014   -14.09   18.89
 173805.769    93.630    -4.81   19.82
 174093.449    92.029    -5.56   19.16
 174381.116    99.777    26.93   31.47
 174668.768   112.726    45.01   45.23
 174956.405   130.777    62.74   58.64
 175244.028   152.900    76.91   70.47
 175531.637   174.691    75.75   73.92
 175819.231   195.041    70.75   68.05
 176106.811   201.460    22.32   60.18
 176394.377   210.598    31.77   58.78
 176681.928   222.871    42.67   60.59
 176969.465   230.993    28.24   60.18
 177256.988   235.784    16.66   59.08
 177544.496   253.873    62.91   65.10
 177831.990   272.246    63.90   61.03
 178119.470   278.336    21.18   60.53
 178406.935   276.337    -6.95   61.81
 178694.386   260.791   -54.07   68.62
 178981.822   241.644   -66.60   68.75
 179269.244   233.449   -28.51   62.51
 179556.652   226.218   -25.16   50.30
 179844.046   221.470   -16.52   46.65
 180131.425   219.897    -5.47   43.49
 180418.790   222.168     7.90   41.88
 180706.140   215.624   -22.77   47.07
 180993.477   209.052   -22.87   49.88
 181280.798   197.625   -39.77   39.59
 181568.106   192.679   -17.21   35.20
 181855.399   201.045    29.12   42.49
 182142.678   215.398    49.96   49.90
 182429.943   239.244    83.00   61.85
 182717.193   266.438    94.66   65.38
 183004.429   279.691    46.13   68.43
 183291.651   287.378    26.76   67.92
 183578.859   291.115    13.01   71.11
 183866.052   286.205   -17.09   75.93
 184153.231   278.619   -26.41   80.54
 184440.395   262.494   -56.15   75.59
 184727.545   251.453   -38.44   78.10
 185014.681   240.942   -36.60   78.53
 185301.803   233.739   -25.08   80.16
 185588.911   233.407    -1.15   83.06
 185876.004   223.012   -36.20   80.68
 186163.083   212.813   -35.52   74.09
 186450.147   202.775   -34.96   63.48
 186737.198   203.924     4.00   65.69
 187024.234   200.260   -12.76   56.57
 187311.256   206.880    23.06   60.01
 187598.263   210.741    13.45   56.71
 187885.257   225.231    50.48   64.72
 188172.236   249.082    83.10   89.76
 188459.201   281.291   112.22  114.11
 188746.151   318.425   129.39  128.97
 189033.088   347.124   100.00  127.22
 189320.010   372.152    87.22  117.81
 189606.918   374.482     8.12  114.80
 189893.811   374.291    -0.67  114.44
 190180.691   365.089   -32.07  104.37
 190467.556   352.246   -44.76   94.10
 190757.376   336.973   -52.69   92.17
 191047.329   324.215   -43.99   85.21
 191337.267   317.352   -23.67   81.03
 191627.191   308.777   -29.57   69.03
 191917.100   305.858   -10.06   60.81
 192206.995   320.335    49.93   65.34
 192496.875   345.306    86.13   72.91
 192786.740   387.685   146.18  102.68
 193076.591   434.882   162.81  131.28
 193366.427   471.691   126.98  149.04
 193656.249   534.500   216.68  162.59
 193946.056   572.963   132.70  155.83
 194235.849   611.915   134.39  147.91
 194525.627   657.144   156.06  141.55
 194815.391   694.106   127.54  143.44
 195105.140   758.124   220.91  156.44
 195394.874   821.079   217.25  179.02
 195684.594   902.276   280.22  200.03
 195974.299  1000.821   340.10  212.31
 196263.990  1095.248   325.91  209.46
 196553.666  1174.350   273.03  187.67
 196843.328  1259.044   292.34  178.78
 197132.975  1320.367   211.68  175.49
 197422.608  1363.351   148.39  181.41
 197712.226  1383.200    68.52  181.15
 198001.830  1402.381    66.22  182.30
 198291.419  1407.277    16.91  175.29
 198580.994  1406.865    -1.42  161.35
 198870.554  1371.691  -121.45  167.78
 199160.099  1324.142  -164.19  179.92
 199449.631  1246.691  -267.46  207.81
 199739.147  1166.700  -276.25  204.22
 200028.649  1078.187  -305.69  199.25
 200318.137  1009.159  -238.41  172.48
 200607.610   942.245  -231.12  156.82
 200897.069   895.014  -163.15  153.29
 201186.513   857.380  -130.00  158.99
 201475.942   810.352  -162.46  164.97
 201765.357   761.858  -167.53  164.80
 202054.758   718.948  -148.25  168.02
 202344.144   666.567  -180.98  163.24
 202633.516   596.097  -243.49  154.33
 202922.873   533.383  -216.70  134.94
 203212.216   478.527  -189.56  116.61
 203501.544   430.491  -166.00   92.65
 203790.858   403.858   -92.04   71.48
 204080.158   390.585   -45.87   61.63
 204369.443   375.380   -52.55   56.97
 204658.713   368.560   -23.57   58.65
 204947.969   362.052   -22.49   61.07
 205237.211   362.144     0.32   61.39
 205526.438   367.629    18.96   63.59
 205815.651   378.118    36.26   82.83
 206104.849   407.035    99.97  111.15
 206394.033   448.436   143.14  123.41
 206683.202   486.709   132.33  108.41
 206972.357   500.915    49.12   99.77
 207261.497   507.968    24.39  102.23
 207550.623   515.548    26.21  100.71
 207839.735   506.335   -31.86   99.40
 208128.832   486.892   -67.24   86.60
 208417.915   476.973   -34.31   81.62
 208706.984   473.644   -11.51   81.22
 208996.038   475.544     6.57   75.53
 209285.077   452.380   -80.13   91.76
 209574.102   420.882  -108.96  101.26
 209863.113   386.306  -119.61   97.56
 210152.110   361.077   -87.28   88.36
 210441.092   334.644   -91.45   88.28
 210730.059   307.056   -95.46   82.52
 211019.012   274.759  -111.75   85.90
 211307.951   239.144  -123.24   83.83
 211596.876   209.276  -103.36   72.71
 211885.786   188.987   -70.21   58.17
 212174.681   179.763   -31.92   51.72
 212463.562   178.924    -2.91   55.25
 212752.429   186.791    27.23   63.64
 213041.282   192.243    18.87   61.73
 213330.120   195.306    10.60   63.95
 213618.944   204.154    30.63   70.37
 213907.753   213.306    31.68   72.06
 214196.548   223.463    35.16   69.50
 214485.329   235.232    40.75   77.16
 214774.095   252.590    60.10   94.92
 215062.847   293.512   141.70  123.29
 215351.585   334.560   142.14  145.22
 215640.308   375.124   140.47  159.70
 215929.017   425.726   175.24  157.58
 216217.712   457.465   109.92  132.43
 216506.392   461.724    14.75  116.01
 216795.058   464.231     8.68  100.94
 217083.710   453.900   -35.79   80.10
 217372.347   436.291   -61.00   72.24
 217660.970   412.752   -81.54   79.46
 217949.578   376.306  -126.26   97.37
 218238.173   342.581  -116.84  106.99
 218526.753   319.739   -79.14  108.23
 218815.318   298.948   -72.04   99.71
 219103.870   281.506   -60.44   93.60
 219392.407   277.109   -15.24   89.14
 219680.930   277.137     0.10   86.53
 219969.438   268.791   -28.92   84.89
 220257.932   260.074   -30.21   89.26
 220546.412   244.858   -52.74   91.14
 220834.877   217.172   -95.96   86.87
 221123.329   179.983  -128.90   70.13
 221411.766   154.670   -87.74   54.59
 221700.188   133.706   -72.67   30.00
 221988.597   124.769   -30.98   19.61
 222276.991   120.929   -13.31   14.07
 222565.370   119.473    -5.05   13.48
 222853.736   118.440    -3.58   12.55
 223142.087   115.121   -11.51   12.19
 223430.424   111.230   -13.49   12.03
 223718.747   107.715   -12.19   11.32
 224007.055   103.425   -14.88   10.96
 224295.350   100.157   -11.34   10.03
 224583.629    98.598    -5.41    8.48
 224871.895    98.366    -0.81    9.56
 225160.147    98.958     2.05   10.88
 225448.384    98.745    -0.74   10.96
 225736.607    98.745     0.00   11.11
 226024.815    99.230     1.68   11.33
 226313.010   100.124     3.10   12.10
 226601.190   102.275     7.46   13.09
 226889.356   103.424     3.98   13.00
 227177.507   105.664     7.77   12.18
 227465.645   107.814     7.46   10.66
 227753.768   107.776    -0.13    9.40
 228041.877   105.897    -6.52    8.95
 228329.972   102.776   -10.83    8.53
 228618.052    99.644   -10.87    8.58
 228906.119    96.900    -9.52    8.91
 229194.171    94.865    -7.06    8.80
 229482.209    92.229    -9.15    7.85
 229770.233    90.791    -4.99    7.67
 230058.242    89.994    -2.77    7.75
 230346.237    89.170    -2.86    7.54
 230634.218    88.154    -3.52    6.96
 230922.185    87.321    -2.89    6.26
 231210.138    86.012    -4.54    5.22
 231498.076    84.614    -4.85    3.82
 231786.001    83.382    -4.28    3.58
 232073.911    83.869     1.69    4.55
 232361.807    84.007     0.48    5.12
 232649.689    84.688     2.36    5.67
 232937.556    85.944     4.36    6.88
 233225.410    87.060     3.88    7.65
 233513.249    88.382     4.59    7.91
 233801.074    89.828     5.03    8.59
 234088.885    92.322     8.66    9.47
 234376.681    94.997     9.29    9.80
 234664.464    99.027    14.00   12.39
 234952.232   103.892    16.90   17.14
 235239.987   109.291    18.76   20.85
 235527.727   120.903    40.35   26.61
 235815.453   131.142    35.58   27.31
 236103.164   135.957    16.73   26.32
 236390.862   135.813    -0.50   25.73
 236678.545   134.659    -4.01   24.96
 236966.215   131.363   -11.45   26.01
 237253.870   124.625   -23.42   22.18
 237541.511   118.541   -21.15   19.16
 237829.138   110.246   -28.83   10.54
 238116.751   108.290    -6.80    9.91
 238404.349   107.821    -1.63   10.17
 238691.934   105.828    -6.93   10.72
 238979.504   104.600    -4.27   10.91
 239267.061   103.712    -3.09    9.15
 239554.603   103.409    -1.05    8.84
 239842.131   106.336    10.18   11.56
 240129.645   107.677     4.66   12.47
 240417.145   110.218     8.84   13.10
 240704.630   112.639     8.42   14.33
 240992.102   117.703    17.61   20.21
 241279.560   125.577    27.39   29.78
 241567.003   128.688    10.82   31.51
 241854.432   134.850    21.43   37.03
 242141.848   133.994    -2.98   34.49
 242429.249   137.380    11.78   34.15
 242716.636   136.537    -2.93   29.38
 243004.009   139.784    11.30   27.06
 243291.368   153.219    46.74   42.16
 243578.713   177.575    84.74   66.52
 243866.043   200.933    81.28   72.53
 244153.360   220.056    66.54   65.21
 244440.663   233.085    45.34   55.46
 244727.951   236.444    11.69   50.14
 245015.226   232.933   -12.22   48.46
 245302.486   221.987   -38.10   45.80
 245589.733   206.873   -52.61   32.49
 245876.965   199.918   -24.21   32.56
 246164.183   192.675   -25.21   31.62
 246451.387   185.791   -23.96   32.77
 246738.578   177.598   -28.52   33.48
 247025.754   170.109   -26.07   32.62
 247312.916   158.321   -41.04   27.47
 247600.064   149.963   -29.10   22.58
 247887.198   142.739   -25.15   12.91
 248174.318   140.398    -8.15   12.24
 248461.424   143.097     9.40   17.28
 248748.516   148.094    17.40   26.75
 249035.593   153.921    20.30   33.74
 249322.657   165.754    41.21   41.80
 249609.707   176.246    36.55   46.44
 249896.743   184.639    29.23   47.47
 250183.765   190.067    18.91   44.80
 250470.772   186.048   -14.00   42.53
 250757.766   180.583   -19.04   41.24
 251044.746   170.715   -34.38   37.54
 251331.712   158.867   -41.28   29.34
 251618.663   153.130   -19.99   27.85
 251905.601   150.982    -7.48   25.24
 252192.525   151.187     0.71   26.05
 252479.435   154.067    10.04   28.99
 252767.808   150.506   -12.35   30.53
 253057.758   146.639   -13.33   30.53
 253347.694   142.368   -14.73   26.97
 253637.615   139.732    -9.09   21.20
 253927.522   140.821     3.75   24.38
 254217.415   144.843    13.87   26.59
 254507.294   149.409    15.75   26.93
 254797.158   156.275    23.68   23.38
 255087.008   156.730     1.57   22.91
 255376.843   155.048    -5.80   23.78
 255666.664   145.938   -31.43   21.49
 255956.471   138.997   -23.95   17.99
 256246.264   133.784   -17.99   13.47
 256536.042   129.485   -14.83   10.83
 256825.806   129.521     0.13   13.16
 257115.556   129.579     0.20   13.96
 257405.291   129.605     0.09   14.28
 257695.012   130.918     4.53   14.30
 257984.719   133.850    10.12   17.42
 258274.411   139.754    20.37   18.46
 258564.090   142.828    10.61   17.60
 258853.754   150.660    27.03   20.57
 259143.403   168.429    61.33   43.80
 259433.039   197.306    99.68   65.76
 259722.660   215.216    61.83   67.67
 260012.266   218.248    10.47   65.30
 260301.859   214.575   -12.68   66.18
 260591.437   204.336   -35.35   62.49
 260881.001   183.844   -70.75   54.11
 261170.551   165.137   -64.60   36.83
 261460.086   149.777   -53.04   25.63
 261749.608   148.724    -3.64   29.93
 262039.115   154.234    19.03   39.86
 262328.607   168.851    50.48   55.42
 262618.086   193.438    84.92   74.11
 262907.550   227.147   116.43   90.86
 263197.000   249.691    77.87   83.16
 263486.436   273.605    82.60   73.96
 263775.857   289.007    53.21   64.03
 264065.264   300.538    39.83   58.27
 264354.657   307.352    23.54   60.68
 264644.036   305.938    -4.88   61.83
 264933.401   308.909    10.26   57.33
 265222.751   314.891    20.67   59.18
 265512.087   334.600    68.11   74.96
 265801.409   349.828    52.62   78.74
 266090.717   373.031    80.18   87.42
 266380.010   401.614    98.78   98.59
 266669.290   429.718    97.13   97.34
 266958.555   454.846    86.85   89.33
 267247.806   461.007    21.30   77.63
 267537.042   451.944   -31.33   81.74
 267826.265   434.188   -61.38   87.97
 268115.473   415.045   -66.18   90.54
 268404.667   387.075   -96.70   92.49
 268693.847   367.703   -66.98   97.13
 268983.013   359.671   -27.77  101.15
 269272.164   357.022    -9.16  118.20
 269561.301   350.071   -24.04  123.18
 269850.425   347.938    -7.37  125.75
 270139.534   338.813   -31.56  126.34
 270428.628   333.660   -17.82  125.64
 270717.709   310.409   -80.41  113.82
 271006.775   292.544   -61.79   94.38
 271295.828   276.037   -57.09   86.69
 271584.866   260.718   -52.99   77.73
 271873.890   254.247   -22.38   75.83
 272162.900   249.523   -16.34   72.97
 272451.895   245.983   -12.25   72.65
 272740.877   246.218     0.81   71.34
 273029.844   252.893    23.10   80.63
 273318.797   268.732    54.80   88.00
 273607.737   300.560   110.13   99.80
 273896.661   325.263    85.48   99.82
 274185.572   343.118    61.79  100.41
 274474.469   345.568     8.48  102.17
 274763.351   329.850   -54.40  109.77
 275052.220   310.163   -68.14  109.10
 275341.074   284.777   -87.87  103.66
 275629.914   261.953   -79.00   87.79
 275918.740   249.092   -44.52   74.96
 276207.552   243.712   -18.62   68.79
 276496.350   240.579   -10.85   67.35
 276785.134   243.512    10.15   70.24
 277073.903   235.941   -26.21   60.15
 277362.659   235.306    -2.20   58.32
 277651.400   228.438   -23.78   48.07
 277940.127   220.577   -27.22   35.24
 278228.840   215.777   -16.62   33.84
 278517.540   215.442    -1.16   33.60
 278806.224   218.232     9.66   33.92
 279094.895   230.596    42.82   48.63
 279383.552   249.968    67.09   63.79
 279672.195   271.291    73.86   76.86
 279960.823   291.063    68.49   85.01
 280249.438   309.366    63.40   86.08
 280538.038   339.229   103.45   81.74
 280826.625   354.022    51.25   72.84
 281115.197   358.243    14.62   69.67
 281403.755   347.909   -35.80   71.75
 281692.300   336.380   -39.95   71.81
 281980.830   336.935     1.92   66.71
 282269.346   343.630    23.20   69.88
 282557.848   365.094    74.38   95.99
 282846.336   403.993   134.81  104.60
 283134.810   444.560   140.60  103.28
 283423.269   485.247   141.02   99.90
 283711.715   501.231    55.40   96.29
 284000.147   525.726    84.91  108.77
 284288.565   543.144    60.38  114.20
 284576.968   557.609    50.14  128.31
 284865.358   590.927   115.51  138.75
 285153.734   600.973    34.83  136.78
 285442.095   605.335    15.13  133.80
 285730.443   575.276  -104.22  138.90
 286018.776   541.071  -118.60  142.72
 286307.096   518.396   -78.63  141.84
 286595.401   478.485  -138.40  131.05
 286883.693   433.836  -154.84   92.30
 287171.970   414.116   -68.39   62.76
 287460.234   416.291     7.55   58.42
 287748.483   434.007    61.45   64.26
 288036.719   452.218    63.16   70.73
 288324.940   480.097    96.71   79.24
 288613.147   513.813   116.96   78.91
 288901.341   536.598    79.04   69.93
 289189.520   547.782    38.80   60.07
 289477.686   550.500     9.43   56.70
 289765.837   552.784     7.92   52.59
 290053.975   553.842     3.67   49.69
 290342.098   551.440    -8.33   51.76
 290630.208   548.530   -10.10   59.21
 290918.303   542.168   -22.08   61.31
 291206.385   544.624     8.53   63.29
 291494.452   546.306     5.84   66.33
 291782.506   559.843    46.98   79.64
 292070.545   570.835    38.15   89.17
 292358.571   587.978    59.50   97.52
 292646.583   613.071    87.10  106.56
 292934.580   621.814    30.35  120.30
 293222.564   639.897    62.78  128.00
 293510.534   646.381    22.51  116.76
 293798.490   674.654    98.17  119.73
 294086.432   711.424   127.67  127.24
 294374.360   742.139   106.65  125.12
 294662.274   784.291   146.37  129.78
 294950.174   811.983    96.16  113.78
 295238.060   804.033   -27.61  115.61
 295525.932   768.139  -124.66  131.67
 295813.791   700.121  -236.23  143.72
 296101.635   656.276  -152.29  134.35
 296389.466   612.044  -153.63  119.47
 296677.282   581.948  -104.54  104.09
 296965.085   573.564   -29.12  104.94
 297252.873   589.867    56.64  120.81
 297540.648   618.776   100.43  130.65
 297828.409   656.937   132.58  131.19
 298116.156   675.639    64.98  115.70
 298403.889   666.429   -32.00  109.57
 298691.608   632.843  -116.70  131.97
 298979.313   599.851  -114.65  149.18
 299267.005   552.521  -164.48  156.40
 299554.682   496.958  -193.10  139.11
 299842.346   457.655  -136.59  114.37
 300129.995   417.560  -139.36   88.56
 300417.631   384.721  -114.14   53.90
 300705.253   368.409   -56.70   41.69
 300992.861   352.709   -54.57   27.39
 301280.455   342.475   -35.58   22.88
 301568.035   335.776   -23.29   22.11
 301855.601   331.506   -14.84   22.96
 302143.154   322.336   -31.88   21.88
 302430.692   314.978   -25.58   16.33
 302718.217   312.571    -8.37   16.81
 303005.728   310.978    -5.54   16.87
 303293.225   311.139     0.56   19.16
 303580.708   309.821    -4.58   19.98
 303868.178   310.814     3.45   20.82
 304155.633   310.144    -2.33   19.62
 304443.075   310.440     1.03   16.76
 304730.502   312.915     8.61   15.84
 305017.916   312.694    -0.77   15.44
 305305.316   310.799    -6.59   15.23
 305592.702   310.829     0.11   16.82
 305880.075   310.200    -2.19   17.79
 306167.433   309.230    -3.37   18.00
 306454.778   309.688     1.59   18.13
 306742.109   309.806     0.41   16.47
 307029.426   312.769    10.31   18.83
 307316.729   317.187    15.37   21.99
 307604.019   327.306    35.22   30.45
 307891.294   335.633    28.98   34.17
 308178.556   347.044    39.71   37.01
