#  195.120   0.952  23.710 ;Mean Elev.(m), Avg Gradient(m/km), RMS Gradient(m/km) - SRTM1     
#  212.484   0.855  22.493 ;Mean Elev.(m), Avg Gradient(m/km), RMS Gradient(m/km) - ASTER GDEM
#  197.090   0.710  22.778 ;Mean Elev.(m), Avg Gradient(m/km), RMS Gradient(m/km) - GMTED2010 
   9   238.474 54742.38906583 30.37 105.877827  28.902796 16.933 -100.00 -100.00 -100.00
   9   239.566 54742.38906642 28.17 105.879052  28.905216 12.548 -100.00 -100.00 -100.00
   9   258.792 54742.38906701 21.41 105.880277  28.907635  4.879 -100.00 -100.00 -100.00
   9   257.108 54742.38906760 19.74 105.881502  28.910055  3.019 -100.00 -100.00 -100.00
   9   256.674 54742.38906819 20.74 105.882728  28.912474  4.480 -100.00 -100.00 -100.00
   9   255.741 54742.38906878 21.68 105.883953  28.914893  5.342 -100.00 -100.00 -100.00
   9   250.963 54742.38906938 23.02 105.885178  28.917313  5.396 -100.00 -100.00 -100.00
   9   244.706 54742.38906997 22.22 105.886404  28.919732  5.595 -100.00 -100.00 -100.00
   9   223.691 54742.38907056 26.07 105.887629  28.922151  8.675 -100.00 -100.00 -100.00
   9   239.145 54742.38907115 24.79 105.888855  28.924570  7.820 -100.00 -100.00 -100.00
  10   374.018 54752.30471203 18.48 105.874462  28.899670  3.350 -100.00 -100.00 -100.00
  10   373.785 54752.30471262 17.69 105.875687  28.902090  3.065 -100.00 -100.00 -100.00
  10   372.965 54752.30471321 16.10 105.876913  28.904509  3.077 -100.00 -100.00 -100.00
  10   370.913 54752.30471380 15.09 105.878138  28.906929  2.869 -100.00 -100.00 -100.00
  10   372.534 54752.30471439 14.41 105.879363  28.909348  3.112 -100.00 -100.00 -100.00
  10   369.044 54752.30471498 14.02 105.880588  28.911768  2.947 -100.00 -100.00 -100.00
  10   366.783 54752.30471557 14.35 105.881814  28.914187  3.222 -100.00 -100.00 -100.00
  10   364.886 54752.30471616 14.90 105.883039  28.916606  3.631 -100.00 -100.00 -100.00
  10   366.471 54752.30471675 14.07 105.884265  28.919026  2.815 -100.00 -100.00 -100.00
  10   366.517 54752.30471734 14.61 105.885490  28.921445  2.850 -100.00 -100.00 -100.00
  10   363.947 54752.30471793 14.86 105.886716  28.923865  2.675 -100.00 -100.00 -100.00
  10   362.434 54752.30471852 16.26 105.887941  28.926284  3.438 -100.00 -100.00 -100.00
  11   334.409 54762.22035855 18.32 105.874252  28.897993  2.605 -100.00 -100.00 -100.00
  11   334.948 54762.22035914 17.81 105.875477  28.900413  2.425 -100.00 -100.00 -100.00
  11   335.576 54762.22035974 17.18 105.876702  28.902832  2.088 -100.00 -100.00 -100.00
  11   335.882 54762.22036033 16.90 105.877927  28.905252  1.874 -100.00 -100.00 -100.00
  11   336.242 54762.22036092 17.09 105.879153  28.907671  2.022 -100.00 -100.00 -100.00
  11   336.552 54762.22036151 17.57 105.880378  28.910091  3.139 -100.00 -100.00 -100.00
  11   336.776 54762.22036210 17.39 105.881603  28.912511  2.473 -100.00 -100.00 -100.00
  11   336.879 54762.22036269 18.16 105.882829  28.914930  3.744 -100.00 -100.00 -100.00
  11   337.018 54762.22036328 17.16 105.884054  28.917349  3.105 -100.00 -100.00 -100.00
  11   337.311 54762.22036387 16.31 105.885280  28.919769  2.544 -100.00 -100.00 -100.00
  11   337.810 54762.22036446 16.08 105.886505  28.922188  1.913 -100.00 -100.00 -100.00
  11   338.485 54762.22036505 16.52 105.887731  28.924608  1.989 -100.00 -100.00 -100.00
  11   339.214 54762.22036564 17.31 105.888957  28.927027  2.222 -100.00 -100.00 -100.00
  19   371.112 54841.54549389 16.05 105.887874  28.916852  5.664 -100.00 -100.00 -100.00
  19   370.712 54841.54549448 16.23 105.889100  28.919272  4.534 -100.00 -100.00 -100.00
  19   371.011 54841.54549507 16.32 105.890325  28.921692  4.341 -100.00 -100.00 -100.00
  20   344.908 54851.46113816 21.44 105.874524  28.898755  2.142 -100.00 -100.00 -100.00
  20   346.210 54851.46113875 21.08 105.875749  28.901174  2.425 -100.00 -100.00 -100.00
  20   347.416 54851.46113934 21.28 105.876974  28.903594  2.538 -100.00 -100.00 -100.00
  20   348.581 54851.46113993 20.37 105.878199  28.906014  2.444 -100.00 -100.00 -100.00
  20   349.430 54851.46114052 20.30 105.879425  28.908434  2.783 -100.00 -100.00 -100.00
  20   350.151 54851.46114112 19.70 105.880650  28.910854  2.750 -100.00 -100.00 -100.00
  20   348.862 54851.46114171 20.05 105.881876  28.913273  3.484 -100.00 -100.00 -100.00
  20   351.432 54851.46114230 19.15 105.883101  28.915693  2.961 -100.00 -100.00 -100.00
  20   351.990 54851.46114289 18.74 105.884327  28.918113  2.470 -100.00 -100.00 -100.00
  20   352.542 54851.46114348 19.52 105.885552  28.920533  3.276 -100.00 -100.00 -100.00
  20   353.475 54851.46114407 19.10 105.886778  28.922952  2.186 -100.00 -100.00 -100.00
  20   353.800 54851.46114466 20.09 105.888004  28.925372  2.112 -100.00 -100.00 -100.00
  20   347.136 54851.46114525 22.39 105.889230  28.927792  3.969 -100.00 -100.00 -100.00
  21   365.418 54861.37678794 23.58 105.873618  28.903769  2.756 -100.00 -100.00 -100.00
  21   365.985 54861.37678853 22.40 105.874843  28.906189  3.122 -100.00 -100.00 -100.00
  21   365.735 54861.37678912 21.49 105.876068  28.908609  3.332 -100.00 -100.00 -100.00
  21   363.163 54861.37678971 20.83 105.877294  28.911028  3.771 -100.00 -100.00 -100.00
  21   360.476 54861.37679030 19.91 105.878519  28.913448  3.855 -100.00 -100.00 -100.00
  21   360.678 54861.37679089 19.38 105.879745  28.915868  3.974 -100.00 -100.00 -100.00
  21   362.447 54861.37679148 18.37 105.880970  28.918288  4.037 -100.00 -100.00 -100.00
  21   362.685 54861.37679207 18.10 105.882196  28.920708  4.425 -100.00 -100.00 -100.00
  21   364.105 54861.37679266 17.43 105.883421  28.923128  3.385 -100.00 -100.00 -100.00
  21   361.642 54861.37679325 18.29 105.884647  28.925547  3.657 -100.00 -100.00 -100.00
  21   362.619 54861.37679384 19.23 105.885873  28.927967  4.523 -100.00 -100.00 -100.00
  21   348.715 54861.37679443 20.71 105.887099  28.930387  4.951 -100.00 -100.00 -100.00
  22   336.245 54871.29243787 26.19 105.874397  28.908254  3.345 -100.00 -100.00 -100.00
  22   332.836 54871.29243846 26.47 105.875622  28.910674  4.025 -100.00 -100.00 -100.00
  22   322.892 54871.29243905 28.86 105.876848  28.913094  5.942 -100.00 -100.00 -100.00
  22   305.250 54871.29244023 28.24 105.879298  28.917934  6.561 -100.00 -100.00 -100.00
  22   302.983 54871.29244082 27.20 105.880524  28.920354  6.134 -100.00 -100.00 -100.00
  22   329.781 54871.29244141 22.76 105.881750  28.922774  3.505 -100.00 -100.00 -100.00
  22   328.415 54871.29244200 20.48 105.882975  28.925193  2.700 -100.00 -100.00 -100.00
  22   328.518 54871.29244259 20.08 105.884201  28.927613  2.191 -100.00 -100.00 -100.00
  22   329.008 54871.29244318 20.48 105.885427  28.930033  1.906 -100.00 -100.00 -100.00
  22   329.931 54871.29244377 22.04 105.886653  28.932453  2.415 -100.00 -100.00 -100.00
  23   368.339 54881.20808410 23.62 105.873126  28.902915  3.060 -100.00 -100.00 -100.00
  23   370.968 54881.20808469 22.72 105.874351  28.905335  2.982 -100.00 -100.00 -100.00
  23   373.104 54881.20808528 21.17 105.875576  28.907755  3.237 -100.00 -100.00 -100.00
  23   373.532 54881.20808587 19.96 105.876802  28.910175  3.324 -100.00 -100.00 -100.00
  23   371.516 54881.20808646 18.65 105.878027  28.912595  3.902 -100.00 -100.00 -100.00
  23   367.563 54881.20808705 18.30 105.879253  28.915015  4.293 -100.00 -100.00 -100.00
  23   367.923 54881.20808764 17.27 105.880478  28.917435  4.175 -100.00 -100.00 -100.00
  23   368.032 54881.20808823 16.45 105.881704  28.919855  3.545 -100.00 -100.00 -100.00
  23   364.766 54881.20808882 16.54 105.882930  28.922275  3.874 -100.00 -100.00 -100.00
  23   364.852 54881.20808941 17.29 105.884156  28.924694  4.076 -100.00 -100.00 -100.00
  23   362.886 54881.20809000 17.99 105.885382  28.927114  4.193 -100.00 -100.00 -100.00
  23   360.911 54881.20809060 19.70 105.886607  28.929534  5.452 -100.00 -100.00 -100.00
  24   377.753 54891.12372712 20.67 105.873392  28.897589  2.234 -100.00 -100.00 -100.00
  24   376.389 54891.12372771 20.79 105.874617  28.900009  3.689 -100.00 -100.00 -100.00
  24   374.086 54891.12372830 19.61 105.875843  28.902429  2.426 -100.00 -100.00 -100.00
  24   373.212 54891.12372889 18.64 105.877068  28.904849  2.579 -100.00 -100.00 -100.00
  24   373.301 54891.12372948 18.18 105.878293  28.907269  2.902 -100.00 -100.00 -100.00
  24   373.242 54891.12373007 18.20 105.879519  28.909689  3.555 -100.00 -100.00 -100.00
  24   371.866 54891.12373066 17.26 105.880745  28.912109  2.932 -100.00 -100.00 -100.00
  24   371.423 54891.12373125 17.95 105.881970  28.914529  3.833 -100.00 -100.00 -100.00
  24   368.602 54891.12373184 18.02 105.883196  28.916949  3.384 -100.00 -100.00 -100.00
  24   366.361 54891.12373243 17.94 105.884422  28.919368  2.951 -100.00 -100.00 -100.00
  24   364.603 54891.12373302 18.70 105.885648  28.921788  2.917 -100.00 -100.00 -100.00
  24   362.929 54891.12373361 19.33 105.886874  28.924208  2.782 -100.00 -100.00 -100.00
  24   356.418 54891.12373420 20.76 105.888100  28.926628  3.311 -100.00 -100.00 -100.00
  25   351.192 54901.03936827 21.50 105.874815  28.898031  2.665 -100.00 -100.00 -100.00
  25   353.203 54901.03936886 21.33 105.876040  28.900451  2.686 -100.00 -100.00 -100.00
  25   354.291 54901.03936945 20.92 105.877266  28.902871  2.713 -100.00 -100.00 -100.00
  25   355.857 54901.03937004 20.11 105.878491  28.905291  2.646 -100.00 -100.00 -100.00
  25   357.108 54901.03937063 19.39 105.879717  28.907711  2.088 -100.00 -100.00 -100.00
  25   358.576 54901.03937122 19.09 105.880943  28.910131  2.532 -100.00 -100.00 -100.00
  25   359.609 54901.03937181 18.76 105.882168  28.912550  2.697 -100.00 -100.00 -100.00
  25   360.449 54901.03937240 18.64 105.883394  28.914970  2.575 -100.00 -100.00 -100.00
  25   361.887 54901.03937299 18.36 105.884620  28.917390  2.378 -100.00 -100.00 -100.00
  25   362.475 54901.03937358 18.41 105.885846  28.919810  2.238 -100.00 -100.00 -100.00
  25   364.096 54901.03937417 18.75 105.887072  28.922230  2.452 -100.00 -100.00 -100.00
  25   364.768 54901.03937476 19.90 105.888298  28.924650  2.607 -100.00 -100.00 -100.00
  25   359.026 54901.03937535 21.33 105.889524  28.927070  3.116 -100.00 -100.00 -100.00
  26   331.756 54910.95500694 21.66 105.873619  28.897766  2.060 -100.00 -100.00 -100.00
  26   332.471 54910.95500753 21.57 105.874844  28.900186  1.940 -100.00 -100.00 -100.00
  26   333.264 54910.95500812 21.63 105.876070  28.902606  2.029 -100.00 -100.00 -100.00
  26   334.092 54910.95500871 21.44 105.877295  28.905026  1.915 -100.00 -100.00 -100.00
  26   334.690 54910.95500930 21.76 105.878521  28.907446  2.880 -100.00 -100.00 -100.00
  26   335.272 54910.95500989 22.53 105.879746  28.909866  3.156 -100.00 -100.00 -100.00
  26   333.368 54910.95501048 23.25 105.880972  28.912286  2.889 -100.00 -100.00 -100.00
  26   330.320 54910.95501107 24.67 105.882198  28.914706  4.628 -100.00 -100.00 -100.00
  26   331.223 54910.95501166 23.83 105.883424  28.917126  4.178 -100.00 -100.00 -100.00
  26   335.097 54910.95501225 22.84 105.884650  28.919545  3.115 -100.00 -100.00 -100.00
  26   334.887 54910.95501285 22.65 105.885876  28.921965  2.785 -100.00 -100.00 -100.00
  26   335.023 54910.95501344 21.98 105.887102  28.924385  2.267 -100.00 -100.00 -100.00
  26   335.323 54910.95501403 22.34 105.888328  28.926805  2.371 -100.00 -100.00 -100.00
  27   368.613 54920.87064477 22.83 105.873589  28.899662  2.520 -100.00 -100.00 -100.00
  27   372.672 54920.87064536 21.90 105.874814  28.902082  2.427 -100.00 -100.00 -100.00
  27   374.447 54920.87064595 20.81 105.876039  28.904502  2.897 -100.00 -100.00 -100.00
  27   374.203 54920.87064654 19.44 105.877265  28.906922  3.485 -100.00 -100.00 -100.00
  27   373.813 54920.87064713 17.82 105.878490  28.909342  3.443 -100.00 -100.00 -100.00
  27   372.779 54920.87064772 16.21 105.879716  28.911762  3.156 -100.00 -100.00 -100.00
  27   372.450 54920.87064831 15.75 105.880942  28.914181  2.811 -100.00 -100.00 -100.00
  27   372.742 54920.87064890 15.67 105.882167  28.916601  3.048 -100.00 -100.00 -100.00
  27   370.398 54920.87064949 15.60 105.883393  28.919021  3.149 -100.00 -100.00 -100.00
  27   373.212 54920.87065008 15.21 105.884619  28.921441  3.054 -100.00 -100.00 -100.00
  27   373.191 54920.87065067 15.36 105.885845  28.923861  3.387 -100.00 -100.00 -100.00
  27   370.075 54920.87065126 15.78 105.887071  28.926280  4.397 -100.00 -100.00 -100.00
  27   370.131 54920.87065185 16.06 105.888297  28.928700  4.620 -100.00 -100.00 -100.00
  28   342.318 54930.78628125 21.50 105.874385  28.897543  1.937 -100.00 -100.00 -100.00
  28   343.151 54930.78628185 21.27 105.875610  28.899963  2.003 -100.00 -100.00 -100.00
  28   343.964 54930.78628244 21.57 105.876836  28.902383  2.668 -100.00 -100.00 -100.00
  28   344.688 54930.78628303 21.20 105.878061  28.904803  2.348 -100.00 -100.00 -100.00
  28   344.844 54930.78628362 21.49 105.879286  28.907223  2.844 -100.00 -100.00 -100.00
  28   344.975 54930.78628421 21.46 105.880512  28.909642  3.390 -100.00 -100.00 -100.00
  28   335.379 54930.78628480 23.47 105.881737  28.912062  5.459 -100.00 -100.00 -100.00
  28   332.712 54930.78628539 23.71 105.882963  28.914482  5.795 -100.00 -100.00 -100.00
  28   342.498 54930.78628598 22.68 105.884188  28.916902  4.422 -100.00 -100.00 -100.00
  28   345.423 54930.78628657 21.83 105.885414  28.919322  3.855 -100.00 -100.00 -100.00
  28   345.375 54930.78628716 22.02 105.886640  28.921741  3.802 -100.00 -100.00 -100.00
  28   345.750 54930.78628775 22.11 105.887866  28.924161  3.189 -100.00 -100.00 -100.00
  28   346.222 54930.78628834 23.22 105.889091  28.926581  3.236 -100.00 -100.00 -100.00
  35   373.365 55000.19578652 10.93 105.888438  28.917497  5.980 -100.00 -100.00 -100.00
  35   375.835 55000.19578711 11.07 105.889663  28.919917  5.957 -100.00 -100.00 -100.00
  36   380.361 55010.11143121  8.68 105.886339  28.914816  4.878 -100.00 -100.00 -100.00
  36   373.969 55010.11143180  9.14 105.887564  28.917236  5.332 -100.00 -100.00 -100.00
  36   375.811 55010.11143239  8.80 105.888790  28.919655  3.904 -100.00 -100.00 -100.00
  36   376.703 55010.11143298  9.19 105.890015  28.922075  4.496 -100.00 -100.00 -100.00
  37   382.073 55020.02707022  9.72 105.876434  28.895810  2.480 -100.00 -100.00 -100.00
  37   376.907 55020.02707495  7.16 105.886236  28.915168  4.158 -100.00 -100.00 -100.00
  37   372.191 55020.02707554  8.24 105.887462  28.917587  5.361 -100.00 -100.00 -100.00
  37   374.825 55020.02707613  7.72 105.888687  28.920007  4.758 -100.00 -100.00 -100.00
  37   376.765 55020.02707672  8.00 105.889913  28.922426  4.569 -100.00 -100.00 -100.00
  38   348.296 55029.94271213 12.27 105.874854  28.894641  3.158 -100.00 -100.00 -100.00
  38   349.247 55029.94271272 11.57 105.876079  28.897060  3.015 -100.00 -100.00 -100.00
  38   351.126 55029.94271331 11.84 105.877304  28.899480  3.974 -100.00 -100.00 -100.00
  38   360.056 55029.94271626 11.19 105.883430  28.911578  4.319 -100.00 -100.00 -100.00
  38   362.019 55029.94271685  9.58 105.884655  28.913998  2.559 -100.00 -100.00 -100.00
  38   363.655 55029.94271744 10.11 105.885880  28.916417  3.105 -100.00 -100.00 -100.00
  38   365.698 55029.94271803 10.37 105.887106  28.918837  3.704 -100.00 -100.00 -100.00
  38   366.186 55029.94271862  9.97 105.888331  28.921256  2.485 -100.00 -100.00 -100.00
  38   366.347 55029.94271921 11.01 105.889557  28.923676  3.092 -100.00 -100.00 -100.00
  39   387.886 55039.85835397  9.77 105.874953  28.896225  4.478 -100.00 -100.00 -100.00
  39   382.696 55039.85835456  8.56 105.876178  28.898645  3.484 -100.00 -100.00 -100.00
  39   382.436 55039.85835515  8.19 105.877403  28.901065  4.030 -100.00 -100.00 -100.00
  39   382.421 55039.85835574  7.61 105.878628  28.903484  4.325 -100.00 -100.00 -100.00
  39   382.110 55039.85835692  6.40 105.881078  28.908323  4.548 -100.00 -100.00 -100.00
  39   382.422 55039.85835751  6.01 105.882303  28.910743  5.828 -100.00 -100.00 -100.00
  39   383.357 55039.85835810  5.37 105.883529  28.913162  4.450 -100.00 -100.00 -100.00
  39   381.803 55039.85835869  5.44 105.884754  28.915582  4.837 -100.00 -100.00 -100.00
  39   383.159 55039.85835928  5.39 105.885979  28.918001  4.691 -100.00 -100.00 -100.00
  39   382.260 55039.85835987  6.10 105.887205  28.920421  4.275 -100.00 -100.00 -100.00
  39   382.350 55039.85836046  5.83 105.888430  28.922840  4.337 -100.00 -100.00 -100.00
  39   382.800 55039.85836105  5.96 105.889656  28.925260  4.125 -100.00 -100.00 -100.00
  40   342.328 55049.77399389 12.83 105.876086  28.894836  2.346 -100.00 -100.00 -100.00
  40   349.270 55049.77399861 11.40 105.885885  28.914192  2.779 -100.00 -100.00 -100.00
  40   349.952 55049.77399920 10.85 105.887110  28.916612  2.765 -100.00 -100.00 -100.00
  40   350.931 55049.77399979 11.45 105.888336  28.919031  3.007 -100.00 -100.00 -100.00
  40   352.039 55049.77400038 12.57 105.889561  28.921451  4.048 -100.00 -100.00 -100.00
  40   353.619 55049.77400097 13.66 105.890786  28.923870  4.290 -100.00 -100.00 -100.00
  45   349.284 55099.35221595 18.29 105.874916  28.896610  1.964 -100.00 -100.00 -100.00
  45   350.518 55099.35221654 17.97 105.876141  28.899030  2.171 -100.00 -100.00 -100.00
  45   352.198 55099.35221713 17.97 105.877366  28.901449  3.141 -100.00 -100.00 -100.00
  45   353.750 55099.35221772 17.29 105.878592  28.903869  2.702 -100.00 -100.00 -100.00
  45   355.300 55099.35221831 16.81 105.879817  28.906288  2.220 -100.00 -100.00 -100.00
  45   357.028 55099.35221890 16.47 105.881042  28.908707  2.166 -100.00 -100.00 -100.00
  45   358.427 55099.35221949 16.25 105.882267  28.911127  2.294 -100.00 -100.00 -100.00
  45   359.552 55099.35222008 15.95 105.883493  28.913546  2.272 -100.00 -100.00 -100.00
  45   360.950 55099.35222067 16.02 105.884718  28.915966  2.450 -100.00 -100.00 -100.00
  45   362.260 55099.35222126 16.25 105.885944  28.918385  2.241 -100.00 -100.00 -100.00
  45   363.717 55099.35222186 16.66 105.887169  28.920804  2.271 -100.00 -100.00 -100.00
  45   363.451 55099.35222245 17.81 105.888395  28.923224  3.020 -100.00 -100.00 -100.00
  45   362.987 55099.35222304 18.95 105.889621  28.925643  2.808 -100.00 -100.00 -100.00
  46   355.285 55109.26786253 19.07 105.874189  28.898614  2.891 -100.00 -100.00 -100.00
  46   357.330 55109.26786312 21.10 105.875414  28.901034  5.355 -100.00 -100.00 -100.00
  46   360.266 55109.26786371 17.79 105.876639  28.903453  2.170 -100.00 -100.00 -100.00
  46   363.503 55109.26786430 17.10 105.877864  28.905873  2.576 -100.00 -100.00 -100.00
  46   365.546 55109.26786489 16.70 105.879090  28.908292  2.620 -100.00 -100.00 -100.00
  46   365.534 55109.26786548 16.29 105.880315  28.910712  2.596 -100.00 -100.00 -100.00
  46   368.471 55109.26786607 15.91 105.881540  28.913131  2.647 -100.00 -100.00 -100.00
  46   363.744 55109.26786666 16.26 105.882766  28.915551  2.892 -100.00 -100.00 -100.00
  46   369.142 55109.26786725 15.89 105.883991  28.917970  3.008 -100.00 -100.00 -100.00
  46   369.559 55109.26786784 15.91 105.885217  28.920390  2.847 -100.00 -100.00 -100.00
  46   366.179 55109.26786844 16.43 105.886442  28.922809  3.218 -100.00 -100.00 -100.00
  46   362.749 55109.26786903 17.61 105.887668  28.925229  4.092 -100.00 -100.00 -100.00
  46   362.530 55109.26786962 18.23 105.888894  28.927648  3.648 -100.00 -100.00 -100.00
  47   334.925 55119.18350728 18.69 105.874907  28.897249  2.222 -100.00 -100.00 -100.00
  47   335.269 55119.18350787 18.03 105.876132  28.899669  1.841 -100.00 -100.00 -100.00
  47   335.753 55119.18350846 17.98 105.877358  28.902088  2.143 -100.00 -100.00 -100.00
  47   336.168 55119.18350905 18.42 105.878583  28.904508  2.895 -100.00 -100.00 -100.00
  47   336.498 55119.18350964 18.06 105.879808  28.906927  2.337 -100.00 -100.00 -100.00
  47   336.557 55119.18351023 17.95 105.881033  28.909347  2.223 -100.00 -100.00 -100.00
  47   336.788 55119.18351082 18.19 105.882258  28.911766  2.407 -100.00 -100.00 -100.00
  47   337.014 55119.18351141 18.08 105.883484  28.914186  2.341 -100.00 -100.00 -100.00
  47   337.361 55119.18351200 18.01 105.884709  28.916606  2.347 -100.00 -100.00 -100.00
  47   337.536 55119.18351259 17.99 105.885935  28.919025  2.210 -100.00 -100.00 -100.00
  47   338.129 55119.18351318 17.87 105.887161  28.921445  1.949 -100.00 -100.00 -100.00
  47   338.694 55119.18351377 18.55 105.888386  28.923864  2.033 -100.00 -100.00 -100.00
  47   339.453 55119.18351436 19.48 105.889612  28.926284  2.101 -100.00 -100.00 -100.00
  48   354.767 55129.09915462 16.85 105.887314  28.916470  2.072 -100.00 -100.00 -100.00
  48   356.242 55129.09915521 17.47 105.888540  28.918890  2.702 -100.00 -100.00 -100.00
  48   357.857 55129.09915580 18.38 105.889766  28.921309  2.826 -100.00 -100.00 -100.00
  56   334.549 55208.42428667 21.21 105.874127  28.895161  2.248 -100.00 -100.00 -100.00
  56   334.907 55208.42428726 20.69 105.875352  28.897581  2.096 -100.00 -100.00 -100.00
  56   335.381 55208.42428785 20.56 105.876577  28.900001  2.045 -100.00 -100.00 -100.00
  56   335.804 55208.42428844 20.25 105.877802  28.902421  1.822 -100.00 -100.00 -100.00
  56   336.342 55208.42428903 20.17 105.879028  28.904841  2.022 -100.00 -100.00 -100.00
  56   336.504 55208.42428962 19.92 105.880253  28.907261  2.026 -100.00 -100.00 -100.00
  56   336.539 55208.42429021 20.58 105.881478  28.909680  2.410 -100.00 -100.00 -100.00
  56   336.641 55208.42429080 21.42 105.882704  28.912100  2.958 -100.00 -100.00 -100.00
  56   334.459 55208.42429139 22.26 105.883929  28.914520  3.881 -100.00 -100.00 -100.00
  56   336.814 55208.42429198 20.34 105.885155  28.916940  2.220 -100.00 -100.00 -100.00
  56   336.631 55208.42429257 20.75 105.886380  28.919359  2.757 -100.00 -100.00 -100.00
  56   337.092 55208.42429316 20.38 105.887606  28.921779  2.303 -100.00 -100.00 -100.00
  56   337.466 55208.42429375 21.13 105.888832  28.924199  2.134 -100.00 -100.00 -100.00
  57   348.345 55218.33993694 21.37 105.873765  28.898897  1.920 -100.00 -100.00 -100.00
  57   350.619 55218.33993753 21.40 105.874990  28.901317  2.343 -100.00 -100.00 -100.00
  57   352.659 55218.33993812 21.09 105.876215  28.903737  2.807 -100.00 -100.00 -100.00
  57   354.470 55218.33993871 20.33 105.877440  28.906157  2.562 -100.00 -100.00 -100.00
  57   356.171 55218.33993930 19.79 105.878666  28.908576  2.837 -100.00 -100.00 -100.00
  57   357.531 55218.33993989 19.37 105.879891  28.910996  2.870 -100.00 -100.00 -100.00
  57   358.587 55218.33994048 18.58 105.881116  28.913416  2.333 -100.00 -100.00 -100.00
  57   359.759 55218.33994107 18.69 105.882342  28.915836  2.558 -100.00 -100.00 -100.00
  57   360.968 55218.33994166 18.50 105.883567  28.918256  2.717 -100.00 -100.00 -100.00
  57   362.166 55218.33994225 18.36 105.884793  28.920676  2.438 -100.00 -100.00 -100.00
  57   362.239 55218.33994284 19.04 105.886019  28.923095  2.889 -100.00 -100.00 -100.00
  57   364.207 55218.33994343 19.91 105.887244  28.925515  2.615 -100.00 -100.00 -100.00
  57   352.103 55218.33994402 21.14 105.888470  28.927935  3.335 -100.00 -100.00 -100.00
  58   339.872 55228.25558583 22.11 105.873199  28.899314  2.704 -100.00 -100.00 -100.00
  58   341.230 55228.25558642 21.73 105.874424  28.901734  2.248 -100.00 -100.00 -100.00
  58   342.772 55228.25558701 21.68 105.875650  28.904154  2.362 -100.00 -100.00 -100.00
  58   343.856 55228.25558760 21.81 105.876875  28.906574  2.327 -100.00 -100.00 -100.00
  58   344.569 55228.25558819 21.87 105.878100  28.908994  3.045 -100.00 -100.00 -100.00
  58   333.328 55228.25558878 23.47 105.879325  28.911414  4.646 -100.00 -100.00 -100.00
  58   327.402 55228.25558937 26.11 105.880551  28.913834  8.646 -100.00 -100.00 -100.00
  58   329.473 55228.25558996 24.04 105.881776  28.916254  5.884 -100.00 -100.00 -100.00
  58   334.131 55228.25559055 22.44 105.883002  28.918674  4.885 -100.00 -100.00 -100.00
  58   341.932 55228.25559115 21.41 105.884228  28.921093  4.208 -100.00 -100.00 -100.00
  58   345.140 55228.25559174 19.66 105.885453  28.923513  2.394 -100.00 -100.00 -100.00
  58   345.837 55228.25559233 19.95 105.886679  28.925933  2.227 -100.00 -100.00 -100.00
  58   346.629 55228.25559292 20.83 105.887905  28.928353  1.952 -100.00 -100.00 -100.00
  59   347.445 55238.17123133 21.45 105.873287  28.897714  2.561 -100.00 -100.00 -100.00
  59   349.245 55238.17123192 21.25 105.874512  28.900134  2.476 -100.00 -100.00 -100.00
  59   351.179 55238.17123251 20.85 105.875737  28.902554  2.265 -100.00 -100.00 -100.00
  59   352.778 55238.17123310 20.56 105.876963  28.904974  2.785 -100.00 -100.00 -100.00
  59   354.498 55238.17123369 19.51 105.878188  28.907394  2.223 -100.00 -100.00 -100.00
  59   354.679 55238.17123428 19.15 105.879413  28.909814  2.285 -100.00 -100.00 -100.00
  59   356.529 55238.17123487 18.53 105.880639  28.912234  2.641 -100.00 -100.00 -100.00
  59   357.320 55238.17123546 18.56 105.881865  28.914654  2.422 -100.00 -100.00 -100.00
  59   358.308 55238.17123605 18.26 105.883090  28.917074  2.738 -100.00 -100.00 -100.00
  59   359.181 55238.17123664 17.97 105.884316  28.919494  2.334 -100.00 -100.00 -100.00
  59   360.298 55238.17123723 18.52 105.885542  28.921914  3.183 -100.00 -100.00 -100.00
  59   360.803 55238.17123782 19.20 105.886768  28.924334  2.632 -100.00 -100.00 -100.00
  59   356.883 55238.17123841 20.29 105.887993  28.926753  2.988 -100.00 -100.00 -100.00
  60   344.509 55248.08687349 20.94 105.874591  28.897131  2.121 -100.00 -100.00 -100.00
  60   345.648 55248.08687408 20.60 105.875817  28.899551  2.389 -100.00 -100.00 -100.00
  60   346.885 55248.08687467 20.56 105.877042  28.901971  2.288 -100.00 -100.00 -100.00
  60   347.715 55248.08687526 20.10 105.878268  28.904391  2.094 -100.00 -100.00 -100.00
  60   348.804 55248.08687585 19.85 105.879493  28.906811  2.493 -100.00 -100.00 -100.00
  60   349.513 55248.08687644 19.78 105.880719  28.909231  3.043 -100.00 -100.00 -100.00
  60   349.554 55248.08687703 19.58 105.881944  28.911651  2.794 -100.00 -100.00 -100.00
  60   350.681 55248.08687762 19.26 105.883170  28.914071  3.467 -100.00 -100.00 -100.00
  60   351.360 55248.08687821 18.80 105.884396  28.916491  2.764 -100.00 -100.00 -100.00
  60   352.080 55248.08687880 18.93 105.885622  28.918911  2.686 -100.00 -100.00 -100.00
  60   352.705 55248.08687939 18.94 105.886848  28.921330  2.200 -100.00 -100.00 -100.00
  60   353.459 55248.08687999 19.61 105.888074  28.923750  2.425 -100.00 -100.00 -100.00
  60   352.213 55248.08688058 20.71 105.889300  28.926170  2.198 -100.00 -100.00 -100.00
  61   372.357 55258.00251290 19.87 105.874681  28.896516  2.078 -100.00 -100.00 -100.00
  61   374.260 55258.00251349 19.39 105.875907  28.898936  2.532 -100.00 -100.00 -100.00
  61   373.636 55258.00251408 18.92 105.877132  28.901356  2.924 -100.00 -100.00 -100.00
  61   373.238 55258.00251467 18.05 105.878358  28.903776  2.610 -100.00 -100.00 -100.00
  61   372.408 55258.00251526 16.90 105.879583  28.906196  2.969 -100.00 -100.00 -100.00
  61   370.595 55258.00251585 16.43 105.880809  28.908616  3.076 -100.00 -100.00 -100.00
  61   370.398 55258.00251644 15.98 105.882035  28.911036  2.787 -100.00 -100.00 -100.00
  61   370.571 55258.00251703 15.98 105.883260  28.913455  3.197 -100.00 -100.00 -100.00
  61   370.121 55258.00251762 15.87 105.884486  28.915875  3.397 -100.00 -100.00 -100.00
  61   369.355 55258.00251821 16.09 105.885712  28.918295  2.959 -100.00 -100.00 -100.00
  61   368.476 55258.00251880 16.29 105.886938  28.920715  3.678 -100.00 -100.00 -100.00
  61   365.195 55258.00251939 17.37 105.888164  28.923135  3.915 -100.00 -100.00 -100.00
  61   365.118 55258.00251998 18.18 105.889390  28.925555  4.215 -100.00 -100.00 -100.00
  62   349.307 55267.91815116 21.31 105.874162  28.895890  2.122 -100.00 -100.00 -100.00
  62   350.364 55267.91815175 21.07 105.875388  28.898310  2.149 -100.00 -100.00 -100.00
  62   352.101 55267.91815234 20.77 105.876613  28.900730  2.113 -100.00 -100.00 -100.00
  62   353.323 55267.91815293 20.54 105.877839  28.903149  2.297 -100.00 -100.00 -100.00
  62   354.843 55267.91815352 19.76 105.879064  28.905569  2.117 -100.00 -100.00 -100.00
  62   356.053 55267.91815411 19.31 105.880290  28.907989  2.079 -100.00 -100.00 -100.00
  62   357.038 55267.91815470 18.92 105.881515  28.910409  2.321 -100.00 -100.00 -100.00
  62   357.843 55267.91815529 18.67 105.882741  28.912829  2.711 -100.00 -100.00 -100.00
  62   358.822 55267.91815588 18.68 105.883967  28.915249  2.926 -100.00 -100.00 -100.00
  62   359.981 55267.91815647 18.45 105.885193  28.917668  2.601 -100.00 -100.00 -100.00
  62   360.747 55267.91815706 18.89 105.886419  28.920088  2.368 -100.00 -100.00 -100.00
  62   361.870 55267.91815765 19.25 105.887645  28.922508  2.496 -100.00 -100.00 -100.00
  62   362.521 55267.91815824 20.24 105.888871  28.924928  2.711 -100.00 -100.00 -100.00
  63   374.520 55277.83378903 19.09 105.874318  28.895903  3.427 -100.00 -100.00 -100.00
  63   377.684 55277.83378962 18.57 105.875543  28.898322  3.751 -100.00 -100.00 -100.00
  63   373.065 55277.83379021 19.14 105.876768  28.900742  5.598 -100.00 -100.00 -100.00
  63   373.455 55277.83379080 16.91 105.877994  28.903162  4.618 -100.00 -100.00 -100.00
  63   373.083 55277.83379139 15.33 105.879219  28.905582  3.872 -100.00 -100.00 -100.00
  63   373.745 55277.83379198 14.63 105.880445  28.908002  3.786 -100.00 -100.00 -100.00
  63   372.841 55277.83379257 14.33 105.881670  28.910422  4.821 -100.00 -100.00 -100.00
  63   371.978 55277.83379316 14.29 105.882896  28.912842  4.754 -100.00 -100.00 -100.00
  63   371.528 55277.83379375 14.52 105.884122  28.915261  4.550 -100.00 -100.00 -100.00
  63   370.328 55277.83379434 15.08 105.885347  28.917681  5.294 -100.00 -100.00 -100.00
  63   370.316 55277.83379493 14.67 105.886573  28.920101  4.436 -100.00 -100.00 -100.00
  63   368.994 55277.83379552 14.68 105.887799  28.922521  4.198 -100.00 -100.00 -100.00
  63   369.174 55277.83379611 15.66 105.889025  28.924940  5.060 -100.00 -100.00 -100.00
  64   373.459 55287.74942552 18.90 105.876133  28.894558  2.253 -100.00 -100.00 -100.00
  64   370.783 55287.74943083 16.59 105.887161  28.916337  3.641 -100.00 -100.00 -100.00
  64   370.742 55287.74943142 16.72 105.888387  28.918756  3.204 -100.00 -100.00 -100.00
  64   370.443 55287.74943201 17.45 105.889613  28.921176  4.327 -100.00 -100.00 -100.00
  64   365.102 55287.74943260 18.79 105.890838  28.923596  5.340 -100.00 -100.00 -100.00
  70   354.821 55347.24328722 17.44 105.887865  28.916545  2.318 -100.00 -100.00 -100.00
  70   356.290 55347.24328781 17.71 105.889091  28.918964  2.425 -100.00 -100.00 -100.00
  70   357.962 55347.24328840 18.71 105.890317  28.921384  3.073 -100.00 -100.00 -100.00
  71   354.799 55357.15893042 16.58 105.889224  28.918702  2.334 -100.00 -100.00 -100.00
  71   356.473 55357.15893101 17.14 105.890449  28.921121  2.244 -100.00 -100.00 -100.00
  72   370.127 55367.07457068 13.51 105.888907  28.917797  6.029 -100.00 -100.00 -100.00
  72   371.126 55367.07457127 12.73 105.890133  28.920216  4.926 -100.00 -100.00 -100.00
  80   341.276 55446.39971329 16.89 105.887203  28.915744  2.181 -100.00 -100.00 -100.00
  80   342.360 55446.39971388 16.88 105.888429  28.918164  1.942 -100.00 -100.00 -100.00
  80   343.393 55446.39971447 17.47 105.889655  28.920583  2.153 -100.00 -100.00 -100.00
  80   344.642 55446.39971506 18.81 105.890880  28.923002  2.427 -100.00 -100.00 -100.00
  81   336.479 55456.31535188 16.27 105.875712  28.895362  2.288 -100.00 -100.00 -100.00
  81   337.338 55456.31535247 16.01 105.876937  28.897781  2.545 -100.00 -100.00 -100.00
  81   342.442 55456.31535601 15.93 105.884288  28.912298  2.791 -100.00 -100.00 -100.00
  81   343.056 55456.31535660 16.08 105.885513  28.914717  2.924 -100.00 -100.00 -100.00
  81   344.085 55456.31535719 15.54 105.886739  28.917137  2.263 -100.00 -100.00 -100.00
  81   344.824 55456.31535778 15.61 105.887964  28.919556  2.088 -100.00 -100.00 -100.00
  81   346.030 55456.31535837 16.59 105.889190  28.921975  2.885 -100.00 -100.00 -100.00
  81   347.077 55456.31535896 17.69 105.890416  28.924395  2.553 -100.00 -100.00 -100.00
  82   334.432 55466.23099494 16.00 105.876232  28.895424  2.259 -100.00 -100.00 -100.00
  82   341.868 55466.23099966 15.53 105.886033  28.914780  2.386 -100.00 -100.00 -100.00
  82   342.894 55466.23100025 15.42 105.887259  28.917200  2.083 -100.00 -100.00 -100.00
  82   343.952 55466.23100084 15.50 105.888484  28.919619  1.993 -100.00 -100.00 -100.00
  82   345.202 55466.23100143 16.53 105.889710  28.922039  2.414 -100.00 -100.00 -100.00
  90   354.140 55545.55613821 17.39 105.886778  28.915756  2.296 -100.00 -100.00 -100.00
  90   355.778 55545.55613880 17.67 105.888003  28.918175  2.521 -100.00 -100.00 -100.00
  90   357.501 55545.55613939 18.37 105.889229  28.920595  2.257 -100.00 -100.00 -100.00
  90   359.088 55545.55613998 19.66 105.890454  28.923014  3.100 -100.00 -100.00 -100.00
  91   341.924 55555.47177684 20.12 105.874433  28.895331  2.333 -100.00 -100.00 -100.00
  91   342.838 55555.47177743 19.63 105.875658  28.897751  2.203 -100.00 -100.00 -100.00
  91   343.686 55555.47177802 19.50 105.876883  28.900171  2.143 -100.00 -100.00 -100.00
  91   344.887 55555.47177861 19.34 105.878108  28.902590  2.060 -100.00 -100.00 -100.00
  91   346.637 55555.47177979 18.74 105.880558  28.907430  2.389 -100.00 -100.00 -100.00
  91   347.389 55555.47178038 18.86 105.881783  28.909849  2.707 -100.00 -100.00 -100.00
  91   348.130 55555.47178097 18.55 105.883009  28.912269  2.992 -100.00 -100.00 -100.00
  91   348.412 55555.47178156 18.76 105.884234  28.914689  3.340 -100.00 -100.00 -100.00
  91   349.166 55555.47178215 18.27 105.885460  28.917108  2.921 -100.00 -100.00 -100.00
  91   350.010 55555.47178274 18.27 105.886685  28.919528  2.302 -100.00 -100.00 -100.00
  91   350.704 55555.47178333 18.97 105.887911  28.921948  2.726 -100.00 -100.00 -100.00
  91   351.750 55555.47178392 19.90 105.889136  28.924367  2.738 -100.00 -100.00 -100.00
  92   375.142 55565.38742009 19.30 105.873766  28.896454  2.386 -100.00 -100.00 -100.00
  92   374.067 55565.38742068 19.82 105.874991  28.898874  4.186 -100.00 -100.00 -100.00
  92   373.303 55565.38742127 20.05 105.876216  28.901294  4.963 -100.00 -100.00 -100.00
  92   373.162 55565.38742186 18.01 105.877441  28.903714  3.419 -100.00 -100.00 -100.00
  92   372.725 55565.38742245 16.69 105.878667  28.906134  2.575 -100.00 -100.00 -100.00
  92   365.886 55565.38742304 16.85 105.879892  28.908553  3.258 -100.00 -100.00 -100.00
  92   371.982 55565.38742363 16.47 105.881117  28.910973  3.174 -100.00 -100.00 -100.00
  92   364.595 55565.38742423 16.60 105.882343  28.913393  3.388 -100.00 -100.00 -100.00
  92   366.649 55565.38742482 16.59 105.883568  28.915813  3.059 -100.00 -100.00 -100.00
  92   363.215 55565.38742541 17.12 105.884794  28.918232  3.336 -100.00 -100.00 -100.00
  92   362.237 55565.38742600 18.01 105.886019  28.920652  3.727 -100.00 -100.00 -100.00
  92   362.361 55565.38742659 18.24 105.887245  28.923072  2.789 -100.00 -100.00 -100.00
  92   361.270 55565.38742718 19.31 105.888471  28.925491  2.858 -100.00 -100.00 -100.00
  93   349.707 55575.30306293 19.73 105.875532  28.897078  2.210 -100.00 -100.00 -100.00
  93   351.757 55575.30306352 19.57 105.876757  28.899498  2.289 -100.00 -100.00 -100.00
  93   353.706 55575.30306411 19.14 105.877982  28.901917  2.210 -100.00 -100.00 -100.00
  93   358.801 55575.30306588 17.76 105.881658  28.909177  2.303 -100.00 -100.00 -100.00
  93   360.754 55575.30306647 17.20 105.882883  28.911597  2.417 -100.00 -100.00 -100.00
  93   362.217 55575.30306706 17.36 105.884109  28.914017  2.343 -100.00 -100.00 -100.00
  93   363.636 55575.30306765 17.55 105.885334  28.916436  2.603 -100.00 -100.00 -100.00
  93   364.139 55575.30306824 17.52 105.886560  28.918856  2.666 -100.00 -100.00 -100.00
  93   363.938 55575.30306883 18.00 105.887785  28.921276  2.725 -100.00 -100.00 -100.00
  93   363.219 55575.30306942 19.02 105.889011  28.923696  3.043 -100.00 -100.00 -100.00
 109   357.650 55733.95333739 12.31 105.888962  28.918137  2.135 -100.00 -100.00 -100.00
 109   359.295 55733.95333798 12.64 105.890188  28.920557  2.082 -100.00 -100.00 -100.00
 110   335.546 55743.86897730 13.38 105.875748  28.895711  2.707 -100.00 -100.00 -100.00
 110   336.405 55743.86897789 12.76 105.876972  28.898130  2.389 -100.00 -100.00 -100.00
 110   341.444 55743.86898144 13.24 105.884323  28.912648  2.641 -100.00 -100.00 -100.00
 110   341.586 55743.86898203 14.00 105.885549  28.915068  4.130 -100.00 -100.00 -100.00
 110   342.877 55743.86898262 12.97 105.886774  28.917487  3.226 -100.00 -100.00 -100.00
 110   343.530 55743.86898321 12.44 105.887999  28.919907  2.498 -100.00 -100.00 -100.00
 110   344.438 55743.86898380 13.20 105.889225  28.922326  3.071 -100.00 -100.00 -100.00
 110   345.726 55743.86898439 14.25 105.890451  28.924746  2.726 -100.00 -100.00 -100.00
 111   382.493 55753.78462159  7.83 105.876587  28.896539  4.149 -100.00 -100.00 -100.00
 111   383.872 55753.78462572  4.71 105.885162  28.913476  4.744 -100.00 -100.00 -100.00
 111   384.276 55753.78462631  5.26 105.886388  28.915895  5.285 -100.00 -100.00 -100.00
 111   384.461 55753.78462690  5.82 105.887613  28.918315  5.729 -100.00 -100.00 -100.00
 111   383.500 55753.78462749  6.47 105.888838  28.920734  7.209 -100.00 -100.00 -100.00
 111   383.986 55753.78462808  6.25 105.890064  28.923154  5.874 -100.00 -100.00 -100.00
 129   374.351 55932.26618534 16.82 105.876493  28.896159  2.334 -100.00 -100.00 -100.00
 129   371.354 55932.26618948 13.63 105.885070  28.913098  3.359 -100.00 -100.00 -100.00
 129   371.365 55932.26619007 13.92 105.886296  28.915518  3.323 -100.00 -100.00 -100.00
 129   370.484 55932.26619066 14.68 105.887521  28.917938  3.680 -100.00 -100.00 -100.00
 129   369.858 55932.26619125 14.92 105.888747  28.920358  3.341 -100.00 -100.00 -100.00
 129   369.821 55932.26619184 15.92 105.889972  28.922778  4.886 -100.00 -100.00 -100.00
 130   370.435 55942.18183816 15.38 105.887984  28.916601  3.394 -100.00 -100.00 -100.00
 130   370.323 55942.18183875 15.98 105.889210  28.919021  3.805 -100.00 -100.00 -100.00
 130   370.025 55942.18183934 16.28 105.890436  28.921441  3.769 -100.00 -100.00 -100.00
 140   370.778 56041.33825542 16.70 105.887696  28.917093  4.315 -100.00 -100.00 -100.00
 140   369.975 56041.33825601 16.67 105.888922  28.919513  3.525 -100.00 -100.00 -100.00
 140   370.991 56041.33825660 16.94 105.890147  28.921933  3.761 -100.00 -100.00 -100.00
 146   353.102 56100.83211251 12.34 105.886539  28.915611  2.346 -100.00 -100.00 -100.00
 146   354.673 56100.83211310 12.44 105.887764  28.918031  2.164 -100.00 -100.00 -100.00
 146   356.514 56100.83211369 13.10 105.888990  28.920450  2.201 -100.00 -100.00 -100.00
 146   358.271 56100.83211428 13.83 105.890215  28.922870  2.462 -100.00 -100.00 -100.00
 147   361.773 56110.74774420 11.30 105.888627  28.918157  2.135 -100.00 -100.00 -100.00
 147   363.656 56110.74774479 12.03 105.889852  28.920576  2.761 -100.00 -100.00 -100.00
 165   365.173 56289.22931278 18.75 105.876055  28.894254  2.981 -100.00 -100.00 -100.00
 165   370.892 56289.22931809 15.46 105.887082  28.916032  2.597 -100.00 -100.00 -100.00
 165   369.438 56289.22931868 15.91 105.888307  28.918452  2.990 -100.00 -100.00 -100.00
 165   368.251 56289.22931927 16.74 105.889533  28.920871  3.509 -100.00 -100.00 -100.00
 165   364.669 56289.22931986 17.77 105.890759  28.923291  4.298 -100.00 -100.00 -100.00
 166   346.735 56299.14496162 19.99 105.875860  28.894208  2.390 -100.00 -100.00 -100.00
 166   359.458 56299.14496694 17.39 105.886888  28.915986  2.565 -100.00 -100.00 -100.00
 166   361.114 56299.14496753 17.73 105.888114  28.918406  2.377 -100.00 -100.00 -100.00
 166   362.733 56299.14496812 18.62 105.889339  28.920826  3.238 -100.00 -100.00 -100.00
 166   364.500 56299.14496871 19.24 105.890565  28.923245  2.821 -100.00 -100.00 -100.00
 167   370.242 56309.06061200 15.01 105.887946  28.916894  3.863 -100.00 -100.00 -100.00
 167   369.226 56309.06061259 15.63 105.889172  28.919314  3.499 -100.00 -100.00 -100.00
 167   371.315 56309.06061318 15.72 105.890398  28.921733  4.330 -100.00 -100.00 -100.00
 168   368.404 56318.97625424 16.17 105.888434  28.917423  2.580 -100.00 -100.00 -100.00
 168   367.290 56318.97625483 16.99 105.889660  28.919842  2.834 -100.00 -100.00 -100.00
 169   354.667 56328.89189436 17.23 105.886474  28.914880  2.416 -100.00 -100.00 -100.00
 169   356.169 56328.89189495 17.30 105.887700  28.917300  2.524 -100.00 -100.00 -100.00
 169   357.442 56328.89189554 17.48 105.888926  28.919720  2.334 -100.00 -100.00 -100.00
 169   359.021 56328.89189613 19.07 105.890152  28.922140  3.521 -100.00 -100.00 -100.00
 170   368.722 56338.80753504 16.30 105.888908  28.918402  3.583 -100.00 -100.00 -100.00
 170   370.326 56338.80753563 16.78 105.890134  28.920821  4.484 -100.00 -100.00 -100.00
 175   345.090 56388.38574565 19.94 105.875507  28.895770  2.086 -100.00 -100.00 -100.00
 175   347.018 56388.38574624 19.91 105.876732  28.898190  2.167 -100.00 -100.00 -100.00
 175   348.647 56388.38574683 19.56 105.877958  28.900610  2.391 -100.00 -100.00 -100.00
 175   354.318 56388.38574920 17.90 105.882859  28.910289  2.394 -100.00 -100.00 -100.00
 175   355.777 56388.38574979 17.94 105.884085  28.912709  2.734 -100.00 -100.00 -100.00
 175   356.932 56388.38575038 17.74 105.885310  28.915128  2.357 -100.00 -100.00 -100.00
 175   358.460 56388.38575097 17.93 105.886536  28.917548  2.323 -100.00 -100.00 -100.00
 175   360.063 56388.38575156 18.38 105.887762  28.919968  2.553 -100.00 -100.00 -100.00
 175   361.416 56388.38575215 19.42 105.888988  28.922387  3.267 -100.00 -100.00 -100.00
 175   356.179 56388.38575274 20.45 105.890214  28.924807  2.953 -100.00 -100.00 -100.00
 176   374.588 56398.30138902 18.66 105.874340  28.894917  3.497 -100.00 -100.00 -100.00
 176   374.370 56398.30138961 17.70 105.875565  28.897337  3.642 -100.00 -100.00 -100.00
 176   372.079 56398.30139020 20.76 105.876791  28.899757  9.002 -100.00 -100.00 -100.00
 176   374.626 56398.30139079 17.16 105.878016  28.902177  5.399 -100.00 -100.00 -100.00
 176   373.851 56398.30139256 14.10 105.881692  28.909437  5.449 -100.00 -100.00 -100.00
 176   373.242 56398.30139315 14.55 105.882917  28.911857  6.325 -100.00 -100.00 -100.00
 176   371.797 56398.30139374 15.14 105.884142  28.914277  5.630 -100.00 -100.00 -100.00
 176   370.831 56398.30139433 14.84 105.885368  28.916696  5.651 -100.00 -100.00 -100.00
 176   370.362 56398.30139492 15.47 105.886594  28.919116  5.890 -100.00 -100.00 -100.00
 176   370.594 56398.30139551 15.17 105.887819  28.921536  6.282 -100.00 -100.00 -100.00
 176   369.395 56398.30139610 15.51 105.889045  28.923956  5.361 -100.00 -100.00 -100.00
 177   338.690 56408.21703069 19.89 105.876389  28.896333  2.164 -100.00 -100.00 -100.00
 177   343.818 56408.21703482 20.62 105.884965  28.913272  3.947 -100.00 -100.00 -100.00
 177   345.196 56408.21703541 21.06 105.886191  28.915692  4.331 -100.00 -100.00 -100.00
 177   346.027 56408.21703601 19.90 105.887416  28.918112  2.966 -100.00 -100.00 -100.00
 177   346.936 56408.21703660 20.00 105.888642  28.920532  2.862 -100.00 -100.00 -100.00
 177   347.927 56408.21703719 21.35 105.889867  28.922952  3.049 -100.00 -100.00 -100.00
 181   364.491 56447.87960445 14.01 105.875812  28.895459  2.341 -100.00 -100.00 -100.00
 181   366.780 56447.87960504 13.15 105.877037  28.897879  2.449 -100.00 -100.00 -100.00
 181   371.447 56447.87960859 10.85 105.884388  28.912397  2.707 -100.00 -100.00 -100.00
 181   370.883 56447.87960918 11.46 105.885614  28.914817  2.586 -100.00 -100.00 -100.00
 181   370.699 56447.87960977 12.35 105.886839  28.917236  4.139 -100.00 -100.00 -100.00
 181   370.315 56447.87961036 11.93 105.888065  28.919656  3.023 -100.00 -100.00 -100.00
 181   368.592 56447.87961095 13.07 105.889291  28.922075  3.335 -100.00 -100.00 -100.00
 181   365.266 56447.87961154 15.52 105.890516  28.924495  6.202 -100.00 -100.00 -100.00
 182   381.695 56457.79525311 11.71 105.874621  28.895681  2.425 -100.00 -100.00 -100.00
 182   387.057 56457.79525370 10.94 105.875846  28.898101  3.090 -100.00 -100.00 -100.00
 182   375.291 56457.79525429 11.19 105.877071  28.900520  5.569 -100.00 -100.00 -100.00
 182   380.395 56457.79525488  9.83 105.878296  28.902940  3.584 -100.00 -100.00 -100.00
 182   377.009 56457.79525606  8.50 105.880746  28.907779  3.385 -100.00 -100.00 -100.00
 182   375.763 56457.79525665  8.85 105.881972  28.910199  3.886 -100.00 -100.00 -100.00
 182   375.916 56457.79525724  7.85 105.883197  28.912619  3.691 -100.00 -100.00 -100.00
 182   373.641 56457.79525783  7.89 105.884422  28.915038  3.521 -100.00 -100.00 -100.00
 182   372.616 56457.79525842  9.45 105.885648  28.917458  4.450 -100.00 -100.00 -100.00
 182   371.499 56457.79525901  9.34 105.886873  28.919877  3.768 -100.00 -100.00 -100.00
 182   374.850 56457.79525960  9.07 105.888099  28.922297  3.453 -100.00 -100.00 -100.00
 182   369.729 56457.79526019 11.44 105.889325  28.924716  6.358 -100.00 -100.00 -100.00
 183   386.314 56467.71089878 10.90 105.875410  28.896513  3.402 -100.00 -100.00 -100.00
 183   381.207 56467.71089937 10.41 105.876635  28.898932  4.673 -100.00 -100.00 -100.00
 183   381.440 56467.71089996  9.41 105.877860  28.901352  3.971 -100.00 -100.00 -100.00
 183   381.138 56467.71090173  7.94 105.881536  28.908611  4.063 -100.00 -100.00 -100.00
 183   381.277 56467.71090232  7.87 105.882761  28.911030  4.151 -100.00 -100.00 -100.00
 183   379.375 56467.71090291  7.46 105.883986  28.913450  3.598 -100.00 -100.00 -100.00
 183   378.816 56467.71090350  7.86 105.885212  28.915869  3.780 -100.00 -100.00 -100.00
 183   377.849 56467.71090409  8.35 105.886437  28.918289  4.017 -100.00 -100.00 -100.00
 183   376.527 56467.71090468  8.65 105.887663  28.920708  4.043 -100.00 -100.00 -100.00
 183   374.305 56467.71090527  9.02 105.888888  28.923128  4.149 -100.00 -100.00 -100.00
 183   369.979 56467.71090586 10.31 105.890114  28.925547  4.854 -100.00 -100.00 -100.00
 184   381.685 56477.62653988 10.61 105.876084  28.894418  5.038 -100.00 -100.00 -100.00
 184   373.829 56477.62654519  8.38 105.887110  28.916194  5.608 -100.00 -100.00 -100.00
 184   374.112 56477.62654578  8.34 105.888336  28.918613  5.116 -100.00 -100.00 -100.00
 184   370.234 56477.62654637 10.25 105.889561  28.921032  6.968 -100.00 -100.00 -100.00
 184   373.510 56477.62654696  9.14 105.890787  28.923452  3.867 -100.00 -100.00 -100.00
 193   333.136 56566.86732273 16.77 105.876722  28.896362  2.457 -100.00 -100.00 -100.00
 193   336.178 56566.86732745 16.20 105.886524  28.915718  2.422 -100.00 -100.00 -100.00
 193   336.813 56566.86732804 16.19 105.887749  28.918138  2.440 -100.00 -100.00 -100.00
 193   337.506 56566.86732863 16.32 105.888975  28.920557  1.983 -100.00 -100.00 -100.00
 193   338.361 56566.86732922 17.53 105.890200  28.922976  2.143 -100.00 -100.00 -100.00
 194   369.973 56576.78296855 13.07 105.887257  28.915824  5.925 -100.00 -100.00 -100.00
 194   370.117 56576.78296914 13.55 105.888482  28.918244  5.030 -100.00 -100.00 -100.00
 194   369.753 56576.78296973 14.20 105.889707  28.920663  5.404 -100.00 -100.00 -100.00
 194   370.940 56576.78297032 13.50 105.890933  28.923083  3.922 -100.00 -100.00 -100.00
 198   371.217 56616.44554526 14.76 105.888412  28.917420  6.029 -100.00 -100.00 -100.00
 198   371.351 56616.44554585 15.12 105.889638  28.919840  5.786 -100.00 -100.00 -100.00
 199   349.709 56626.36118923 17.20 105.887925  28.917471  2.166 -100.00 -100.00 -100.00
 199   350.998 56626.36118982 18.27 105.889150  28.919890  2.994 -100.00 -100.00 -100.00
 199   351.993 56626.36119041 20.44 105.890376  28.922310  4.307 -100.00 -100.00 -100.00
 203   370.507 56666.02377223 14.30 105.888427  28.917696  6.395 -100.00 -100.00 -100.00
 203   370.450 56666.02377282 14.48 105.889653  28.920116  5.809 -100.00 -100.00 -100.00
 203   371.587 56666.02377341 14.41 105.890879  28.922536  5.317 -100.00 -100.00 -100.00
 204   375.027 56675.93941220 16.03 105.876290  28.896380  2.396 -100.00 -100.00 -100.00
 204   372.102 56675.93941634 12.70 105.884869  28.913319  3.437 -100.00 -100.00 -100.00
 204   370.435 56675.93941693 13.01 105.886094  28.915739  3.380 -100.00 -100.00 -100.00
 204   370.407 56675.93941752 13.88 105.887320  28.918159  4.218 -100.00 -100.00 -100.00
 204   370.553 56675.93941811 13.71 105.888546  28.920579  3.286 -100.00 -100.00 -100.00
 204   370.013 56675.93941870 14.39 105.889772  28.922998  3.924 -100.00 -100.00 -100.00
 205   349.162 56685.85505611 17.89 105.875761  28.896218  1.971 -100.00 -100.00 -100.00
 205   350.406 56685.85505670 18.02 105.876986  28.898638  2.623 -100.00 -100.00 -100.00
 205   358.230 56685.85505965 16.32 105.883114  28.910737  2.435 -100.00 -100.00 -100.00
 205   359.328 56685.85506024 16.25 105.884339  28.913157  2.545 -100.00 -100.00 -100.00
 205   360.709 56685.85506083 16.24 105.885565  28.915577  2.399 -100.00 -100.00 -100.00
 205   362.201 56685.85506142 16.42 105.886791  28.917996  2.816 -100.00 -100.00 -100.00
 205   362.711 56685.85506201 16.93 105.888017  28.920416  2.845 -100.00 -100.00 -100.00
 205   362.990 56685.85506260 17.19 105.889242  28.922836  2.602 -100.00 -100.00 -100.00
 206   351.928 56695.77070322 16.85 105.887647  28.917032  2.130 -100.00 -100.00 -100.00
 206   353.183 56695.77070381 17.33 105.888873  28.919452  2.128 -100.00 -100.00 -100.00
 206   354.739 56695.77070440 18.05 105.890099  28.921872  2.323 -100.00 -100.00 -100.00
 210   336.594 56735.43327041 19.16 105.875586  28.896822  2.404 -100.00 -100.00 -100.00
 210   336.952 56735.43327100 18.95 105.876811  28.899242  2.327 -100.00 -100.00 -100.00
 210   337.204 56735.43327159 18.62 105.878036  28.901662  1.982 -100.00 -100.00 -100.00
 210   337.764 56735.43327336 18.75 105.881712  28.908921  2.330 -100.00 -100.00 -100.00
 210   337.862 56735.43327395 19.16 105.882938  28.911341  2.872 -100.00 -100.00 -100.00
 210   338.135 56735.43327454 19.58 105.884163  28.913761  2.698 -100.00 -100.00 -100.00
 210   338.369 56735.43327513 19.18 105.885389  28.916181  2.627 -100.00 -100.00 -100.00
 210   338.632 56735.43327572 19.01 105.886615  28.918600  2.851 -100.00 -100.00 -100.00
 210   338.966 56735.43327631 18.83 105.887840  28.921020  2.215 -100.00 -100.00 -100.00
 210   339.492 56735.43327690 19.35 105.889066  28.923440  1.990 -100.00 -100.00 -100.00
 211   374.217 56745.34891726 22.07 105.874074  28.899305  6.816 -100.00 -100.00 -100.00
 211   373.903 56745.34891785 22.71 105.875299  28.901725  8.702 -100.00 -100.00 -100.00
 211   374.312 56745.34891844 19.67 105.876524  28.904144  6.841 -100.00 -100.00 -100.00
 211   374.172 56745.34891903 15.41 105.877749  28.906564  4.129 -100.00 -100.00 -100.00
 211   374.236 56745.34891962 14.57 105.878975  28.908984  4.093 -100.00 -100.00 -100.00
 211   373.311 56745.34892021 14.14 105.880200  28.911404  4.490 -100.00 -100.00 -100.00
 211   371.831 56745.34892080 14.16 105.881426  28.913824  4.769 -100.00 -100.00 -100.00
 211   372.115 56745.34892139 14.18 105.882651  28.916244  5.297 -100.00 -100.00 -100.00
 211   370.086 56745.34892198 14.47 105.883877  28.918664  4.771 -100.00 -100.00 -100.00
 211   370.325 56745.34892257 14.10 105.885103  28.921084  4.588 -100.00 -100.00 -100.00
 211   370.372 56745.34892316 13.62 105.886329  28.923503  3.384 -100.00 -100.00 -100.00
 211   368.709 56745.34892375 14.81 105.887554  28.925923  4.597 -100.00 -100.00 -100.00
 211   369.497 56745.34892434 15.14 105.888780  28.928343  5.194 -100.00 -100.00 -100.00
 212   341.017 56755.26455924 20.62 105.874816  28.897681  2.354 -100.00 -100.00 -100.00
 212   342.262 56755.26455983 20.65 105.876041  28.900101  2.445 -100.00 -100.00 -100.00
 212   343.243 56755.26456042 20.18 105.877266  28.902521  2.108 -100.00 -100.00 -100.00
 212   344.479 56755.26456101 20.26 105.878492  28.904941  2.464 -100.00 -100.00 -100.00
 212   344.982 56755.26456160 20.60 105.879717  28.907361  2.811 -100.00 -100.00 -100.00
 212   343.241 56755.26456219 21.37 105.880942  28.909781  3.881 -100.00 -100.00 -100.00
 212   346.179 56755.26456278 20.12 105.882168  28.912201  3.499 -100.00 -100.00 -100.00
 212   346.409 56755.26456337 20.02 105.883393  28.914620  3.053 -100.00 -100.00 -100.00
 212   342.902 56755.26456396 20.85 105.884619  28.917040  4.939 -100.00 -100.00 -100.00
 212   346.131 56755.26456455 20.47 105.885844  28.919460  3.958 -100.00 -100.00 -100.00
 212   347.789 56755.26456514 19.78 105.887070  28.921880  3.035 -100.00 -100.00 -100.00
 212   348.536 56755.26456573 20.08 105.888296  28.924300  2.592 -100.00 -100.00 -100.00
 212   350.302 56755.26456632 20.90 105.889522  28.926720  2.699 -100.00 -100.00 -100.00
 215   347.003 56785.01149041 19.91 105.875755  28.894540  2.422 -100.00 -100.00 -100.00
 215   354.935 56785.01149513 17.58 105.885557  28.913899  2.479 -100.00 -100.00 -100.00
 215   355.757 56785.01149572 17.88 105.886783  28.916319  2.485 -100.00 -100.00 -100.00
 215   357.235 56785.01149631 18.02 105.888008  28.918739  2.504 -100.00 -100.00 -100.00
 215   358.301 56785.01149690 18.94 105.889234  28.921159  2.925 -100.00 -100.00 -100.00
 215   359.859 56785.01149749 20.20 105.890460  28.923579  3.252 -100.00 -100.00 -100.00
 216   373.838 56794.92714402 24.52 105.873135  28.899280  8.867 -100.00 -100.00 -100.00
 216   374.317 56794.92714461 20.54 105.874360  28.901700  5.367 -100.00 -100.00 -100.00
 216   374.527 56794.92714520 18.19 105.875585  28.904120  4.509 -100.00 -100.00 -100.00
 216   373.746 56794.92714579 15.49 105.876810  28.906540  3.089 -100.00 -100.00 -100.00
 216   374.036 56794.92714638 13.98 105.878036  28.908960  3.152 -100.00 -100.00 -100.00
 216   373.012 56794.92714697 13.15 105.879261  28.911380  4.049 -100.00 -100.00 -100.00
 216   372.568 56794.92714756 12.69 105.880487  28.913800  3.532 -100.00 -100.00 -100.00
 216   371.563 56794.92714815 12.34 105.881712  28.916219  4.008 -100.00 -100.00 -100.00
 216   371.132 56794.92714874 12.52 105.882938  28.918639  3.910 -100.00 -100.00 -100.00
 216   369.753 56794.92714933 13.43 105.884164  28.921059  4.102 -100.00 -100.00 -100.00
 216   370.112 56794.92714992 13.01 105.885389  28.923479  3.629 -100.00 -100.00 -100.00
 216   370.179 56794.92715051 14.25 105.886615  28.925898  5.002 -100.00 -100.00 -100.00
 216   368.571 56794.92715110 14.48 105.887841  28.928318  4.583 -100.00 -100.00 -100.00
 217   374.971 56804.84279402 20.30 105.873303  28.904541  6.247 -100.00 -100.00 -100.00
 217   374.613 56804.84279462 16.47 105.874528  28.906960  4.891 -100.00 -100.00 -100.00
 217   375.308 56804.84279521 13.47 105.875753  28.909380  4.284 -100.00 -100.00 -100.00
 217   373.815 56804.84279580 12.88 105.876979  28.911800  4.766 -100.00 -100.00 -100.00
 217   372.729 56804.84279639 11.86 105.878204  28.914220  5.717 -100.00 -100.00 -100.00
 217   373.325 56804.84279698 11.79 105.879430  28.916639  5.487 -100.00 -100.00 -100.00
 217   372.089 56804.84279757 11.80 105.880655  28.919059  5.011 -100.00 -100.00 -100.00
 217   385.870 56804.84279816 11.82 105.881881  28.921479  5.070 -100.00 -100.00 -100.00
 217   371.017 56804.84279875 11.38 105.883107  28.923898  4.740 -100.00 -100.00 -100.00
 217   371.265 56804.84279934 11.06 105.884333  28.926318  4.727 -100.00 -100.00 -100.00
 217   373.044 56804.84279993 11.29 105.885558  28.928738  4.281 -100.00 -100.00 -100.00
 217   396.076 56804.84280052 11.63 105.886784  28.931157  4.141 -100.00 -100.00 -100.00
 218   358.716 56814.75843496 23.07 105.873347  28.899664  7.289 -100.00 -100.00 -100.00
 218   364.120 56814.75843555 18.39 105.874572  28.902084  3.243 -100.00 -100.00 -100.00
 218   366.945 56814.75843614 17.45 105.875797  28.904504  2.819 -100.00 -100.00 -100.00
 218   366.705 56814.75843673 16.97 105.877022  28.906923  3.090 -100.00 -100.00 -100.00
 218   366.301 56814.75843733 16.15 105.878247  28.909343  3.489 -100.00 -100.00 -100.00
 218   366.631 56814.75843792 15.27 105.879473  28.911763  3.060 -100.00 -100.00 -100.00
 218   365.787 56814.75843851 15.37 105.880698  28.914182  3.633 -100.00 -100.00 -100.00
 218   369.213 56814.75843910 14.13 105.881924  28.916602  3.350 -100.00 -100.00 -100.00
 218   371.243 56814.75843969 13.56 105.883149  28.919022  2.587 -100.00 -100.00 -100.00
 218   369.621 56814.75844028 13.94 105.884375  28.921441  3.046 -100.00 -100.00 -100.00
 218   369.302 56814.75844087 14.54 105.885601  28.923861  3.311 -100.00 -100.00 -100.00
 218   364.152 56814.75844146 15.50 105.886826  28.926280  3.504 -100.00 -100.00 -100.00
 218   362.038 56814.75844205 17.35 105.888052  28.928700  5.302 -100.00 -100.00 -100.00
 219   340.689 56824.67407296 15.46 105.875714  28.896286  2.339 -100.00 -100.00 -100.00
 219   341.647 56824.67407355 15.08 105.876939  28.898705  2.105 -100.00 -100.00 -100.00
 219   346.644 56824.67407651 14.99 105.883065  28.910803  2.895 -100.00 -100.00 -100.00
 219   347.442 56824.67407710 14.78 105.884290  28.913223  2.800 -100.00 -100.00 -100.00
 219   348.293 56824.67407769 14.61 105.885516  28.915642  2.738 -100.00 -100.00 -100.00
 219   349.118 56824.67407828 14.46 105.886741  28.918062  2.415 -100.00 -100.00 -100.00
 219   350.227 56824.67407887 14.93 105.887967  28.920481  2.805 -100.00 -100.00 -100.00
 219   351.275 56824.67407946 16.22 105.889193  28.922901  3.344 -100.00 -100.00 -100.00
 224   381.642 56874.25229106 10.33 105.876561  28.896219  4.148 -100.00 -100.00 -100.00
 224   378.298 56874.25229519  7.41 105.885137  28.913156  4.563 -100.00 -100.00 -100.00
 224   379.169 56874.25229578  7.72 105.886362  28.915575  4.115 -100.00 -100.00 -100.00
 224   378.466 56874.25229637  7.97 105.887588  28.917995  4.367 -100.00 -100.00 -100.00
 224   378.478 56874.25229696  8.93 105.888813  28.920414  5.487 -100.00 -100.00 -100.00
 224   375.876 56874.25229755  8.75 105.890039  28.922834  4.740 -100.00 -100.00 -100.00
 225   381.602 56884.16794122 12.94 105.875809  28.896497  2.694 -100.00 -100.00 -100.00
 225   379.045 56884.16794181 12.79 105.877034  28.898917  3.285 -100.00 -100.00 -100.00
 225   376.151 56884.16794477  8.94 105.883160  28.911014  4.309 -100.00 -100.00 -100.00
 225   374.327 56884.16794536  8.47 105.884385  28.913434  3.972 -100.00 -100.00 -100.00
 225   373.349 56884.16794595  8.40 105.885611  28.915853  3.518 -100.00 -100.00 -100.00
 225   378.114 56884.16794654  8.63 105.886836  28.918273  4.494 -100.00 -100.00 -100.00
 225   374.165 56884.16794713  8.53 105.888062  28.920692  3.166 -100.00 -100.00 -100.00
 225   374.970 56884.16794772  9.29 105.889287  28.923112  4.182 -100.00 -100.00 -100.00
 226   341.467 56894.08358771 18.26 105.874367  28.894951  2.211 -100.00 -100.00 -100.00
 226   342.628 56894.08358830 18.18 105.875592  28.897370  3.151 -100.00 -100.00 -100.00
 226   343.701 56894.08358889 17.70 105.876817  28.899790  2.755 -100.00 -100.00 -100.00
 226   344.914 56894.08358948 17.21 105.878042  28.902210  2.261 -100.00 -100.00 -100.00
 226   347.915 56894.08359126 17.22 105.881718  28.909468  2.829 -100.00 -100.00 -100.00
 226   348.736 56894.08359185 16.86 105.882943  28.911888  3.334 -100.00 -100.00 -100.00
 226   349.283 56894.08359244 17.02 105.884168  28.914307  3.635 -100.00 -100.00 -100.00
 226   350.299 56894.08359303 16.06 105.885394  28.916727  2.596 -100.00 -100.00 -100.00
 226   351.079 56894.08359362 16.34 105.886619  28.919146  2.581 -100.00 -100.00 -100.00
 226   352.022 56894.08359421 16.62 105.887845  28.921566  2.431 -100.00 -100.00 -100.00
 226   352.875 56894.08359480 17.38 105.889071  28.923985  2.447 -100.00 -100.00 -100.00
 227   378.451 56903.99923158 16.72 105.873549  28.896889  4.414 -100.00 -100.00 -100.00
 227   373.980 56903.99923217 18.63 105.874774  28.899309  8.265 -100.00 -100.00 -100.00
 227   374.772 56903.99923276 16.01 105.875999  28.901728  5.234 -100.00 -100.00 -100.00
 227   375.052 56903.99923335 14.83 105.877224  28.904148  6.522 -100.00 -100.00 -100.00
 227   374.893 56903.99923394 12.45 105.878449  28.906567  4.372 -100.00 -100.00 -100.00
 227   375.120 56903.99923453 11.87 105.879675  28.908987  5.077 -100.00 -100.00 -100.00
 227   373.032 56903.99923512 12.07 105.880900  28.911406  6.153 -100.00 -100.00 -100.00
 227   373.098 56903.99923571 12.76 105.882125  28.913826  7.710 -100.00 -100.00 -100.00
 227   371.679 56903.99923630 12.33 105.883351  28.916245  5.189 -100.00 -100.00 -100.00
 227   371.223 56903.99923689 12.83 105.884576  28.918665  5.558 -100.00 -100.00 -100.00
 227   370.756 56903.99923748 12.71 105.885802  28.921084  4.863 -100.00 -100.00 -100.00
 227   370.632 56903.99923807 13.05 105.887028  28.923504  5.542 -100.00 -100.00 -100.00
 227   370.376 56903.99923866 13.11 105.888253  28.925923  5.648 -100.00 -100.00 -100.00
 228   367.378 56913.91487375 22.81 105.873456  28.901204  6.433 -100.00 -100.00 -100.00
 228   371.438 56913.91487434 18.31 105.874681  28.903623  2.972 -100.00 -100.00 -100.00
 228   372.965 56913.91487493 17.19 105.875906  28.906043  2.925 -100.00 -100.00 -100.00
 228   373.926 56913.91487552 16.14 105.877131  28.908462  2.852 -100.00 -100.00 -100.00
 228   372.997 56913.91487611 16.06 105.878356  28.910882  4.615 -100.00 -100.00 -100.00
 228   373.559 56913.91487670 14.25 105.879582  28.913301  3.040 -100.00 -100.00 -100.00
 228   371.790 56913.91487729 13.96 105.880807  28.915721  3.846 -100.00 -100.00 -100.00
 228   371.616 56913.91487788 13.33 105.882032  28.918140  2.770 -100.00 -100.00 -100.00
 228   370.757 56913.91487847 13.61 105.883258  28.920560  3.117 -100.00 -100.00 -100.00
 228   370.103 56913.91487906 13.93 105.884484  28.922979  3.447 -100.00 -100.00 -100.00
 228   368.602 56913.91487965 14.76 105.885709  28.925398  3.901 -100.00 -100.00 -100.00
 228   368.791 56913.91488025 15.25 105.886935  28.927818  4.377 -100.00 -100.00 -100.00
 228   361.964 56913.91488084 16.75 105.888161  28.930237  5.688 -100.00 -100.00 -100.00
 229   375.236 56923.83051283 20.47 105.872922  28.899561  8.201 -100.00 -100.00 -100.00
 229   374.683 56923.83051342 19.72 105.874147  28.901980  6.724 -100.00 -100.00 -100.00
 229   374.938 56923.83051401 17.57 105.875372  28.904400  6.998 -100.00 -100.00 -100.00
 229   380.745 56923.83051460 14.29 105.876597  28.906819  4.589 -100.00 -100.00 -100.00
 229   375.448 56923.83051519 12.77 105.877822  28.909239  4.508 -100.00 -100.00 -100.00
 229   374.363 56923.83051579 12.37 105.879047  28.911658  4.828 -100.00 -100.00 -100.00
 229   373.877 56923.83051638 12.35 105.880272  28.914078  5.309 -100.00 -100.00 -100.00
 229   372.789 56923.83051697 11.59 105.881498  28.916497  5.548 -100.00 -100.00 -100.00
 229   372.933 56923.83051756 12.16 105.882723  28.918917  5.593 -100.00 -100.00 -100.00
 229   370.986 56923.83051815 12.58 105.883948  28.921336  5.339 -100.00 -100.00 -100.00
 229   372.636 56923.83051874 12.54 105.885174  28.923756  5.134 -100.00 -100.00 -100.00
 229   374.241 56923.83051933 12.29 105.886399  28.926175  4.759 -100.00 -100.00 -100.00
 229   374.045 56923.83051992 12.12 105.887625  28.928594  5.192 -100.00 -100.00 -100.00
 230   377.735 56933.74614910 13.99 105.874627  28.895632  2.734 -100.00 -100.00 -100.00
 230   378.141 56933.74614969 14.19 105.875852  28.898051  3.301 -100.00 -100.00 -100.00
 230   375.928 56933.74615028 15.14 105.877077  28.900471  5.715 -100.00 -100.00 -100.00
 230   375.684 56933.74615087 13.51 105.878302  28.902890  5.021 -100.00 -100.00 -100.00
 230   380.484 56933.74615205 10.88 105.880752  28.907729  4.392 -100.00 -100.00 -100.00
 230   373.647 56933.74615264 10.94 105.881977  28.910149  3.844 -100.00 -100.00 -100.00
 230   372.835 56933.74615323 10.87 105.883202  28.912568  3.983 -100.00 -100.00 -100.00
 230   371.610 56933.74615382 11.81 105.884427  28.914988  4.886 -100.00 -100.00 -100.00
 230   370.978 56933.74615441 12.17 105.885652  28.917407  5.346 -100.00 -100.00 -100.00
 230   370.767 56933.74615500 11.96 105.886878  28.919827  4.237 -100.00 -100.00 -100.00
 230   369.766 56933.74615559 12.26 105.888103  28.922246  4.554 -100.00 -100.00 -100.00
 230   369.986 56933.74615618 12.20 105.889328  28.924665  4.236 -100.00 -100.00 -100.00
 234   341.087 56973.40872348 19.53 105.875519  28.894809  2.318 -100.00 -100.00 -100.00
 234   342.040 56973.40872407 19.31 105.876744  28.897228  2.558 -100.00 -100.00 -100.00
 234   349.312 56973.40872820 17.65 105.885320  28.914165  2.659 -100.00 -100.00 -100.00
 234   350.231 56973.40872879 17.54 105.886545  28.916584  2.588 -100.00 -100.00 -100.00
 234   351.417 56973.40872938 17.81 105.887771  28.919004  2.460 -100.00 -100.00 -100.00
 234   352.418 56973.40872997 18.48 105.888996  28.921423  2.907 -100.00 -100.00 -100.00
 234   353.937 56973.40873056 19.81 105.890222  28.923843  3.692 -100.00 -100.00 -100.00
 235   351.041 56983.32436541 19.35 105.875987  28.896289  2.180 -100.00 -100.00 -100.00
 235   352.490 56983.32436600 19.39 105.877212  28.898709  2.722 -100.00 -100.00 -100.00
 235   360.498 56983.32436895 17.55 105.883338  28.910807  2.582 -100.00 -100.00 -100.00
 235   361.813 56983.32436954 17.21 105.884563  28.913227  2.358 -100.00 -100.00 -100.00
 235   363.345 56983.32437013 17.35 105.885789  28.915646  2.753 -100.00 -100.00 -100.00
 235   363.904 56983.32437072 17.48 105.887014  28.918066  2.634 -100.00 -100.00 -100.00
 235   365.922 56983.32437131 17.82 105.888240  28.920485  2.930 -100.00 -100.00 -100.00
 235   364.768 56983.32437190 18.41 105.889465  28.922905  2.726 -100.00 -100.00 -100.00
 240   344.020 57032.90259611 19.49 105.876132  28.896725  2.166 -100.00 -100.00 -100.00
 240   345.639 57032.90259671 19.20 105.877357  28.899145  2.163 -100.00 -100.00 -100.00
 240   351.574 57032.90259966 17.64 105.883484  28.911244  2.461 -100.00 -100.00 -100.00
 240   352.497 57032.90260025 17.65 105.884710  28.913664  2.273 -100.00 -100.00 -100.00
 240   353.727 57032.90260084 17.66 105.885935  28.916084  2.632 -100.00 -100.00 -100.00
 240   354.796 57032.90260143 17.89 105.887161  28.918503  2.779 -100.00 -100.00 -100.00
 240   356.272 57032.90260202 18.17 105.888387  28.920923  2.811 -100.00 -100.00 -100.00
 240   357.470 57032.90260261 19.06 105.889613  28.923343  3.142 -100.00 -100.00 -100.00
 241   343.920 57042.81824203 19.67 105.875059  28.896496  2.040 -100.00 -100.00 -100.00
 241   345.346 57042.81824262 19.19 105.876284  28.898916  2.493 -100.00 -100.00 -100.00
 241   346.510 57042.81824321 19.39 105.877510  28.901336  3.019 -100.00 -100.00 -100.00
 241   347.813 57042.81824380 19.09 105.878735  28.903756  2.721 -100.00 -100.00 -100.00
 241   349.787 57042.81824498 18.43 105.881185  28.908596  2.620 -100.00 -100.00 -100.00
 241   349.889 57042.81824557 18.01 105.882411  28.911015  2.397 -100.00 -100.00 -100.00
 241   349.552 57042.81824616 17.47 105.883636  28.913435  2.680 -100.00 -100.00 -100.00
 241   351.930 57042.81824675 17.52 105.884862  28.915855  2.568 -100.00 -100.00 -100.00
 241   352.742 57042.81824734 17.81 105.886088  28.918275  2.375 -100.00 -100.00 -100.00
 241   353.846 57042.81824793 18.46 105.887313  28.920694  3.079 -100.00 -100.00 -100.00
 241   354.387 57042.81824852 19.21 105.888539  28.923114  3.395 -100.00 -100.00 -100.00
 241   355.730 57042.81824911 19.65 105.889765  28.925534  2.609 -100.00 -100.00 -100.00
 242   347.961 57052.73388596 19.93 105.876492  28.896783  2.208 -100.00 -100.00 -100.00
 242   356.646 57052.73389009 17.88 105.885069  28.913721  2.144 -100.00 -100.00 -100.00
 242   357.678 57052.73389068 17.90 105.886295  28.916141  2.260 -100.00 -100.00 -100.00
 242   359.394 57052.73389127 18.07 105.887520  28.918561  2.462 -100.00 -100.00 -100.00
 242   360.852 57052.73389186 18.92 105.888746  28.920981  2.901 -100.00 -100.00 -100.00
 242   362.270 57052.73389245 19.67 105.889972  28.923400  2.757 -100.00 -100.00 -100.00
 247   338.565 57102.31209420 19.18 105.876047  28.896949  2.297 -100.00 -100.00 -100.00
 247   339.738 57102.31209479 19.00 105.877272  28.899369  2.109 -100.00 -100.00 -100.00
 247   342.818 57102.31209774 19.30 105.883398  28.911469  3.762 -100.00 -100.00 -100.00
 247   343.575 57102.31209834 18.88 105.884623  28.913889  3.306 -100.00 -100.00 -100.00
 247   345.000 57102.31209893 18.49 105.885849  28.916309  3.347 -100.00 -100.00 -100.00
 247   345.692 57102.31209952 18.35 105.887074  28.918729  2.496 -100.00 -100.00 -100.00
 247   346.623 57102.31210011 18.49 105.888300  28.921149  2.161 -100.00 -100.00 -100.00
 247   346.863 57102.31210070 19.65 105.889525  28.923568  2.926 -100.00 -100.00 -100.00
 248   362.659 57112.22774789 20.10 105.874228  28.896806  3.039 -100.00 -100.00 -100.00
 248   359.091 57112.22774848 22.44 105.875453  28.899226  4.677 -100.00 -100.00 -100.00
 248   367.284 57112.22774907 19.45 105.876678  28.901646  2.880 -100.00 -100.00 -100.00
 248   369.739 57112.22774966 18.81 105.877903  28.904066  3.131 -100.00 -100.00 -100.00
 248   369.885 57112.22775025 18.41 105.879129  28.906486  3.870 -100.00 -100.00 -100.00
 248   364.860 57112.22775085 17.59 105.880354  28.908906  3.476 -100.00 -100.00 -100.00
 248   363.423 57112.22775144 17.10 105.881579  28.911326  4.205 -100.00 -100.00 -100.00
 248   364.699 57112.22775203 15.95 105.882805  28.913746  3.175 -100.00 -100.00 -100.00
 248   367.052 57112.22775262 15.97 105.884030  28.916166  4.078 -100.00 -100.00 -100.00
 248   369.596 57112.22775321 15.84 105.885256  28.918586  3.031 -100.00 -100.00 -100.00
 248   366.969 57112.22775380 16.17 105.886481  28.921006  3.342 -100.00 -100.00 -100.00
 248   367.220 57112.22775439 16.20 105.887707  28.923426  3.227 -100.00 -100.00 -100.00
 248   363.730 57112.22775498 17.27 105.888933  28.925846  4.136 -100.00 -100.00 -100.00
 249   361.543 57122.14339571 19.93 105.875352  28.895692  2.515 -100.00 -100.00 -100.00
 249   364.013 57122.14339630 19.94 105.876577  28.898112  3.059 -100.00 -100.00 -100.00
 249   364.844 57122.14339689 21.00 105.877802  28.900533  4.658 -100.00 -100.00 -100.00
 249   365.886 57122.14339925 17.50 105.882703  28.910212  3.392 -100.00 -100.00 -100.00
 249   368.807 57122.14339984 16.66 105.883928  28.912632  3.300 -100.00 -100.00 -100.00
 249   366.712 57122.14340043 16.95 105.885154  28.915052  3.641 -100.00 -100.00 -100.00
 249   369.048 57122.14340102 16.47 105.886380  28.917472  3.313 -100.00 -100.00 -100.00
 249   367.466 57122.14340161 16.73 105.887605  28.919892  3.231 -100.00 -100.00 -100.00
 249   366.347 57122.14340220 17.36 105.888831  28.922312  3.672 -100.00 -100.00 -100.00
 249   364.442 57122.14340279 18.16 105.890057  28.924732  3.441 -100.00 -100.00 -100.00
 250   344.424 57132.05904338 18.65 105.888014  28.917400  2.903 -100.00 -100.00 -100.00
 250   345.294 57132.05904397 18.67 105.889240  28.919820  2.276 -100.00 -100.00 -100.00
 250   346.676 57132.05904456 19.87 105.890466  28.922240  2.467 -100.00 -100.00 -100.00
 257   381.843 57201.46855359  6.88 105.888570  28.917502  4.719 -100.00 -100.00 -100.00
 257   379.750 57201.46855418  7.49 105.889795  28.919921  5.228 -100.00 -100.00 -100.00
 258   347.901 57211.38418212 13.83 105.875203  28.894636  2.610 -100.00 -100.00 -100.00
 258   349.374 57211.38418271 13.57 105.876428  28.897055  3.332 -100.00 -100.00 -100.00
 258   362.656 57211.38418625 12.99 105.883779  28.911572  5.507 -100.00 -100.00 -100.00
 258   363.757 57211.38418684 11.62 105.885004  28.913992  3.936 -100.00 -100.00 -100.00
 258   365.027 57211.38418743 10.70 105.886229  28.916411  3.262 -100.00 -100.00 -100.00
 258   368.308 57211.38418802 10.51 105.887455  28.918831  2.601 -100.00 -100.00 -100.00
 258   369.674 57211.38418861 10.76 105.888681  28.921250  2.760 -100.00 -100.00 -100.00
 258   366.984 57211.38418920 11.87 105.889906  28.923669  3.970 -100.00 -100.00 -100.00
 259   367.492 57221.29982639 12.32 105.875416  28.895362  2.726 -100.00 -100.00 -100.00
 259   370.230 57221.29982698 12.22 105.876641  28.897781  3.286 -100.00 -100.00 -100.00
 259   376.000 57221.29983052  8.50 105.883992  28.912299  3.208 -100.00 -100.00 -100.00
 259   371.746 57221.29983111  8.69 105.885217  28.914718  3.440 -100.00 -100.00 -100.00
 259   371.597 57221.29983170  8.49 105.886443  28.917138  3.721 -100.00 -100.00 -100.00
 259   378.721 57221.29983229  8.04 105.887668  28.919557  2.796 -100.00 -100.00 -100.00
 259   374.700 57221.29983288  8.69 105.888894  28.921977  3.864 -100.00 -100.00 -100.00
 259   368.383 57221.29983347 10.26 105.890119  28.924396  5.497 -100.00 -100.00 -100.00
 260   371.315 57231.21547463  8.01 105.887863  28.917068  5.720 -100.00 -100.00 -100.00
 260   370.181 57231.21547522 10.08 105.889088  28.919487  8.178 -100.00 -100.00 -100.00
 260   379.208 57231.21547581  7.81 105.890314  28.921907  3.306 -100.00 -100.00 -100.00
 267   334.873 57300.62498315 16.57 105.886717  28.915075  2.132 -100.00 -100.00 -100.00
 267   335.201 57300.62498374 16.50 105.887942  28.917494  1.859 -100.00 -100.00 -100.00
 267   335.839 57300.62498433 16.87 105.889167  28.919914  2.105 -100.00 -100.00 -100.00
 267   336.623 57300.62498493 17.73 105.890393  28.922333  2.130 -100.00 -100.00 -100.00
 268   370.685 57310.54063217 12.49 105.887778  28.917136  4.940 -100.00 -100.00 -100.00
 268   370.510 57310.54063276 12.57 105.889004  28.919555  4.593 -100.00 -100.00 -100.00
 268   370.531 57310.54063335 13.03 105.890229  28.921975  5.277 -100.00 -100.00 -100.00
 269   338.084 57320.45627221 18.33 105.875606  28.895795  2.547 -100.00 -100.00 -100.00
 269   339.078 57320.45627280 17.94 105.876831  28.898215  2.230 -100.00 -100.00 -100.00
 269   343.376 57320.45627575 17.37 105.882956  28.910312  2.905 -100.00 -100.00 -100.00
 269   344.106 57320.45627634 17.87 105.884182  28.912731  3.692 -100.00 -100.00 -100.00
 269   344.130 57320.45627693 17.68 105.885407  28.915150  3.761 -100.00 -100.00 -100.00
 269   345.554 57320.45627752 16.74 105.886632  28.917570  2.993 -100.00 -100.00 -100.00
 269   346.331 57320.45627811 16.43 105.887858  28.919989  2.089 -100.00 -100.00 -100.00
 269   347.233 57320.45627870 17.35 105.889084  28.922408  2.736 -100.00 -100.00 -100.00
 269   348.250 57320.45627929 18.37 105.890309  28.924828  2.906 -100.00 -100.00 -100.00
 270   377.832 57330.37191492 17.52 105.873833  28.895787  3.588 -100.00 -100.00 -100.00
 270   378.132 57330.37191551 18.25 105.875058  28.898207  5.822 -100.00 -100.00 -100.00
 270   374.194 57330.37191610 17.76 105.876283  28.900627  6.691 -100.00 -100.00 -100.00
 270   374.456 57330.37191669 17.68 105.877508  28.903046  8.136 -100.00 -100.00 -100.00
 270   374.286 57330.37191728 13.55 105.878733  28.905466  3.894 -100.00 -100.00 -100.00
 270   374.828 57330.37191787 12.66 105.879958  28.907885  4.736 -100.00 -100.00 -100.00
 270   372.486 57330.37191846 12.23 105.881183  28.910305  4.773 -100.00 -100.00 -100.00
 270   373.338 57330.37191905 11.83 105.882409  28.912724  5.141 -100.00 -100.00 -100.00
 270   372.041 57330.37191964 12.00 105.883634  28.915144  5.113 -100.00 -100.00 -100.00
 270   371.756 57330.37192023 12.27 105.884860  28.917563  5.734 -100.00 -100.00 -100.00
 270   370.614 57330.37192082 12.51 105.886085  28.919982  5.381 -100.00 -100.00 -100.00
 270   371.399 57330.37192141 12.04 105.887311  28.922402  4.999 -100.00 -100.00 -100.00
 270   370.336 57330.37192200 12.37 105.888536  28.924821  5.069 -100.00 -100.00 -100.00
 271   343.444 57340.28755591 19.45 105.874200  28.896425  2.253 -100.00 -100.00 -100.00
 271   344.764 57340.28755650 19.24 105.875425  28.898844  2.462 -100.00 -100.00 -100.00
 271   346.003 57340.28755709 19.21 105.876650  28.901264  2.963 -100.00 -100.00 -100.00
 271   347.404 57340.28755768 18.82 105.877875  28.903684  2.269 -100.00 -100.00 -100.00
 271   348.058 57340.28755827 18.37 105.879100  28.906103  2.152 -100.00 -100.00 -100.00
 271   348.819 57340.28755886 18.51 105.880325  28.908523  2.726 -100.00 -100.00 -100.00
 271   349.733 57340.28755946 18.08 105.881550  28.910943  2.888 -100.00 -100.00 -100.00
 271   349.980 57340.28756005 18.30 105.882776  28.913362  3.702 -100.00 -100.00 -100.00
 271   350.665 57340.28756064 17.67 105.884001  28.915782  3.436 -100.00 -100.00 -100.00
 271   350.956 57340.28756123 18.09 105.885226  28.918201  3.817 -100.00 -100.00 -100.00
 271   351.844 57340.28756182 17.58 105.886452  28.920621  2.904 -100.00 -100.00 -100.00
 271   351.902 57340.28756241 17.92 105.887677  28.923040  2.942 -100.00 -100.00 -100.00
 271   351.550 57340.28756300 18.58 105.888903  28.925460  2.313 -100.00 -100.00 -100.00
 272   344.997 57350.20320708 19.42 105.874420  28.898892  2.490 -100.00 -100.00 -100.00
 272   346.427 57350.20320767 19.89 105.875645  28.901312  3.848 -100.00 -100.00 -100.00
 272   348.201 57350.20320826 18.96 105.876870  28.903732  2.277 -100.00 -100.00 -100.00
 272   349.533 57350.20320886 18.61 105.878095  28.906151  2.459 -100.00 -100.00 -100.00
 272   350.835 57350.20320945 18.11 105.879321  28.908571  2.465 -100.00 -100.00 -100.00
 272   350.961 57350.20321004 17.90 105.880546  28.910991  2.539 -100.00 -100.00 -100.00
 272   351.810 57350.20321063 17.85 105.881771  28.913410  3.461 -100.00 -100.00 -100.00
 272   352.985 57350.20321122 16.89 105.882997  28.915830  2.254 -100.00 -100.00 -100.00
 272   353.559 57350.20321181 16.58 105.884222  28.918250  2.288 -100.00 -100.00 -100.00
 272   354.336 57350.20321240 16.54 105.885448  28.920669  2.205 -100.00 -100.00 -100.00
 272   355.029 57350.20321299 17.07 105.886673  28.923089  2.312 -100.00 -100.00 -100.00
 272   355.688 57350.20321358 18.10 105.887899  28.925508  2.760 -100.00 -100.00 -100.00
 272   356.914 57350.20321417 18.66 105.889125  28.927928  2.460 -100.00 -100.00 -100.00
 273   378.252 57360.11885240 16.23 105.875219  28.896572  3.317 -100.00 -100.00 -100.00
 273   374.830 57360.11885299 18.35 105.876444  28.898992  7.591 -100.00 -100.00 -100.00
 273   374.823 57360.11885358 16.85 105.877669  28.901412  6.446 -100.00 -100.00 -100.00
 273   375.666 57360.11885417 15.58 105.878894  28.903831  6.047 -100.00 -100.00 -100.00
 273   374.416 57360.11885535 13.29 105.881345  28.908671  4.906 -100.00 -100.00 -100.00
 273   373.858 57360.11885594 12.82 105.882570  28.911090  5.252 -100.00 -100.00 -100.00
 273   372.896 57360.11885653 12.62 105.883796  28.913510  5.486 -100.00 -100.00 -100.00
 273   374.751 57360.11885712 12.65 105.885021  28.915930  5.735 -100.00 -100.00 -100.00
 273   372.155 57360.11885771 13.44 105.886247  28.918349  5.113 -100.00 -100.00 -100.00
 273   371.484 57360.11885830 14.02 105.887473  28.920769  6.377 -100.00 -100.00 -100.00
 273   371.140 57360.11885889 13.66 105.888699  28.923189  5.267 -100.00 -100.00 -100.00
 273   370.930 57360.11885948 13.92 105.889924  28.925608  5.318 -100.00 -100.00 -100.00
 274   370.117 57370.03449973 15.51 105.887256  28.915920  2.456 -100.00 -100.00 -100.00
 274   368.516 57370.03450032 16.52 105.888481  28.918339  2.729 -100.00 -100.00 -100.00
 274   367.303 57370.03450091 17.38 105.889707  28.920759  2.892 -100.00 -100.00 -100.00
 274   366.168 57370.03450150 18.14 105.890933  28.923178  2.566 -100.00 -100.00 -100.00
 281   339.054 57439.44399866 19.18 105.875487  28.896026  2.240 -100.00 -100.00 -100.00
 281   340.153 57439.44399925 19.19 105.876712  28.898446  2.574 -100.00 -100.00 -100.00
 281   341.181 57439.44399984 18.90 105.877937  28.900866  2.398 -100.00 -100.00 -100.00
 281   343.903 57439.44400220 18.92 105.882838  28.910546  2.744 -100.00 -100.00 -100.00
 281   345.069 57439.44400279 18.95 105.884064  28.912965  3.102 -100.00 -100.00 -100.00
 281   346.029 57439.44400338 19.12 105.885290  28.915385  3.504 -100.00 -100.00 -100.00
 281   346.648 57439.44400397 17.94 105.886515  28.917805  2.492 -100.00 -100.00 -100.00
 281   347.410 57439.44400457 18.79 105.887741  28.920225  3.445 -100.00 -100.00 -100.00
 281   348.329 57439.44400516 18.96 105.888967  28.922644  2.668 -100.00 -100.00 -100.00
 281   349.629 57439.44400575 19.93 105.890193  28.925064  3.008 -100.00 -100.00 -100.00
 282   374.068 57449.35964587 19.57 105.874644  28.897879  6.661 -100.00 -100.00 -100.00
 282   372.363 57449.35964646 23.01 105.875869  28.900299 13.022 -100.00 -100.00 -100.00
 282   374.381 57449.35964705 18.14 105.877094  28.902719  6.620 -100.00 -100.00 -100.00
 282   374.514 57449.35964764 14.17 105.878319  28.905139  3.770 -100.00 -100.00 -100.00
 282   374.474 57449.35964823 13.57 105.879545  28.907559  5.069 -100.00 -100.00 -100.00
 282   372.565 57449.35964882 13.12 105.880770  28.909979  5.298 -100.00 -100.00 -100.00
 282   372.682 57449.35964941 12.79 105.881996  28.912399  5.030 -100.00 -100.00 -100.00
 282   371.384 57449.35965000 13.08 105.883221  28.914818  6.060 -100.00 -100.00 -100.00
 282   371.798 57449.35965059 12.74 105.884447  28.917238  4.992 -100.00 -100.00 -100.00
 282   370.430 57449.35965118 13.70 105.885672  28.919658  5.988 -100.00 -100.00 -100.00
 282   371.019 57449.35965177 13.21 105.886898  28.922078  5.152 -100.00 -100.00 -100.00
 282   370.437 57449.35965236 13.40 105.888124  28.924498  4.707 -100.00 -100.00 -100.00
 282   370.043 57449.35965295 13.50 105.889349  28.926918  4.370 -100.00 -100.00 -100.00
 283   351.870 57459.27529110 20.74 105.873743  28.896308  2.229 -100.00 -100.00 -100.00
 283   353.391 57459.27529169 21.24 105.874968  28.898728  3.443 -100.00 -100.00 -100.00
 283   354.765 57459.27529228 22.12 105.876193  28.901148  4.288 -100.00 -100.00 -100.00
 283   356.659 57459.27529287 20.23 105.877419  28.903568  2.843 -100.00 -100.00 -100.00
 283   357.790 57459.27529346 19.50 105.878644  28.905988  2.666 -100.00 -100.00 -100.00
 283   359.284 57459.27529405 19.00 105.879869  28.908408  2.891 -100.00 -100.00 -100.00
 283   360.648 57459.27529464 18.71 105.881094  28.910828  3.242 -100.00 -100.00 -100.00
 283   361.377 57459.27529523 18.25 105.882320  28.913248  2.989 -100.00 -100.00 -100.00
 283   362.173 57459.27529582 18.09 105.883545  28.915668  2.608 -100.00 -100.00 -100.00
 283   363.029 57459.27529641 18.05 105.884771  28.918088  2.660 -100.00 -100.00 -100.00
 283   362.730 57459.27529700 18.39 105.885996  28.920508  2.942 -100.00 -100.00 -100.00
 283   362.932 57459.27529759 18.90 105.887222  28.922928  2.909 -100.00 -100.00 -100.00
 283   362.803 57459.27529818 19.78 105.888448  28.925348  3.225 -100.00 -100.00 -100.00
 284   368.583 57469.19093391 19.57 105.876262  28.896702  3.248 -100.00 -100.00 -100.00
 284   370.546 57469.19093450 19.92 105.877487  28.899122  4.652 -100.00 -100.00 -100.00
 284   369.008 57469.19093746 15.63 105.883614  28.911222  3.436 -100.00 -100.00 -100.00
 284   371.360 57469.19093805 15.29 105.884839  28.913642  2.804 -100.00 -100.00 -100.00
 284   369.533 57469.19093864 15.66 105.886064  28.916062  3.585 -100.00 -100.00 -100.00
 284   369.163 57469.19093923 16.28 105.887290  28.918482  3.338 -100.00 -100.00 -100.00
 284   366.557 57469.19093982 16.42 105.888516  28.920902  3.748 -100.00 -100.00 -100.00
 284   364.711 57469.19094041 17.12 105.889741  28.923322  3.771 -100.00 -100.00 -100.00
 293   348.327 57558.43173877 13.63 105.888275  28.917270  2.369 -100.00 -100.00 -100.00
 293   349.370 57558.43173936 14.57 105.889501  28.919689  3.640 -100.00 -100.00 -100.00
 293   350.834 57558.43173995 14.82 105.890726  28.922109  2.846 -100.00 -100.00 -100.00
 294   344.629 57568.34737892 14.39 105.876384  28.895973  2.504 -100.00 -100.00 -100.00
 294   350.833 57568.34738305 13.62 105.884960  28.912910  4.081 -100.00 -100.00 -100.00
 294   353.187 57568.34738364 12.19 105.886186  28.915330  2.274 -100.00 -100.00 -100.00
 294   354.504 57568.34738423 12.23 105.887411  28.917749  2.347 -100.00 -100.00 -100.00
 294   355.647 57568.34738482 13.30 105.888637  28.920168  3.717 -100.00 -100.00 -100.00
 294   357.153 57568.34738541 13.56 105.889863  28.922588  3.725 -100.00 -100.00 -100.00
 295   375.169 57578.26302380 11.50 105.876239  28.895807  2.321 -100.00 -100.00 -100.00
 295   375.784 57578.26302794  8.43 105.884815  28.912745  3.067 -100.00 -100.00 -100.00
 295   371.724 57578.26302853  8.64 105.886041  28.915164  3.319 -100.00 -100.00 -100.00
 295   371.817 57578.26302912  8.33 105.887266  28.917584  2.986 -100.00 -100.00 -100.00
 295   374.350 57578.26302971  8.80 105.888492  28.920003  3.191 -100.00 -100.00 -100.00
 295   375.007 57578.26303030  8.96 105.889717  28.922423  3.848 -100.00 -100.00 -100.00
 296   351.187 57588.17867251 12.94 105.887824  28.916863  2.920 -100.00 -100.00 -100.00
 296   352.451 57588.17867310 12.74 105.889049  28.919283  2.519 -100.00 -100.00 -100.00
 296   354.033 57588.17867369 13.69 105.890275  28.921702  3.310 -100.00 -100.00 -100.00
