#   31.325   0.232   1.611 ;Mean Elev.(m), Avg Gradient(m/km), RMS Gradient(m/km) - SRTM1     
#   39.668   1.030   7.081 ;Mean Elev.(m), Avg Gradient(m/km), RMS Gradient(m/km) - ASTER GDEM
#   32.235   0.218   1.653 ;Mean Elev.(m), Avg Gradient(m/km), RMS Gradient(m/km) - GMTED2010 
   2 112.264880  30.284219    40.688    41.679  5 54668.99801141 29.096
   3 112.263257  30.284567    24.966    24.930  4 54678.91365537 22.934
   4 112.263559  30.284771    38.353    38.312  4 54688.82929817 32.482
   5 112.265686  30.283623    23.351    23.354  5 54698.74493876 18.469
   6 112.266998  30.281520    40.863    41.260  4 54708.66058154 31.578
   7 112.266268  30.282957     1.922     1.974  4 54718.57623314 14.453
   8 112.264197  30.283465    39.232    39.157  4 54728.49188204 29.761
   9 112.262062  30.285282    40.017    39.985  4 54738.40752990 29.789
  10 112.260843  30.287825    40.573    40.871  4 54748.32317801 29.091
  11 112.260317  30.289467    40.914    41.142  4 54758.23882574 28.775
  12 112.260275  30.287770    41.096    41.367  4 54768.15447069 32.025
  13 112.262131  30.286643    41.147    41.601  4 54778.07011250 27.642
  14 112.264075  30.286259    39.944    39.750  4 54787.98575190 28.732
  15 112.263999  30.284179    39.081    38.964  4 54797.90138948 28.564
  16 112.264974  30.283808    38.685    38.674  5 54807.81702721 33.961
  17 112.266565  30.282501    39.194    38.760  5 54817.73266422 30.930
  18 112.265261  30.282961    32.076    30.075  4 54827.64831416 38.462
  19 112.263386  30.285463    40.820    41.382  4 54837.56395337 28.661
  20 112.260544  30.288103    39.582    39.118  4 54847.47960300 29.890
  21 112.257743  30.288640    40.165    40.223  4 54857.39525187 28.055
  22 112.257176  30.290369    40.625    41.067  3 54867.31090133 25.963
  23 112.257367  30.289937    38.769    38.658  3 54877.22654983 31.035
  24 112.258400  30.288055    42.187    42.121  4 54887.14219504 26.351
  25 112.259047  30.287633    40.245    40.217  4 54897.05783700 29.116
  26 112.259755  30.289808    39.862    39.441  4 54906.97347659 30.282
  27 112.259839  30.289733    37.014    39.269  4 54916.88911422 33.727
  28 112.260905  30.288786    41.384    41.483  4 54926.80475151 30.212
  29 112.262606  30.285473    40.126    40.155  4 54936.72038774 26.045
  30 112.266062  30.283288    40.042    40.233  5 54946.63602250 31.847
  31 112.268297  30.278232    38.638    38.481  5 54956.55165454 32.225
  32 112.267461  30.280667    39.457    39.556  5 54966.46730342 30.382
  33 112.265423  30.282297    39.480    38.880  5 54976.38295132 30.621
  34 112.264439  30.285051   -13.234   -13.311  4 54986.29859963 13.053
  35 112.263260  30.284437    39.525    38.947  4 54996.21424738 27.168
  36 112.263047  30.285127    39.503    38.928  4 55006.12989383 27.605
  37 112.262468  30.286208    40.222    39.713  5 55016.04553799 30.408
  38 112.261015  30.286514    39.546    39.602  4 55025.96118035 28.761
  39 112.260412  30.287782    40.664    40.790  4 55035.87682233 31.263
  40 112.261585  30.287049    38.720    38.874  4 55045.79246320 32.609
  41 112.264207  30.283335    38.644    38.684  4 55055.70810178 32.672
  42 112.267427  30.280510    38.846    38.804  5 55065.62373834 27.399
  43 112.266638  30.282275    38.387    38.339  4 55075.53938699 28.293
  44 112.263511  30.284363    38.847    38.757  4 55085.45503502 26.626
  45 112.261481  30.287585    41.507    41.629  4 55095.37068202 26.809
  46 112.260225  30.287412    39.429    39.550  4 55105.28632831 30.234
  47 112.260799  30.287077    40.231    40.475  4 55115.20197451 28.310
  48 112.262026  30.285993    39.591    39.203  4 55125.11761821 26.906
  49 112.263120  30.285491    39.333    39.099  4 55135.03325924 28.618
  50 112.263389  30.285012    40.185    40.344  4 55144.94889786 27.250
  51 112.263668  30.285596    40.415    40.940  4 55154.86453576 27.203
  52 112.263819  30.284229    39.917    39.978  4 55164.78017345 29.750
  53 112.265525  30.283316    39.919    39.841  4 55174.69581113 28.565
  54 112.266958  30.281429    41.531    41.887  4 55184.61145045 23.583
  55 112.264917  30.283822    38.822    38.696  5 55194.52710184 30.727
  56 112.261348  30.286064    40.070    40.143  4 55204.44275194 29.102
  57 112.259280  30.289074    40.076    40.062  4 55214.35840183 27.983
  58 112.257783  30.288579    38.311    38.293  4 55224.27405066 29.685
  59 112.259076  30.288805    39.746    39.316  3 55234.18969817 27.330
  60 112.260677  30.286553    34.334    34.172  4 55244.10534187 31.234
  61 112.261764  30.287317    40.684    40.876  4 55254.02098293 30.881
  62 112.260395  30.287684    40.374    40.490  4 55263.93662148 31.116
  63 112.259785  30.288215    39.978    40.129  4 55273.85225898 27.555
  64 112.261229  30.286741    40.450    40.971  4 55283.76789574 27.682
  65 112.264676  30.283701    38.161    37.955  5 55293.68353093 31.898
  66 112.267603  30.280874    36.928    34.497  5 55303.59916724 31.824
  67 112.266822  30.281886    39.989    40.003  4 55313.51481461 27.940
  68 112.265490  30.284194    39.133    38.560  4 55323.43046030 30.058
  69 112.263942  30.285976    42.023    42.148  4 55333.34610480 27.212
  70 112.262444  30.285821    43.141    43.368  4 55343.26174884 26.832
  71 112.263245  30.286581    40.064    40.037  4 55353.17739289 26.928
  72 112.263595  30.285130    40.593    41.023  4 55363.09303423 26.362
  73 112.263616  30.284124    39.004    39.015  4 55373.00867363 27.229
  74 112.264210  30.284790    41.048    41.635  4 55382.92431191 26.571
  75 112.264702  30.284406    39.199    39.051  5 55392.83994907 30.860
  76 112.266715  30.282286    40.856    40.828  4 55402.75558442 32.158
  77 112.266588  30.282771    39.178    39.207  5 55412.67123591 33.391
  78 112.266248  30.282519    39.192    39.249  5 55422.58688480 29.675
  79 112.265454  30.283154    38.979    38.985  5 55432.50253130 29.898
  80 112.263178  30.285128    39.395    38.979  4 55442.41817626 27.044
  81 112.261591  30.287122    39.852    39.654  4 55452.33382000 30.551
  82 112.261317  30.286729    40.967    41.414  4 55462.24946267 27.915
  83 112.263535  30.285399    40.675    41.007  4 55472.16510368 26.743
  84 112.265564  30.282504    41.223    41.568  5 55482.08074146 29.984
  85 112.266851  30.280399    39.443    39.351  5 55491.99637694 27.395
  86 112.267740  30.280017    39.922    39.014  4 55501.91201075 27.064
  87 112.266140  30.282220    38.997    38.885  4 55511.82765563 30.322
  88 112.264093  30.284260    38.992    39.032  4 55521.74330523 28.671
  89 112.263420  30.285960    38.786    38.785  4 55531.65895362 30.112
  90 112.263377  30.286975    39.605    39.168  4 55541.57460042 27.047
  91 112.261735  30.285239    39.561    39.036  4 55551.49024459 28.365
  92 112.261685  30.288448    40.257    40.242  4 55561.40588862 28.623
  93 112.261060  30.288322    39.433    39.442  4 55571.32153130 30.771
  94 112.261031  30.285788    38.112    40.077  4 55581.23717249 30.073
  95 112.263786  30.284634    38.806    38.822  4 55591.15281109 27.343
  96 112.266585  30.281626    40.574    40.859  5 55601.06844601 24.395
  97 112.268763  30.279876    38.692    38.515  5 55610.98407872 30.592
  98 112.269324  30.277969    38.462    37.939  5 55620.89970993 31.253
  99 112.266023  30.281654    36.571    38.187  5 55630.81536281 33.796
 100 112.265347  30.284502    41.176    41.848  4 55640.73101370 30.057
 101 112.265300  30.283692    38.286    38.264  4 55650.64666133 31.852
 102 112.265692  30.282740    38.820    38.493  4 55660.56230546 28.214
 103 112.265308  30.282782    39.912    39.896  4 55670.47794647 28.813
 104 112.265075  30.284139    38.939    38.722  5 55680.39358618 29.363
 105 112.264877  30.283098    38.759    38.552  4 55690.30922372 27.454
 106 112.266542  30.282823    37.018    38.327  5 55700.22485999 32.318
 107 112.267140  30.281099    38.510    37.961  4 55710.14049930 29.018
 108 112.265858  30.283345    40.732    41.194  5 55720.05614988 27.638
 109 112.264436  30.285707    41.865    41.956  4 55729.97179810 29.334
 110 112.262309  30.284676    39.936    39.876  4 55739.88744406 29.704
 111 112.262375  30.285956    40.697    41.280  4 55749.80308936 29.051
 112 112.263728  30.286330    39.327    38.813  4 55759.71873218 29.357
 113 112.265127  30.284703    40.831    41.365  4 55769.63437182 30.264
 114 112.266171  30.281693    41.260    41.322  4 55779.55000797 28.468
 115 112.267904  30.280415    39.291    39.192  4 55789.46564218 26.685
 116 112.268759  30.278230    40.114    40.610  5 55799.38127520 25.801
 117 112.267531  30.280430    38.702    38.702  5 55809.29692254 27.620
 118 112.266769  30.282286    41.081    41.074  4 55819.21257219 24.626
 119 112.266989  30.281202    39.910    39.601  4 55829.12821696 25.701
 120 112.267654  30.279629    39.791    40.052  5 55839.04385716 28.902
 121 112.268487  30.280063    35.598    36.033  5 55848.95949453 32.783
 122 112.268860  30.280085    40.098    39.452  5 55858.87512949 27.697
 123 112.266765  30.282168    38.857    38.677  4 55868.79077770 28.766
 124 112.264942  30.283189    38.683    38.637  5 55878.70642900 30.228
 125 112.264999  30.283568    38.757    38.810  4 55888.62207376 28.503
 126 112.265468  30.282455    33.709    34.729  5 55898.53771263 33.408
 127 112.266801  30.280932    36.767    38.721  4 55908.45334671 35.198
 128 112.265038  30.283592    36.550    38.653  4 55918.36899619 33.783
 129 112.262888  30.284850    38.769    38.636  4 55928.28464967 28.316
 130 112.263226  30.286163    38.565    38.567  4 55938.20029988 29.961
 131 112.263694  30.285966    39.868    40.033  4 55948.11594483 29.808
 132 112.264046  30.285598    39.926    40.100  4 55958.03158507 28.030
 133 112.263681  30.284095    29.910    29.938  4 55967.94722230 42.225
 134 112.264563  30.283772    33.222    32.793  5 55977.86285876 37.667
 135 112.266644  30.282375    36.083    38.011  4 55987.77849436 32.109
 136 112.268553  30.280878    33.927    35.695  5 55997.69413345 34.758
 137 112.267031  30.280843    35.304    35.135  4 56007.60978419 34.442
 138 112.266106  30.282510    33.737    32.848  5 56017.52543126 36.034
 139 112.264550  30.285032    40.895    41.705  4 56027.44107572 28.590
 140 112.262354  30.284954    40.583    41.196  4 56037.35671820 26.937
 141 112.263241  30.285398    41.682    41.562  4 56047.27235916 27.929
 142 112.264748  30.283715    40.434    41.310  5 56057.18799695 28.695
 143 112.267761  30.281360    41.442    42.246  5 56067.10363037 27.176
 144 112.265710  30.282357    41.671    41.788  4 56077.01927918 26.289
 145 112.263507  30.285249    39.282    38.860  5 56086.93492828 28.470
 146 112.262411  30.286190    39.452    39.079  5 56096.85057449 28.491
 147 112.263472  30.286131    37.956    38.658  4 56106.76621849 34.386
 148 112.264584  30.282968    39.738    39.714  4 56116.68184747 27.492
 149 112.266811  30.281053    39.685    39.713  5 56126.59748473 35.229
 150 112.268861  30.280327    41.110    41.217  5 56136.51311847 33.498
 151 112.266937  30.280638    39.251    39.001  5 56146.42876230 29.773
 152 112.265599  30.284012    38.866    38.788  4 56156.34441264 29.669
 153 112.264384  30.284215    39.597    39.138  4 56166.26006151 27.768
 154 112.264814  30.284085    39.256    38.851  5 56176.17570814 29.367
 155 112.265931  30.283196    38.967    38.954  5 56186.09134968 29.383
 156 112.266525  30.282554    39.340    38.844  5 56196.00698732 28.623
 157 112.266588  30.282304    34.917    34.948  4 56205.92262180 38.349
 158 112.267014  30.281307    35.271    35.245  4 56215.83825447 48.274
 159 112.267126  30.279783    36.909    34.744  5 56225.75389344 29.782
 160 112.266518  30.282383    38.285    38.057  4 56235.66954898 32.807
 161 112.265591  30.283420    39.680    39.702  5 56245.58520039 28.972
 162 112.264483  30.284578    38.926    38.902  5 56255.50084688 29.270
 163 112.263359  30.285597    39.575    39.169  4 56265.41648962 28.035
 164 112.262618  30.285432    41.067    41.729  4 56275.33213062 28.265
 165 112.262649  30.285007    40.724    41.261  4 56285.24777664 25.111
 166 112.263497  30.285677    39.566    39.118  4 56295.16342787 27.698
 167 112.263521  30.284981    34.181    34.103  4 56305.07907451 34.334
 168 112.263402  30.286507    39.488    38.939  4 56314.99471776 29.659
 169 112.262468  30.287473    37.740    40.006  4 56324.91035861 31.320
 170 112.261635  30.285215    36.288    38.358  4 56334.82599784 32.179
 171 112.264111  30.284322    39.915    39.911  4 56344.74163670 28.693
 172 112.266838  30.281128    31.732    29.577  4 56354.65727281 32.298
 173 112.267160  30.281240    40.964    41.220  5 56364.57291730 24.924
 174 112.264802  30.283233    39.442    39.015  4 56374.48856624 28.636
 176 112.260415  30.287324    39.668    39.341  4 56394.31985683 29.111
 177 112.260664  30.286153    41.535    41.832  4 56404.23549886 28.227
 178 112.263350  30.285554    40.148    40.265  4 56414.15113821 27.433
 179 112.266545  30.282341    40.801    41.338  4 56424.06677207 29.244
 180 112.266119  30.283204    40.132    40.255  5 56433.98241747 29.833
 181 112.262507  30.285576    40.157    40.127  4 56443.89806955 28.596
 182 112.260467  30.287791    40.855    41.289  4 56453.81371910 30.542
 183 112.261052  30.288796    33.625    33.633  4 56463.72936586 42.038
 184 112.261635  30.285241    38.547    39.113  4 56473.64500832 31.935
 185 112.264359  30.284089    40.207    40.233  4 56483.56064814 28.472
 186 112.265515  30.282971    39.804    40.195  5 56493.47628470 33.381
 187 112.266286  30.282241    39.938    39.929  5 56503.39191925 30.930
 188 112.267504  30.279395    40.021    40.293  5 56513.30755198 27.316
 189 112.267046  30.280519    39.863    39.861  5 56523.22320189 27.368
 190 112.266258  30.281558    40.552    41.033  4 56533.13885442 28.400
 192 112.264265  30.284248    39.836    40.424  5 56552.97014818 29.336
 193 112.262303  30.285159    40.413    40.371  4 56562.88579079 30.517
 194 112.262503  30.287586    39.631    39.342  4 56572.80143254 29.630
 195 112.262879  30.284992    30.648    30.655  4 56582.71707123 39.285
 196 112.266867  30.282490    38.659    39.876  5 56592.63270584 32.504
 197 112.265679  30.282376    40.220    40.068  5 56602.54835677 29.577
 198 112.264392  30.284648    38.960    38.991  4 56612.46400650 29.414
 199 112.263152  30.286127    39.645    39.172  4 56622.37965195 28.284
 200 112.262612  30.286476    40.204    40.187  4 56632.29529443 26.210
 201 112.264430  30.284840    39.098    39.124  4 56642.21093246 27.559
 202 112.264529  30.284286    38.929    39.074  5 56652.12658228 29.133
 203 112.264157  30.284920    39.320    38.746  4 56662.04223241 29.469
 204 112.263106  30.285658    36.977    38.536  5 56671.95787928 32.718
 205 112.261185  30.285803    38.835    38.950  4 56681.87352398 30.046
 206 112.261300  30.286001    39.500    39.186  4 56691.78916674 27.182
 207 112.263943  30.285605    38.457    38.468  4 56701.70480571 30.449
 208 112.266612  30.281802    30.065    30.089  4 56711.62043912 34.736
 209 112.265895  30.282259   -19.136   -20.129  5 56721.53608392 11.690
 210 112.263369  30.286068    39.821    39.802  4 56731.45173602 25.771
 211 112.260349  30.287457    40.291    40.433  4 56741.36738407 28.156
 212 112.259991  30.288660    40.462    40.449  4 56751.28302812 26.059
 213 112.261957  30.287135    40.980    41.624  4 56761.19866674 29.516
 214 112.265667  30.283651    41.082    41.406  4 56771.11429841 27.019
 215 112.262982  30.284145    41.161    41.542  4 56781.02995275 27.045
 216 112.260964  30.287740    41.172    41.411  4 56790.94560792 31.298
 217 112.258260  30.289700    32.879    32.836  4 56800.86125945 51.155
 218 112.257489  30.289106    39.480    38.977  4 56810.77690361 28.372
 219 112.259606  30.288782    37.519    38.261  4 56820.69254337 32.797
 220 112.263009  30.286714   -16.798   -16.906  4 56830.60817892 14.116
 221 112.266348  30.282968    38.449    38.461  5 56840.52381100 29.870
 222 112.267760  30.280353    40.028    40.206  5 56850.43944599 28.339
 223 112.264919  30.283802    38.491    38.436  5 56860.35510106 32.569
 224 112.263143  30.287035    37.799    38.324  4 56870.27075552 30.838
 225 112.262051  30.287981    39.439    39.064  4 56880.18640695 27.307
 226 112.261118  30.287460    40.427    40.455  4 56890.10205446 29.027
 227 112.260490  30.288309    40.886    41.085  4 56900.01769931 28.629
 228 112.259371  30.289994    41.630    41.519  4 56909.93334195 29.785
 229 112.258676  30.289330    41.489    41.549  4 56919.84898232 29.385
 230 112.260229  30.288067    39.111    39.176  4 56929.76462059 31.302
 231 112.263354  30.284786    38.034    37.875  4 56939.68025392 31.168
 232 112.265942  30.282135    38.632    38.809  4 56949.59589029 27.247
 233 112.264805  30.285250    41.645    41.633  4 56959.51154313 29.503
 234 112.263225  30.286964    41.426    41.409  4 56969.42719075 27.428
 235 112.262762  30.286850    40.058    40.015  4 56979.34283439 25.945
 236 112.264101  30.285660    40.901    41.220  4 56989.25847364 28.868
 237 112.266933  30.281438    41.144    42.109  5 56999.17410616 26.724
 238 112.265792  30.282283    38.476    38.506  5 57009.08975846 27.938
 239 112.264279  30.284268    38.737    38.718  4 57019.00541159 27.185
 240 112.263176  30.286601    38.810    38.699  4 57028.92106146 28.020
 241 112.261693  30.286696    34.220    34.216  4 57038.83670895 32.101
 242 112.261285  30.285681    38.563    41.202  4 57048.75235387 31.467
 243 112.263376  30.285435    38.795    38.408  5 57058.66799526 30.229
 244 112.265231  30.283291    38.377    38.597  4 57068.58363065 29.210
 245 112.266316  30.281023    39.967    40.027  5 57078.49926184 28.673
 246 112.266980  30.280956    41.734    42.242  4 57088.41489696 23.600
 247 112.263272  30.285285    41.794    41.782  4 57098.33055615 28.912
 248 112.261107  30.287263    39.967    39.924  4 57108.24621210 29.769
 249 112.260756  30.286040    41.797    41.811  4 57118.16186242 27.815
 250 112.262199  30.286926    30.512    30.525  4 57128.07750708 45.418
 251 112.263025  30.286836    39.729    39.541  4 57137.99314582 27.676
 252 112.264257  30.285846    39.357    38.789  4 57147.90878035 29.042
 253 112.265784  30.281722    38.797    38.758  5 57157.82441160 31.689
 254 112.266673  30.282350    35.436    35.207  4 57167.74005817 33.257
 255 112.265074  30.283353    31.411    31.415  4 57177.65571407 45.345
 256 112.264168  30.284646    41.709    41.874  4 57187.57136609 27.434
 257 112.263683  30.286584    41.110    41.110  4 57197.48701434 27.264
 258 112.262537  30.287136    41.412    41.487  4 57207.40264886 24.967
 259 112.261721  30.286554    40.565    41.035  4 57217.31829366 26.832
 260 112.262404  30.285619    41.054    41.482  4 57227.23393752 28.414
 261 112.263836  30.284545    39.703    39.427  4 57237.14957930 28.997
 262 112.265241  30.283618    39.215    39.231  4 57247.06521761 27.471
 263 112.265899  30.283052    40.014    40.677  5 57256.98085318 29.714
 264 112.265950  30.282102    39.035    38.759  5 57266.89648724 28.321
 265 112.265716  30.283971    37.075    36.603  4 57276.81213319 34.739
 266 112.263993  30.284601    37.995    38.327  5 57286.72778955 31.803
 267 112.263410  30.285115    39.433    38.937  4 57296.64344311 27.017
 268 112.262569  30.284765    39.897    39.815  4 57306.55909297 26.081
 269 112.261244  30.286362    38.565    38.531  4 57316.47473954 28.636
 270 112.259975  30.288297    41.308    41.327  4 57326.39038318 26.845
 271 112.260480  30.288862    41.832    41.881  4 57336.30602479 27.883
 272 112.260383  30.287491    41.309    41.252  4 57346.22167207 28.979
 273 112.261129  30.286762    40.697    41.211  4 57356.13731969 27.284
 274 112.261657  30.285199    40.417    41.035  4 57366.05296338 28.731
 275 112.262543  30.285497    39.488    39.061  4 57375.96860392 27.759
 276 112.263698  30.286164    39.728    39.343  4 57385.88424244 28.550
 277 112.264598  30.283870    39.261    38.979  5 57395.79987962 30.956
 278 112.267020  30.281598    39.699    39.678  5 57405.71551591 28.354
 279 112.266649  30.281459    39.853    39.380  5 57415.63116487 28.292
 280 112.264958  30.283089    40.528    40.512  5 57425.54681615 27.925
 281 112.262204  30.285499    39.885    39.948  4 57435.46246472 27.717
 282 112.260153  30.288115    40.386    41.148  5 57445.37811185 29.531
 283 112.259012  30.288040    41.706    41.756  4 57455.29375784 27.622
 284 112.261320  30.288716    40.715    40.923  4 57465.20940229 30.220
 285 112.264296  30.285429    40.544    41.254  4 57475.12504217 27.545
 286 112.266182  30.281944    40.030    40.017  5 57485.04067830 32.633
 287 112.266938  30.280227    40.884    41.101  5 57494.95631173 27.937
 288 112.267809  30.278841    39.249    39.115  5 57504.87194325 29.564
 289 112.265251  30.283375    40.078    39.986  4 57514.78759995 27.930
 290 112.264386  30.284295    40.754    41.148  5 57524.70325380 28.943
 291 112.264640  30.283978    40.130    40.341  5 57534.61890523 31.357
 292 112.264375  30.284149    40.187    40.959  5 57544.53455381 28.791
 293 112.262937  30.284608    40.454    40.914  4 57554.45020026 25.093
 294 112.262137  30.286502    43.509    43.793  4 57564.36584577 26.208
 295 112.261670  30.286797    41.282    41.229  5 57574.28149050 30.090
 296 112.261681  30.285213    41.794    41.762  4 57584.19713449 27.891
 297 112.262996  30.284708    40.669    40.648  4 57594.11277678 29.022
