#  165.871 -14.649  41.253 ;Mean Elev.(m), Avg Gradient(m/km), RMS Gradient(m/km) - SRTM1     
#  204.421 -13.677  39.959 ;Mean Elev.(m), Avg Gradient(m/km), RMS Gradient(m/km) - ASTER GDEM
#  171.665 -14.187  41.410 ;Mean Elev.(m), Avg Gradient(m/km), RMS Gradient(m/km) - GMTED2010 
   9   498.233 54742.80457560  0.13 106.468827  29.395474  2.494 -100.00 -100.00 -100.00
   9   498.873 54742.80457619  0.17 106.470066  29.393057  2.261 -100.00 -100.00 -100.00
   9   499.617 54742.80457678  0.16 106.471305  29.390641  2.443 -100.00 -100.00 -100.00
  10   496.743 54752.72022211  0.20 106.468916  29.394441  2.460 -100.00 -100.00 -100.00
  10   497.232 54752.72022270  0.11 106.470154  29.392025  2.438 -100.00 -100.00 -100.00
  10   497.872 54752.72022329  0.65 106.471393  29.389608  2.795 -100.00 -100.00 -100.00
  12   499.460 54772.55151123  0.94 106.469938  29.395361  3.131 -100.00 -100.00 -100.00
  12   500.153 54772.55151182  0.61 106.471177  29.392944  2.329 -100.00 -100.00 -100.00
  12   501.415 54772.55151241  1.54 106.472416  29.390528  3.164 -100.00 -100.00 -100.00
  14   502.902 54792.38279043  0.02 106.471998  29.394774  2.837 -100.00 -100.00 -100.00
  14   504.300 54792.38279102  0.34 106.473237  29.392357  2.544 -100.00 -100.00 -100.00
  19   501.811 54841.96099942  0.18 106.472883  29.395915  2.668 -100.00 -100.00 -100.00
  19   503.007 54841.96100001  0.51 106.474122  29.393499  2.726 -100.00 -100.00 -100.00
  20   402.914 54851.87664836  5.13 106.470403  29.395774  3.261 -100.00 -100.00 -100.00
  20   407.181 54851.87664895  5.57 106.471642  29.393358  3.085 -100.00 -100.00 -100.00
  20   409.874 54851.87664954  6.89 106.472880  29.390942  4.340 -100.00 -100.00 -100.00
  21   406.961 54861.79229704  4.38 106.469750  29.395033  3.837 -100.00 -100.00 -100.00
  21   410.800 54861.79229763  5.46 106.470988  29.392617  3.757 -100.00 -100.00 -100.00
  21   415.051 54861.79229822  5.84 106.472227  29.390201  3.999 -100.00 -100.00 -100.00
  22   397.068 54871.70794508  3.91 106.468715  29.396537  2.931 -100.00 -100.00 -100.00
  22   401.374 54871.70794567  4.35 106.469953  29.394121  2.476 -100.00 -100.00 -100.00
  22   405.551 54871.70794626  5.68 106.471192  29.391705  2.898 -100.00 -100.00 -100.00
  22   409.289 54871.70794685  5.92 106.472430  29.389288  3.103 -100.00 -100.00 -100.00
  23   405.315 54881.62359197  4.21 106.469209  29.395484  2.699 -100.00 -100.00 -100.00
  23   409.326 54881.62359256  5.01 106.470447  29.393068  3.553 -100.00 -100.00 -100.00
  23   413.076 54881.62359315  4.70 106.471686  29.390652  3.096 -100.00 -100.00 -100.00
  24   409.907 54891.53923549  4.36 106.469223  29.394582  2.364 -100.00 -100.00 -100.00
  24   413.699 54891.53923608  5.44 106.470461  29.392166  3.531 -100.00 -100.00 -100.00
  24   417.566 54891.53923667  5.24 106.471700  29.389749  2.788 -100.00 -100.00 -100.00
  25   333.752 54901.45487553  5.49 106.466907  29.396059  2.179 -100.00 -100.00 -100.00
  25   335.787 54901.45487612  5.16 106.468146  29.393643  2.543 -100.00 -100.00 -100.00
  25   328.479 54901.45487671  5.35 106.469385  29.391227  3.259 -100.00 -100.00 -100.00
  25   335.200 54901.45487730  4.99 106.470623  29.388811  2.943 -100.00 -100.00 -100.00
  26   331.929 54911.37051510  5.61 106.467352  29.393648  2.966 -100.00 -100.00 -100.00
  26   329.450 54911.37051569  5.99 106.468591  29.391232  3.341 -100.00 -100.00 -100.00
  26   335.318 54911.37051628  5.42 106.469829  29.388816  2.528 -100.00 -100.00 -100.00
  27   336.336 54921.28615304  7.04 106.467785  29.394833  2.666 -100.00 -100.00 -100.00
  27   335.696 54921.28615363  6.76 106.469023  29.392416  2.935 -100.00 -100.00 -100.00
  27   335.081 54921.28615422  6.77 106.470262  29.390000  3.198 -100.00 -100.00 -100.00
  28   409.457 54931.20179096  5.82 106.470843  29.394928  3.292 -100.00 -100.00 -100.00
  28   413.262 54931.20179155  5.29 106.472082  29.392511  2.955 -100.00 -100.00 -100.00
  28   417.179 54931.20179214  5.93 106.473320  29.390095  3.505 -100.00 -100.00 -100.00
  29   351.004 54941.11742763  6.02 106.474744  29.394716  3.938 -100.00 -100.00 -100.00
  29   351.531 54941.11742822  5.11 106.475983  29.392300  3.185 -100.00 -100.00 -100.00
  31   503.468 54960.94870284  0.15 106.476186  29.397036  2.940 -100.00 -100.00 -100.00
  31   504.898 54960.94870343  0.23 106.477425  29.394620  2.281 -100.00 -100.00 -100.00
  36   355.429 55010.52693691  9.91 106.473277  29.395571  7.588 -100.00 -100.00 -100.00
  36   355.680 55010.52693750  8.70 106.474516  29.393155  5.674 -100.00 -100.00 -100.00
  38   355.588 55030.35822265  3.99 106.473407  29.394987  3.711 -100.00 -100.00 -100.00
  38   355.948 55030.35822324  4.25 106.474646  29.392570  4.255 -100.00 -100.00 -100.00
  39   494.812 55040.27386451  1.55 106.474408  29.395231  4.469 -100.00 -100.00 -100.00
  39   496.016 55040.27386510  0.84 106.475647  29.392814  4.187 -100.00 -100.00 -100.00
  43   359.738 55079.93643394  4.14 106.473605  29.395442  4.067 -100.00 -100.00 -100.00
  43   360.125 55079.93643453  5.18 106.474844  29.393025  5.846 -100.00 -100.00 -100.00
  44   411.062 55089.85208066  2.55 106.469288  29.396810  2.662 -100.00 -100.00 -100.00
  44   414.764 55089.85208125  2.22 106.470528  29.394394  2.606 -100.00 -100.00 -100.00
  44   418.459 55089.85208184  2.85 106.471767  29.391977  2.955 -100.00 -100.00 -100.00
  44   421.957 55089.85208243  3.42 106.473005  29.389561  4.098 -100.00 -100.00 -100.00
  45   403.929 55099.76772673  4.34 106.468251  29.396336  3.937 -100.00 -100.00 -100.00
  45   408.537 55099.76772732  3.86 106.469490  29.393920  2.734 -100.00 -100.00 -100.00
  45   412.638 55099.76772791  4.35 106.470729  29.391503  2.853 -100.00 -100.00 -100.00
  45   416.559 55099.76772850  4.76 106.471968  29.389087  3.875 -100.00 -100.00 -100.00
  46   413.010 55109.68337263  3.63 106.469872  29.394818  2.748 -100.00 -100.00 -100.00
  46   417.074 55109.68337322  3.96 106.471111  29.392401  2.700 -100.00 -100.00 -100.00
  46   418.131 55109.68337381  4.90 106.472350  29.389985  3.380 -100.00 -100.00 -100.00
  47   416.505 55119.59901626  3.47 106.470247  29.396628  2.346 -100.00 -100.00 -100.00
  47   420.331 55119.59901685  3.32 106.471486  29.394211  2.555 -100.00 -100.00 -100.00
  47   423.787 55119.59901744  4.26 106.472724  29.391795  3.065 -100.00 -100.00 -100.00
  48   413.598 55129.51465786  4.43 106.470656  29.396060  2.399 -100.00 -100.00 -100.00
  48   417.564 55129.51465845  5.54 106.471895  29.393644  2.790 -100.00 -100.00 -100.00
  48   421.380 55129.51465904  5.71 106.473134  29.391227  2.965 -100.00 -100.00 -100.00
  49   414.363 55139.43029769  4.30 106.470533  29.394593  3.141 -100.00 -100.00 -100.00
  49   417.105 55139.43029828  5.58 106.471773  29.392176  4.931 -100.00 -100.00 -100.00
  49   417.473 55139.43029887  6.01 106.473012  29.389760  4.301 -100.00 -100.00 -100.00
  50   412.180 55149.34593589  3.62 106.470042  29.396470  2.743 -100.00 -100.00 -100.00
  50   416.038 55149.34593648  4.35 106.471281  29.394053  3.472 -100.00 -100.00 -100.00
  50   417.828 55149.34593707  4.92 106.472521  29.391637  3.300 -100.00 -100.00 -100.00
  55   420.868 55198.92414834  3.97 106.474413  29.394922  3.626 -100.00 -100.00 -100.00
  55   418.317 55198.92414893  6.05 106.475652  29.392506  4.499 -100.00 -100.00 -100.00
  56   415.413 55208.83979781  4.03 106.471606  29.395484  2.406 -100.00 -100.00 -100.00
  56   417.968 55208.83979840  5.41 106.472845  29.393067  3.244 -100.00 -100.00 -100.00
  56   418.784 55208.83979899  6.01 106.474084  29.390651  3.622 -100.00 -100.00 -100.00
  57   413.795 55218.75544679  4.67 106.471129  29.396174  2.461 -100.00 -100.00 -100.00
  57   417.888 55218.75544738  5.48 106.472368  29.393757  3.456 -100.00 -100.00 -100.00
  57   418.463 55218.75544797  6.84 106.473606  29.391341  4.294 -100.00 -100.00 -100.00
  58   417.818 55228.67109539  3.94 106.471766  29.394506  3.266 -100.00 -100.00 -100.00
  58   417.910 55228.67109598  5.50 106.473005  29.392090  3.935 -100.00 -100.00 -100.00
  59   360.457 55238.58674023  5.63 106.470579  29.395427  3.514 -100.00 -100.00 -100.00
  59   361.633 55238.58674082  5.24 106.471818  29.393010  3.472 -100.00 -100.00 -100.00
  59   361.948 55238.58674141  5.09 106.473057  29.390594  3.718 -100.00 -100.00 -100.00
  60   411.650 55248.50238142  3.64 106.468457  29.396253  2.679 -100.00 -100.00 -100.00
  60   415.305 55248.50238201  4.68 106.469696  29.393837  3.521 -100.00 -100.00 -100.00
  60   417.934 55248.50238260  4.99 106.470935  29.391420  3.109 -100.00 -100.00 -100.00
  60   418.448 55248.50238319  5.58 106.472174  29.389004  3.603 -100.00 -100.00 -100.00
  61   499.827 55258.41802098  2.44 106.467339  29.394612  4.291 -100.00 -100.00 -100.00
  61   497.465 55258.41802157  4.81 106.468578  29.392195  5.594 -100.00 -100.00 -100.00
  61   499.937 55258.41802216  4.52 106.469817  29.389779  4.885 -100.00 -100.00 -100.00
  62   487.815 55268.33365976  3.99 106.467252  29.394762  5.540 -100.00 -100.00 -100.00
  62   474.487 55268.33366035  4.95 106.468491  29.392346  6.183 -100.00 -100.00 -100.00
  62   498.674 55268.33366094  4.22 106.469730  29.389930  4.899 -100.00 -100.00 -100.00
  63   379.021 55278.24929807  4.42 106.468344  29.396998  4.391 -100.00 -100.00 -100.00
  63   381.553 55278.24929866  4.82 106.469583  29.394582  5.822 -100.00 -100.00 -100.00
  63   385.063 55278.24929925  3.30 106.470822  29.392166  3.249 -100.00 -100.00 -100.00
  63   388.132 55278.24929984  4.20 106.472061  29.389750  3.371 -100.00 -100.00 -100.00
  64   420.303 55288.16493632  4.70 106.473022  29.395251  2.754 -100.00 -100.00 -100.00
  64   424.121 55288.16493691  5.35 106.474261  29.392835  3.110 -100.00 -100.00 -100.00
  65   504.152 55298.08057147  0.23 106.476446  29.396505  2.657 -100.00 -100.00 -100.00
  65   504.901 55298.08057206  1.86 106.477685  29.394089  3.674 -100.00 -100.00 -100.00
  66   500.482 55307.99621425  1.46 106.475614  29.396558  2.329 -100.00 -100.00 -100.00
  66   501.686 55307.99621484  1.97 106.476853  29.394142  2.423 -100.00 -100.00 -100.00
  67   505.951 55317.91186061  0.41 106.472483  29.395888  4.001 -100.00 -100.00 -100.00
  67   506.912 55317.91186120  0.52 106.473722  29.393472  3.662 -100.00 -100.00 -100.00
  68   507.012 55327.82750639  0.27 106.472246  29.392585  2.744 -100.00 -100.00 -100.00
  68   508.301 55327.82750698  0.75 106.473485  29.390169  2.783 -100.00 -100.00 -100.00
  69   502.506 55337.74314999  0.47 106.471771  29.395360  2.273 -100.00 -100.00 -100.00
  69   503.622 55337.74315058  0.90 106.473009  29.392944  2.315 -100.00 -100.00 -100.00
  69   505.198 55337.74315117  1.58 106.474248  29.390528  2.686 -100.00 -100.00 -100.00
  70   412.594 55347.65879399  5.17 106.474391  29.394830  3.006 -100.00 -100.00 -100.00
  70   416.330 55347.65879458  5.36 106.475630  29.392413  2.474 -100.00 -100.00 -100.00
  71   503.406 55357.57443569  0.75 106.475054  29.396526  2.613 -100.00 -100.00 -100.00
  71   504.553 55357.57443628  0.40 106.476293  29.394110  2.323 -100.00 -100.00 -100.00
  72   419.137 55367.49007578  4.16 106.475216  29.395978  2.834 -100.00 -100.00 -100.00
  72   422.400 55367.49007637  4.38 106.476455  29.393561  2.888 -100.00 -100.00 -100.00
  79   419.466 55436.89957648  1.83 106.469893  29.396532  2.174 -100.00 -100.00 -100.00
  79   423.364 55436.89957707  1.93 106.471132  29.394116  2.919 -100.00 -100.00 -100.00
  79   426.511 55436.89957766  2.93 106.472371  29.391700  3.671 -100.00 -100.00 -100.00
  80   495.357 55446.81522097  0.54 106.470865  29.391765  4.174 -100.00 -100.00 -100.00
  80   495.600 55446.81522156  0.02 106.472104  29.389348  3.105 -100.00 -100.00 -100.00
  81   428.105 55456.73086317  2.83 106.470251  29.394732  3.860 -100.00 -100.00 -100.00
  81   430.243 55456.73086376  2.54 106.471490  29.392316  3.316 -100.00 -100.00 -100.00
  81   433.497 55456.73086435  2.34 106.472729  29.389899  3.291 -100.00 -100.00 -100.00
  87   503.050 55516.22470040  0.13 106.475885  29.396395  3.211 -100.00 -100.00 -100.00
  87   504.276 55516.22470099  0.34 106.477124  29.393978  2.706 -100.00 -100.00 -100.00
  90   501.894 55545.97164438  0.53 106.474683  29.394819  2.335 -100.00 -100.00 -100.00
  90   502.435 55545.97164497  0.83 106.475921  29.392403  2.373 -100.00 -100.00 -100.00
 101   502.337 55655.04370711  0.41 106.474560  29.395719  2.528 -100.00 -100.00 -100.00
 101   503.320 55655.04370770  0.37 106.475799  29.393303  2.307 -100.00 -100.00 -100.00
 109   419.196 55734.36884221  2.80 106.475439  29.396054  2.123 -100.00 -100.00 -100.00
 109   423.080 55734.36884280  3.14 106.476678  29.393638  2.451 -100.00 -100.00 -100.00
 114   423.293 55783.94705012  0.95 106.475457  29.396255  2.653 -100.00 -100.00 -100.00
 114   426.408 55783.94705071  1.07 106.476696  29.393839  2.579 -100.00 -100.00 -100.00
 130   501.845 55942.59734221  0.27 106.474130  29.394548  3.394 -100.00 -100.00 -100.00
 130   502.066 55942.59734280  0.99 106.475369  29.392132  3.935 -100.00 -100.00 -100.00
 133   331.973 55972.34426108  5.46 106.472391  29.396143  3.282 -100.00 -100.00 -100.00
 133   343.109 55972.34426167  4.64 106.473630  29.393727  3.633 -100.00 -100.00 -100.00
 133   344.890 55972.34426226  4.17 106.474869  29.391311  3.333 -100.00 -100.00 -100.00
 137   387.346 56012.00683117  2.52 106.475461  29.395768  3.841 -100.00 -100.00 -100.00
 137   389.564 56012.00683176  2.44 106.476700  29.393352  3.360 -100.00 -100.00 -100.00
 139   424.002 56031.83812080  2.42 106.471579  29.395425  2.480 -100.00 -100.00 -100.00
 139   424.754 56031.83812139  4.62 106.472817  29.393009  4.474 -100.00 -100.00 -100.00
 139   430.285 56031.83812198  3.26 106.474056  29.390593  3.273 -100.00 -100.00 -100.00
 140   421.031 56041.75376195  3.49 106.473079  29.395898  2.226 -100.00 -100.00 -100.00
 140   424.895 56041.75376255  3.67 106.474318  29.393482  2.690 -100.00 -100.00 -100.00
 141   326.150 56051.66940084  6.89 106.475993  29.395879  3.208 -100.00 -100.00 -100.00
 141   330.219 56051.66940143  6.14 106.477232  29.393463  2.785 -100.00 -100.00 -100.00
 146   350.548 56101.24761879  4.93 106.474961  29.395942  3.629 -100.00 -100.00 -100.00
 146   354.220 56101.24761938  3.51 106.476200  29.393525  2.900 -100.00 -100.00 -100.00
 152   508.110 56160.74145998  0.38 106.474580  29.396300  2.954 -100.00 -100.00 -100.00
 152   510.174 56160.74146057  0.32 106.475819  29.393883  2.564 -100.00 -100.00 -100.00
 161   340.298 56249.98224554  5.75 106.476284  29.397110  2.349 -100.00 -100.00 -100.00
 161   343.395 56249.98224613  5.80 106.477523  29.394694  3.362 -100.00 -100.00 -100.00
 166   485.380 56299.56047128  0.33 106.473781  29.393980  2.457 -100.00 -100.00 -100.00
 166   485.664 56299.56047187  0.86 106.475020  29.391563  2.534 -100.00 -100.00 -100.00
 167   478.894 56309.47611482  1.21 106.470827  29.395449  3.509 -100.00 -100.00 -100.00
 167   479.502 56309.47611541  0.46 106.472066  29.393033  2.572 -100.00 -100.00 -100.00
 167   479.904 56309.47611600  1.16 106.473305  29.390616  2.822 -100.00 -100.00 -100.00
 170   474.558 56339.22303876  2.52 106.473434  29.396070  4.185 -100.00 -100.00 -100.00
 170   474.922 56339.22303936  1.08 106.474673  29.393654  2.591 -100.00 -100.00 -100.00
 184   433.881 56478.04205198  3.12 106.471260  29.396443  2.225 -100.00 -100.00 -100.00
 184   436.214 56478.04205257  2.92 106.472499  29.394027  2.424 -100.00 -100.00 -100.00
 184   440.099 56478.04205316  2.79 106.473738  29.391611  2.701 -100.00 -100.00 -100.00
 186   350.776 56497.87332567  4.39 106.473563  29.395486  3.538 -100.00 -100.00 -100.00
 186   353.389 56497.87332626  3.55 106.474802  29.393070  2.608 -100.00 -100.00 -100.00
 203   448.036 56666.43927484  1.73 106.471875  29.395103  2.113 -100.00 -100.00 -100.00
 203   451.364 56666.43927543  1.37 106.473114  29.392687  2.423 -100.00 -100.00 -100.00
 205   425.988 56686.27056478  2.35 106.471203  29.394698  2.952 -100.00 -100.00 -100.00
 205   429.440 56686.27056537  2.26 106.472442  29.392282  2.712 -100.00 -100.00 -100.00
 206   492.114 56696.18620746  1.00 106.473265  29.395427  2.787 -100.00 -100.00 -100.00
 206   492.051 56696.18620805  1.10 106.474504  29.393010  3.000 -100.00 -100.00 -100.00
 210   499.388 56735.84878173  2.70 106.469797  29.396554  2.763 -100.00 -100.00 -100.00
 210   499.169 56735.84878232  2.25 106.471035  29.394138  2.763 -100.00 -100.00 -100.00
 210   499.471 56735.84878291  2.33 106.472274  29.391722  2.562 -100.00 -100.00 -100.00
 211   498.630 56745.76442799  1.96 106.470095  29.394936  3.595 -100.00 -100.00 -100.00
 211   498.456 56745.76442858  2.13 106.471333  29.392520  3.400 -100.00 -100.00 -100.00
 211   498.593 56745.76442917  2.19 106.472572  29.390104  3.103 -100.00 -100.00 -100.00
 212   429.042 56755.68006976  2.57 106.473350  29.395108  2.783 -100.00 -100.00 -100.00
 212   432.573 56755.68007036  2.90 106.474589  29.392691  2.928 -100.00 -100.00 -100.00
 215   489.738 56785.42700110  1.26 106.474362  29.395319  3.315 -100.00 -100.00 -100.00
 215   489.677 56785.42700169  1.70 106.475601  29.392903  3.838 -100.00 -100.00 -100.00
 216   506.366 56795.34265451  0.36 106.470910  29.391959  3.498 -100.00 -100.00 -100.00
 216   507.393 56795.34265510  2.55 106.472148  29.389542  5.245 -100.00 -100.00 -100.00
 217   420.011 56805.25830292  2.90 106.467277  29.394091  2.405 -100.00 -100.00 -100.00
 217   423.960 56805.25830351  3.21 106.468515  29.391675  2.689 -100.00 -100.00 -100.00
 217   427.275 56805.25830410  3.41 106.469754  29.389259  3.067 -100.00 -100.00 -100.00
 218   447.380 56815.17394533  9.64 106.468445  29.394770 13.339 -100.00 -100.00 -100.00
 218   447.987 56815.17394592 15.07 106.469684  29.392353 25.961 -100.00 -100.00 -100.00
 218   449.359 56815.17394651 15.69 106.470922  29.389937 30.823 -100.00 -100.00 -100.00
 219   477.460 56825.08958448  3.16 106.470681  29.394882  3.923 -100.00 -100.00 -100.00
 219   476.211 56825.08958507  2.51 106.471920  29.392465  4.489 -100.00 -100.00 -100.00
 219   474.158 56825.08958566  2.10 106.473159  29.390049  3.503 -100.00 -100.00 -100.00
 224   452.050 56874.66780253  0.00 106.472605  29.394815  2.547 -100.00 -100.00 -100.00
 224   455.772 56874.66780312  0.06 106.473844  29.392399  3.795 -100.00 -100.00 -100.00
 226   494.391 56894.49909797  0.68 106.470854  29.394225  5.290 -100.00 -100.00 -100.00
 226   497.488 56894.49909856  0.08 106.472093  29.391808  4.500 -100.00 -100.00 -100.00
 227   430.018 56904.41474049  2.61 106.468609  29.396311  1.940 -100.00 -100.00 -100.00
 227   433.719 56904.41474108  3.03 106.469848  29.393894  2.593 -100.00 -100.00 -100.00
 227   437.455 56904.41474167  3.29 106.471087  29.391478  3.315 -100.00 -100.00 -100.00
 227   440.286 56904.41474226  2.71 106.472326  29.389061  3.146 -100.00 -100.00 -100.00
 228   498.585 56914.33038218  0.04 106.468953  29.394619  2.936 -100.00 -100.00 -100.00
 228   499.038 56914.33038336  0.19 106.471430  29.389786  2.892 -100.00 -100.00 -100.00
 229   429.496 56924.24602206  2.43 106.470831  29.394856  2.108 -100.00 -100.00 -100.00
 229   432.751 56924.24602265  2.73 106.472069  29.392439  2.712 -100.00 -100.00 -100.00
 229   435.838 56924.24602325  3.21 106.473308  29.390023  3.225 -100.00 -100.00 -100.00
 230   448.623 56934.16165937 11.78 106.474539  29.396058 15.106 -100.00 -100.00 -100.00
 230   450.175 56934.16165996 10.95 106.475778  29.393642 10.380 -100.00 -100.00 -100.00
 233   500.947 56963.90858987  0.15 106.475294  29.395769  2.890 -100.00 -100.00 -100.00
 233   500.713 56963.90859046  0.10 106.476533  29.393353  2.369 -100.00 -100.00 -100.00
 234   494.481 56973.82423538  2.84 106.473814  29.394062  3.645 -100.00 -100.00 -100.00
 234   494.338 56973.82423597  2.81 106.475053  29.391646  3.280 -100.00 -100.00 -100.00
 239   435.401 57023.40245612  1.82 106.472480  29.394960  2.258 -100.00 -100.00 -100.00
 239   438.815 57023.40245671  1.94 106.473719  29.392544  2.766 -100.00 -100.00 -100.00
 240   516.939 57033.31810538  0.33 106.472680  29.392844  3.508 -100.00 -100.00 -100.00
 240   520.403 57033.31810598  0.37 106.473918  29.390428  3.642 -100.00 -100.00 -100.00
 242   494.479 57053.14939616  0.72 106.473944  29.394822  2.529 -100.00 -100.00 -100.00
 242   494.031 57053.14939675  1.36 106.475183  29.392406  3.424 -100.00 -100.00 -100.00
 244   343.816 57072.98067050  5.98 106.476066  29.396728  3.509 -100.00 -100.00 -100.00
 244   343.037 57072.98067109  5.96 106.477305  29.394312  3.793 -100.00 -100.00 -100.00
 247   343.784 57102.72760589  5.72 106.475616  29.396088  2.738 -100.00 -100.00 -100.00
 247   345.225 57102.72760648  5.50 106.476854  29.393672  3.030 -100.00 -100.00 -100.00
 248   343.660 57112.64325909  5.81 106.474744  29.395164  3.073 -100.00 -100.00 -100.00
 248   343.609 57112.64325968  5.54 106.475982  29.392748  3.353 -100.00 -100.00 -100.00
 250   342.370 57132.47454760  5.59 106.473565  29.395854  3.231 -100.00 -100.00 -100.00
 250   350.642 57132.47454819  4.97 106.474804  29.393438  3.183 -100.00 -100.00 -100.00
 256   477.092 57191.96841352  0.77 106.471609  29.394779  2.216 -100.00 -100.00 -100.00
 256   477.143 57191.96841411  1.00 106.472848  29.392363  2.881 -100.00 -100.00 -100.00
 257   421.284 57201.88406055  1.96 106.468999  29.396741  2.262 -100.00 -100.00 -100.00
 257   425.076 57201.88406114  1.52 106.470237  29.394325  2.322 -100.00 -100.00 -100.00
 257   428.282 57201.88406173  2.03 106.471476  29.391908  3.402 -100.00 -100.00 -100.00
 257   431.599 57201.88406232  1.67 106.472715  29.389492  3.171 -100.00 -100.00 -100.00
 267   497.691 57301.04049002  1.13 106.475390  29.395998  2.602 -100.00 -100.00 -100.00
 267   497.794 57301.04049061  1.04 106.476629  29.393582  2.472 -100.00 -100.00 -100.00
 268   360.371 57310.95613868  4.08 106.472977  29.394571  4.011 -100.00 -100.00 -100.00
 268   362.916 57310.95613927  3.56 106.474216  29.392154  3.184 -100.00 -100.00 -100.00
 269   423.192 57320.87178309  1.98 106.469555  29.396440  2.321 -100.00 -100.00 -100.00
 269   426.693 57320.87178368  1.28 106.470794  29.394024  2.230 -100.00 -100.00 -100.00
 269   430.139 57320.87178427  2.17 106.472033  29.391607  2.666 -100.00 -100.00 -100.00
 270   401.935 57330.78742542  3.19 106.469405  29.396299  2.523 -100.00 -100.00 -100.00
 270   406.078 57330.78742601  2.75 106.470644  29.393883  2.210 -100.00 -100.00 -100.00
 270   410.227 57330.78742661  3.26 106.471883  29.391467  2.442 -100.00 -100.00 -100.00
 272   427.134 57350.61871625  2.97 106.471756  29.394453  2.129 -100.00 -100.00 -100.00
 272   430.427 57350.61871684  3.65 106.472994  29.392036  2.652 -100.00 -100.00 -100.00
 273   510.449 57360.53436074  0.73 106.470986  29.395383  2.780 -100.00 -100.00 -100.00
 273   513.565 57360.53436133  0.63 106.472225  29.392967  2.961 -100.00 -100.00 -100.00
 273   517.454 57360.53436192  1.40 106.473464  29.390550  3.661 -100.00 -100.00 -100.00
 274   502.080 57370.45000228  3.52 106.470324  29.395741  4.198 -100.00 -100.00 -100.00
 274   502.026 57370.45000287  2.50 106.471563  29.393325  3.436 -100.00 -100.00 -100.00
 274   502.551 57370.45000346  2.47 106.472802  29.390908  3.032 -100.00 -100.00 -100.00
 275   478.064 57380.36564237  1.78 106.471754  29.394412  4.231 -100.00 -100.00 -100.00
 275   481.363 57380.36564296  2.56 106.472993  29.391996  4.379 -100.00 -100.00 -100.00
 280   366.080 57429.94386247  3.37 106.474404  29.394505  3.736 -100.00 -100.00 -100.00
 280   368.141 57429.94386306  3.09 106.475643  29.392089  3.535 -100.00 -100.00 -100.00
 282   359.103 57449.77515629  4.46 106.471932  29.396402  3.035 -100.00 -100.00 -100.00
 282   360.743 57449.77515688  3.66 106.473171  29.393986  2.823 -100.00 -100.00 -100.00
 282   363.441 57449.77515747  3.23 106.474409  29.391570  2.676 -100.00 -100.00 -100.00
 291   358.557 57539.01595247  4.60 106.473347  29.395995  3.180 -100.00 -100.00 -100.00
 291   361.347 57539.01595306  3.50 106.474585  29.393579  2.827 -100.00 -100.00 -100.00
 293   495.796 57558.84724582  1.45 106.470091  29.394713  3.328 -100.00 -100.00 -100.00
 293   498.150 57558.84724641  1.78 106.471329  29.392297  3.462 -100.00 -100.00 -100.00
 293   501.577 57558.84724700  0.75 106.472568  29.389881  2.497 -100.00 -100.00 -100.00
 294   502.738 57568.76289056  2.06 106.470492  29.395767  5.146 -100.00 -100.00 -100.00
 294   502.321 57568.76289115  0.09 106.471731  29.393351  3.266 -100.00 -100.00 -100.00
 294   502.178 57568.76289174  1.13 106.472970  29.390935  4.434 -100.00 -100.00 -100.00
 297   354.372 57598.50981815  4.42 106.475602  29.396167  2.633 -100.00 -100.00 -100.00
 297   357.334 57598.50981874  3.46 106.476841  29.393750  2.535 -100.00 -100.00 -100.00
