#   11.736   0.196  30.549 ;Mean Elev.(m), Avg Gradient(m/km), RMS Gradient(m/km) - SRTM1     
#   16.871  -0.092  30.960 ;Mean Elev.(m), Avg Gradient(m/km), RMS Gradient(m/km) - ASTER GDEM
#   10.249   0.505  27.683 ;Mean Elev.(m), Avg Gradient(m/km), RMS Gradient(m/km) - GMTED2010 
   1 115.079950  30.243293    18.503    18.503  2 54662.04924219 14.860
   3 115.074942  30.242642    -0.042    -0.027  7 54681.88053025 21.916
   4 115.075080  30.240714    19.358    18.344  6 54691.79617210 25.231
   5 115.077925  30.238492     0.364     0.417  6 54701.71181172 16.335
   6 115.078797  30.237031    20.105    20.095  5 54711.62745877 29.025
   7 115.077990  30.238658    14.584    14.584  6 54721.54310994 17.859
   9 115.074231  30.246231    18.573    18.702  7 54741.37440688 31.031
  10 115.073350  30.247675    18.629    18.454  8 54751.29005435 30.982
  12 115.072837  30.242876   120.260   120.153  6 54771.12134519  4.620
  13 115.074572  30.242694    18.403    18.437  6 54781.03698677 28.484
  14 115.075548  30.241770    19.463    18.280  6 54790.95262535 25.446
  15 115.075612  30.240271    18.218    18.259  7 54800.86826236 25.561
  16 115.076673  30.239605    13.307    12.340  6 54810.78389955 32.901
  17 115.077528  30.238092    11.553    11.600  5 54820.69953912 33.593
  18 115.076017  30.238353    14.363    13.957  6 54830.61519105 32.417
  19 115.075045  30.242332    15.731    16.983  7 54840.53083041 30.290
  20 115.073251  30.247327    15.998    17.331  8 54850.44648031 32.998
  21 115.073604  30.254788    16.448    17.429 11 54860.36213064 30.463
  22 115.074737  30.259856    15.979    17.714 14 54870.27778074 32.907
  23 115.074430  30.256540    21.067    21.039 11 54880.19342783 30.475
  24 115.073034  30.248003    21.965    21.580  8 54890.10907050 32.702
  25 115.073360  30.246414    19.015    18.774  8 54900.02471147 30.599
  26 115.073083  30.248311    13.948    13.295  8 54909.94035067 38.333
  27 115.073458  30.250912    20.345    20.590  9 54919.85598860 31.372
  28 115.073503  30.247350    18.911    18.993  8 54929.77162484 32.521
  29 115.075224  30.241011    24.684    24.169  6 54939.68725962 27.293
  30 115.078454  30.236401    22.117    22.876  6 54949.60289329 24.266
  31 115.080550  30.235489    20.925    19.839  5 54959.51853133 22.174
  32 115.078185  30.236592    17.830    17.530  6 54969.43417981 27.847
  33 115.076426  30.238936    24.050    24.196  6 54979.34982766 26.735
  35 115.075111  30.242244    19.518    19.376  7 54999.18112322 27.035
  36 115.074987  30.243151    18.406    18.341  7 55009.09676908 28.678
  37 115.074732  30.243468    20.878    20.565  7 55019.01241291 29.181
  38 115.074357  30.245264    19.534    19.521  7 55028.92805552 31.082
  39 115.073050  30.244750    19.491    19.524  7 55038.84369688 32.180
  40 115.073867  30.243158    19.665    19.153  7 55048.75933693 30.621
  41 115.075723  30.238463    18.890    19.145  6 55058.67497439 33.736
  42 115.078534  30.236429    18.980    18.978  5 55068.59061292 28.439
  43 115.077767  30.237832    18.545    18.503  5 55078.50626293 28.868
  44 115.075500  30.241224    19.707    18.809  7 55088.42191121 26.345
  45 115.073752  30.245777    19.086    18.886  7 55098.33755852 30.642
  46 115.073333  30.248150    19.186    19.074  7 55108.25320510 31.145
  47 115.073858  30.246376    13.665    14.317  7 55118.16885004 36.887
  48 115.074532  30.242597    14.347    11.746  7 55128.08449220 35.877
  49 115.075094  30.240773    13.736    13.908  6 55138.00013245 33.091
  50 115.075522  30.241473    13.661    13.972  6 55147.91577131 35.651
  51 115.075230  30.240904    15.026    15.365  7 55157.83140904 33.199
  52 115.075789  30.240047    15.152    15.384  7 55167.74704656 32.423
  53 115.077321  30.238661    21.190    21.597  6 55177.66268344 28.624
  55 115.075628  30.240787    12.161    10.194  7 55197.49397856 31.854
  56 115.074178  30.245790    15.841    17.666  7 55207.40962937 33.352
  57 115.073625  30.250159    16.340    19.306  8 55217.32527971 30.618
  58 115.073859  30.252766    21.252    22.400  9 55227.24092917 33.516
  59 115.073435  30.249919    17.686    19.962  8 55237.15657472 31.313
  60 115.073143  30.245024    15.665    17.248  7 55247.07221631 33.937
  61 115.074081  30.245331    33.195    33.783  7 55256.98785630 23.062
  62 115.073621  30.245797    17.045    17.427  7 55266.90349494 34.135
  63 115.073134  30.245834    14.428    14.392  7 55276.81913270 35.082
  64 115.074331  30.243822    17.357    15.878  6 55286.73476906 33.770
  65 115.076772  30.238837    15.886    15.605  6 55296.65040274 31.183
  66 115.078387  30.236328    25.699    25.328  5 55306.56604269 23.765
  67 115.077535  30.237343    18.693    18.704  6 55316.48168935 26.147
  68 115.076692  30.240532    19.419    19.813  6 55326.39733536 26.555
  69 115.075346  30.241901    18.817    18.443  7 55336.31298009 29.263
  70 115.074707  30.242395    19.252    19.281  7 55346.22862427 31.053
  71 115.075155  30.242948    20.818    21.662  6 55356.14426730 31.229
  72 115.075164  30.242248    20.307    20.549  6 55366.05990790 29.482
  74 115.075903  30.240201    22.229    21.676  6 55385.89118464 28.240
  75 115.076776  30.238557    22.433    22.459  6 55395.80682136 30.956
  76 115.078195  30.237137    22.468    22.513  5 55405.72246150 31.388
  77 115.076973  30.237331    22.071    22.096  6 55415.63811245 29.447
  78 115.076858  30.239143    22.454    21.900  6 55425.55376068 31.588
  79 115.076050  30.239953    22.271    21.995  7 55435.46940620 32.177
  80 115.075395  30.242693    21.196    21.731  7 55445.38505102 30.787
  81 115.074080  30.243567    20.010    20.011  7 55455.30069473 30.936
  82 115.074779  30.244864    47.858    43.827  7 55465.21633802 15.805
  83 115.075847  30.241816    20.094    20.362  6 55475.13197760 30.738
  84 115.077672  30.238735    18.920    19.093  6 55485.04761412 33.890
  85 115.078867  30.236771    18.328    17.508  5 55494.96324853 32.512
  86 115.079268  30.235569    14.177    14.169  6 55504.87888186 36.881
  87 115.077283  30.239066    13.529    12.715  6 55514.79453240 34.696
  88 115.075557  30.239916    14.130    14.518  6 55524.71018181 32.343
  89 115.075114  30.241792    16.392    16.896  7 55534.62582967 31.323
  90 115.074694  30.243454    17.414    15.641  6 55544.54147568 31.599
  91 115.073720  30.244713    18.807    18.573  7 55554.45711982 32.081
  92 115.073745  30.247145    14.628    14.057  7 55564.37276349 34.063
  93 115.073744  30.245070    15.395    14.214  7 55574.28840575 33.242
  94 115.075217  30.242852    15.405    14.608  7 55584.20404666 32.248
  95 115.076322  30.238767    12.874    12.094  6 55594.11968370 32.852
  96 115.078289  30.237376    16.363    16.346  6 55604.03531790 29.220
  97 115.079670  30.236176    11.712    11.730  5 55613.95094975 32.658
  98 115.080009  30.236013    12.853    11.815  5 55623.86658728 32.512
 100 115.077055  30.239230    15.353    14.269  6 55643.69788990 29.740
 101 115.076833  30.239007    17.319    16.609  6 55653.61353700 30.381
 102 115.076465  30.237870    13.853    14.378  6 55663.52917960 33.550
 103 115.076205  30.238783    12.697    11.793  6 55673.44481983 32.450
 104 115.076159  30.240002    18.067    17.931  6 55683.36045888 29.740
 105 115.076863  30.239242    14.228    14.288  6 55693.27609631 31.213
 106 115.078551  30.237209    18.921    19.224  5 55703.19173207 33.098
 107 115.078601  30.236931    14.081    13.175  5 55713.10737657 35.277
 108 115.076563  30.238900    15.427    15.573  6 55723.02302610 33.086
 109 115.075367  30.242615    21.722    22.029  6 55732.93867390 28.941
 110 115.074410  30.243927    20.516    20.517  6 55742.85431983 32.569
 111 115.074402  30.243273    19.831    19.925  7 55752.76996405 30.758
 112 115.075946  30.240982    20.411    20.262  6 55762.68560579 28.127
 113 115.077310  30.238178    19.617    19.569  6 55772.60124465 26.176
 114 115.078309  30.236844    20.863    19.971  6 55782.51688041 28.329
 115 115.079153  30.236482    28.299    28.306  6 55792.43251404 24.258
 116 115.079898  30.234874    15.246    15.256  5 55802.34814808 31.876
 117 115.078727  30.237032    14.804    13.362  6 55812.26379881 29.105
 118 115.078243  30.236783    18.910    18.623  6 55822.17944751 25.164
 119 115.078851  30.235949    17.266    17.053  5 55832.09509136 27.439
 120 115.079928  30.236191    18.613    18.611  5 55842.01073087 25.507
 121 115.079847  30.235926    12.347    12.288  6 55851.92636689 36.589
 122 115.080180  30.235899    12.264    12.220  5 55861.84200062 33.374
 123 115.076689  30.237977    13.635    14.387  6 55871.75765477 31.667
 124 115.076399  30.238903    17.533    17.536  6 55881.67330459 26.454
 125 115.076558  30.237754    14.915    15.267  6 55891.58894752 30.433
 126 115.077487  30.236942    14.706    14.969  6 55901.50458496 28.869
 127 115.078337  30.236113    12.660    11.655  6 55911.42021871 31.618
 128 115.075762  30.241826    13.933    14.274  6 55921.33587449 30.519
 129 115.074668  30.243410    15.410    17.769  6 55931.25152705 29.475
 130 115.075285  30.242436    18.505    18.860  6 55941.16717524 31.019
 131 115.075855  30.240664    77.014    78.381  7 55951.08281870  5.892
 132 115.075452  30.239719    17.307    17.416  6 55960.99845820 28.643
 134 115.075591  30.239217    16.017    15.782  6 55980.82973110 30.653
 135 115.078469  30.237016    16.749    17.756  6 55990.74536556 32.088
 136 115.079163  30.235527    22.919    21.824  5 56000.66100998 22.583
 137 115.078532  30.236743    14.044    13.217  5 56010.57666025 30.789
 138 115.076874  30.237759    14.978    15.235  6 56020.49230660 31.276
 139 115.075601  30.241090    17.502    16.879  6 56030.40795071 29.271
 140 115.074761  30.243181    18.676    18.666  6 56040.32359282 25.943
 141 115.075264  30.242616    23.735    24.214  6 56050.23923241 26.922
 142 115.076848  30.239700    18.710    18.452  6 56060.15486897 29.456
 143 115.079137  30.236311    20.490    20.180  6 56070.07050484 30.414
 144 115.077063  30.238319    21.211    21.341  5 56079.98615591 31.269
 145 115.075310  30.241733    19.968    19.677  7 56089.90180438 32.533
 146 115.074357  30.243546    19.322    19.358  7 56099.81745002 29.878
 147 115.074865  30.242847    20.103    19.556  7 56109.73308122 31.495
 148 115.075890  30.237903    19.923    19.915  6 56119.64872018 30.485
 149 115.079226  30.235632    21.218    21.165  5 56129.56435631 31.962
 150 115.081018  30.233873    86.865    91.790  5 56139.47998939  3.801
 151 115.078232  30.237647    22.633    23.073  5 56149.39563961 28.975
 152 115.075834  30.239924    22.289    22.818  7 56159.31128924 28.814
 153 115.072985  30.235976   119.145   118.209  3 56169.22693633  3.485
 154 115.076217  30.239164    22.443    23.078  6 56179.14258208 27.348
 155 115.077519  30.238110    21.209    21.680  6 56189.05822247 26.203
 156 115.077719  30.237056    17.566    17.258  6 56198.97385939 35.175
 157 115.078092  30.236961    15.719    15.629  6 56208.88949357 36.164
 158 115.078893  30.235928    15.922    15.563  6 56218.80512571 34.707
 159 115.078470  30.237774    15.687    13.955  6 56228.72077237 35.135
 160 115.077207  30.238795    13.235    13.306  6 56238.63642613 34.211
 161 115.076490  30.240114    17.771    16.441  6 56248.55207627 30.500
 162 115.075592  30.239797    18.718    17.590  6 56258.46772131 28.195
 163 115.075751  30.241934    13.655    12.947  6 56268.38336410 34.353
 164 115.075463  30.241830    15.615    14.692  6 56278.29900480 33.826
 165 115.074287  30.242503    18.338    18.480  7 56288.21465450 32.541
 166 115.074676  30.242722    16.015    14.752  7 56298.13030391 32.537
 167 115.075165  30.242156    12.923    12.078  7 56308.04594914 36.067
 169 115.074457  30.242929    11.795    10.828  7 56327.87723251 35.697
 170 115.074521  30.242306    12.762    11.034  7 56337.79287211 34.546
 171 115.076601  30.240665    51.891    53.656  6 56347.70850984 13.362
 173 115.077503  30.237108    16.088    14.622  6 56367.53979333 34.080
 176 115.074040  30.246186    18.420    18.292  7 56397.28673243 30.378
 177 115.074625  30.245441    17.989    18.224  7 56407.20237374 30.912
 178 115.075109  30.240441    19.483    18.559  6 56417.11801036 26.133
 179 115.078258  30.237263    16.319    16.295  6 56427.03364271 37.154
 180 115.075795  30.238599    20.223    18.608  6 56436.94929444 25.443
 181 115.074466  30.243365    19.174    19.071  6 56446.86494653 27.676
 182 115.073416  30.245265    19.019    18.905  7 56456.78059572 31.966
 183 115.073181  30.244807    19.312    19.539  7 56466.69624131 32.670
 184 115.074669  30.243718    20.367    19.347  7 56476.61188302 29.181
 185 115.075980  30.240210    19.312    19.353  6 56486.52752072 27.712
 186 115.077220  30.238258    20.410    19.188  6 56496.44315623 26.406
 187 115.078560  30.237094    19.804    19.483  6 56506.35879072 26.070
 188 115.080391  30.235408    17.836    17.560  5 56516.27442519 30.766
 189 115.078580  30.237453    23.480    23.792  6 56526.19008038 21.209
 190 115.077388  30.237836    18.350    18.102  6 56536.10573114 24.688
 192 115.074931  30.240945    18.291    18.177  6 56555.93702241 26.233
 193 115.074468  30.242853    20.309    21.118  7 56565.85266531 27.665
 194 115.074908  30.243358    88.584    89.627  7 56575.76830659  4.944
 195 115.075932  30.240046    11.765    11.809  6 56585.68394400 32.636
 196 115.078419  30.238041    11.987    11.080  6 56595.59958119 34.055
 197 115.075955  30.239075    11.781    10.658  6 56605.51523366 32.394
 198 115.074966  30.241518    15.292    14.280  7 56615.43088189 30.212
 199 115.074869  30.242513    14.530    14.527  6 56625.34652646 31.403
 200 115.075126  30.241476    12.534    12.992  6 56635.26216798 29.688
 201 115.077189  30.239884     9.833     9.846  6 56645.17780669 40.700
 202 115.075588  30.240806    13.809    13.900  7 56655.09345976 29.847
 203 115.074844  30.241816    21.774    21.026  6 56665.00910851 27.251
 204 115.074538  30.243294    14.387    13.215  7 56674.92475444 32.948
 205 115.073754  30.243221    13.190    13.142  7 56684.84039869 32.752
 206 115.074455  30.242899    12.590     9.440  6 56694.75604088 34.929
 207 115.075647  30.238724    13.653    13.277  6 56704.67167791 33.173
 208 115.079234  30.237066    13.897    14.902  6 56714.58731029 31.949
 209 115.076738  30.239980   119.368   119.347  6 56724.50296167  4.399
 210 115.074136  30.244179    15.703    17.352  6 56734.41861241 30.159
 211 115.072855  30.247374    17.585    19.689  8 56744.33425989 31.720
 212 115.073355  30.246542    16.427    17.939  7 56754.24990248 33.214
 213 115.074972  30.241449    18.072    17.808  7 56764.16553883 31.973
 214 115.076981  30.237887    22.217    22.875  6 56774.08117394 25.999
 215 115.074337  30.242687    20.202    19.740  7 56783.99683177 26.984
 216 115.073125  30.249371    21.930    22.524  8 56793.91248626 29.204
 217 115.074019  30.256305    20.609    21.083 12 56803.82813761 29.762
 218 115.073388  30.251201    20.945    21.030  8 56813.74377889 27.225
 219 115.073536  30.244605    18.255    17.804  7 56823.65941647 30.761
 220 115.075604  30.240768   122.420   121.872  6 56833.57505075  3.819
 221 115.078248  30.238227    22.657    22.802  6 56843.49068207 30.763
 222 115.077280  30.236924    20.220    19.976  6 56853.40632385 29.372
 223 115.075545  30.240706    21.102    21.084  7 56863.32197865 27.968
 224 115.074240  30.242646    19.652    19.588  7 56873.23763262 30.745
 225 115.074042  30.244244    20.286    19.890  7 56883.15328345 30.474
 226 115.074010  30.245612    20.916    20.246  7 56893.06893077 30.497
 227 115.073672  30.248346    20.810    21.023  8 56902.98457500 29.583
 228 115.073264  30.252081    20.398    20.535 10 56912.90021729 31.782
 229 115.073639  30.252312    20.565    20.507  9 56922.81585714 29.179
 230 115.073091  30.244561    19.532    19.390  7 56932.73149297 30.896
 231 115.076462  30.239122    19.333    19.398  6 56942.64712436 24.973
 232 115.077929  30.238829    16.191    15.768  6 56952.56276865 29.819
 233 115.075863  30.241155    20.165    20.852  6 56962.47841969 28.180
 234 115.074085  30.243521    19.605    19.812  7 56972.39406611 29.054
 235 115.074085  30.243763    19.198    19.229  7 56982.30970823 29.252
 236 115.075746  30.240097    18.830    19.498  7 56992.22534525 29.856
 237 115.079259  30.235442    16.224    15.535  5 57002.14097893 32.353
 238 115.077816  30.239113    15.325    13.962  6 57012.05663710 29.637
 239 115.075912  30.241534    12.967    13.293  6 57021.97228906 32.057
 240 115.074753  30.244890    13.461    13.345  7 57031.88793820 38.381
 241 115.073285  30.244045    14.761    13.088  7 57041.80358427 34.153
 242 115.074639  30.244679    14.752    13.162  7 57051.71922873 35.053
 243 115.075561  30.240443    12.719    13.052  6 57061.63486796 32.947
 244 115.077083  30.237201    11.150     9.975  6 57071.55050208 34.032
 245 115.079148  30.236924    23.607    23.778  6 57081.46613284 27.033
 246 115.076767  30.237639    15.773    15.838  6 57091.38177644 30.444
 247 115.074521  30.244836    18.722    19.049  7 57101.29743541 34.448
 248 115.073853  30.247242    19.597    19.691  7 57111.21309026 31.103
 249 115.073601  30.243573    20.033    20.560  7 57121.12873818 31.670
 250 115.074824  30.242777    19.748    19.628  7 57131.04438096 30.871
 251 115.075053  30.241229    18.684    18.714  6 57140.96001814 28.527
 252 115.075754  30.240455    20.759    20.837  6 57150.87565199 27.607
 253 115.078136  30.237945    19.570    19.692  6 57160.79128234 30.281
 254 115.077225  30.239202    20.697    20.854  6 57170.70693661 26.042
 255 115.076863  30.240052   126.778   126.908  6 57180.62259145  3.740
 256 115.075849  30.239974    22.560    22.815  6 57190.53824216 29.866
 257 115.075328  30.242740    77.917    80.449  6 57200.45389038  9.346
 258 115.073920  30.243675    21.100    21.056  7 57210.36952471 29.720
 259 115.073775  30.243863    20.486    20.316  7 57220.28516896 31.361
 260 115.074696  30.242743    21.237    20.578  6 57230.20081194 29.440
 261 115.075735  30.240683    22.746    23.091  6 57240.11645241 28.978
 262 115.076808  30.238465    16.749    16.972  6 57250.03208993 30.342
 263 115.078157  30.238628    18.810    18.684  6 57259.94772553 27.714
 264 115.077912  30.236529    26.953    24.930  6 57269.86335908 27.052
 265 115.075779  30.239265    17.989    18.004  6 57279.77901178 28.449
 266 115.075399  30.242652    24.929    24.890  6 57289.69466774 27.704
 267 115.074820  30.242675    22.096    21.551  6 57299.61032014 27.585
 268 115.074759  30.242235    17.892    17.899  7 57309.52596902 28.677
 269 115.074741  30.245178    17.777    18.137  7 57319.44161530 32.601
 270 115.073365  30.246660    19.216    19.029  8 57329.35725842 31.466
 271 115.073560  30.247411    20.295    20.149  7 57339.27289947 29.031
 272 115.073494  30.248302    19.973    20.095  7 57349.18854943 27.098
 273 115.073573  30.244510    18.586    18.858  7 57359.10419491 30.395
 274 115.074798  30.242573    18.455    19.066  6 57369.01983756 31.618
 275 115.075061  30.241533    16.602    15.907  6 57378.93547737 29.343
 277 115.076857  30.239636    13.642    14.082  6 57398.76675276 32.501
 278 115.078737  30.236612    16.062    15.816  6 57408.68238890 31.552
 279 115.077503  30.238278    24.819    24.951  5 57418.59804187 27.111
 280 115.075897  30.240530    20.954    20.541  6 57428.51369247 24.788
 281 115.074535  30.244544    15.406    14.031  7 57438.42934116 32.465
 282 115.073374  30.246877    18.895    18.711  7 57448.34498839 30.871
 283 115.073408  30.248085    18.774    19.592  8 57458.26063437 31.426
 284 115.074346  30.245689    19.597    18.907  7 57468.17627686 29.114
 285 115.076167  30.241281    24.987    24.623  6 57478.09191496 25.106
 286 115.077574  30.237669    23.175    23.340  6 57488.00754984 27.971
 287 115.079391  30.236108   123.712   123.838  6 57497.92318286  5.537
 288 115.079475  30.236337    20.636    20.592  6 57507.83882242 27.996
 289 115.075859  30.238049    23.225    23.225  6 57517.75447813 26.928
 290 115.075344  30.240252    21.451    21.444  6 57527.67013132 31.864
 291 115.075634  30.240348    19.966    19.822  7 57537.58578147 32.193
 292 115.075592  30.240674    19.851    19.851  7 57547.50142912 32.851
 293 115.075017  30.241926    19.723    19.434  6 57557.41707567 30.829
 294 115.074340  30.243296    22.655    22.996  7 57567.33272134 31.368
 295 115.074253  30.243738    23.789    23.806  6 57577.24836625 34.028
 296 115.075015  30.243720    22.522    22.579  7 57587.16400991 29.769
 297 115.074769  30.241485    22.953    23.159  6 57597.07965062 28.882
