-352178.254  1663.372     0.00   91.86
-351891.020  1657.680   -19.81   91.63
-351603.773  1659.556     6.53   98.58
-351316.513  1647.463   -42.09   99.67
-351029.241  1621.683   -89.71  117.28
-350741.956  1589.075  -113.48  137.46
-350454.657  1566.117   -79.89  135.79
-350167.346  1560.653   -19.01  138.39
-349880.022  1577.449    58.44  152.70
-349592.686  1610.510   115.03  172.34
-349305.336  1663.440   184.15  182.97
-349017.973  1723.183   207.85  184.86
-348730.598  1783.683   210.47  152.46
-348443.209  1825.192   144.40  124.95
-348155.808  1832.395    25.06  131.29
-347868.394  1795.201  -129.38  167.39
-347580.967  1739.683  -193.10  186.92
-347293.527  1663.016  -266.65  195.14
-347006.074  1565.774  -338.20  178.50
-346718.609  1506.310  -206.80  149.17
-346431.130  1467.990  -133.26  122.38
-346143.638  1458.123   -34.31  108.98
-345856.134  1454.652   -12.07  104.17
-345568.617  1487.138   112.96  119.89
-345281.086  1525.986   135.08  133.25
-344993.543  1570.984   156.45  128.08
-344705.987  1620.971   173.79  115.57
-344418.418  1660.335   136.85   95.64
-344130.836  1686.410    90.65   83.89
-343843.241  1680.141   -21.79   95.70
-343555.634  1644.987  -122.20  133.04
-343268.013  1596.926  -167.06  147.08
-342980.379  1550.153  -162.57  149.08
-342692.733  1507.403  -148.58  126.15
-342405.073  1479.380   -97.39  105.94
-342117.401  1485.594    21.59  120.50
-341829.715  1514.683   101.09  131.59
-341542.017  1577.030   216.65  130.75
-341254.306  1626.881   173.22  128.08
-340966.581  1677.910   177.31  119.27
-340678.844  1717.313   136.91  119.55
-340391.094  1759.006   144.85  120.89
-340103.331  1789.577   106.21  139.93
-339815.555  1813.218    82.13  144.53
-339527.766  1819.510    21.86  138.21
-339239.964  1808.322   -38.86  135.04
-338952.149  1783.880   -84.90  138.22
-338664.321  1738.380  -158.04  149.03
-338376.480  1673.974  -223.70  141.04
-338088.626  1590.532  -289.80  144.83
-337800.759  1523.765  -231.87  144.86
-337512.880  1461.547  -216.07  136.89
-337224.987  1436.592   -86.66  122.25
-336937.081  1417.304   -66.98  113.30
-336649.162  1409.047   -28.67  115.53
-336361.230  1421.688    43.89  133.31
-336073.286  1445.062    81.15  145.23
-335785.328  1465.339    70.40  147.84
-335497.357  1499.365   118.13  143.91
-335209.373  1528.064    99.63  134.06
-334921.377  1552.562    85.04  128.14
-334633.367  1579.218    92.53  113.59
-334345.344  1604.107    86.39  104.85
-334057.308  1622.910    65.26   86.19
-333769.259  1626.138    11.20   85.48
-333481.198  1616.623   -33.02   78.90
-333193.123  1618.478     6.44   77.36
-332905.035  1610.326   -28.29   74.46
-332616.934  1612.207     6.53   64.57
-332328.820  1607.047   -17.91   70.57
-332040.693  1604.779    -7.87   72.43
-331752.553  1602.501    -7.90   80.41
-331464.400  1601.746    -2.62   81.56
-331176.234  1609.102    25.52   91.04
-330888.055  1613.582    15.54   98.25
-330599.863  1629.138    53.96  107.79
-330311.658  1647.126    62.40  111.92
-330023.440  1659.848    44.13  114.78
-329735.209  1671.209    39.41  113.14
-329446.964  1675.153    13.68  110.55
-329158.707  1660.852   -49.60  117.39
-328870.437  1635.149   -89.14  133.10
-328582.153  1573.774  -212.84  161.07
-328293.857  1538.763  -121.41  172.15
-328005.547  1497.774  -142.13  167.11
-327717.224  1440.126  -199.89  162.23
-327428.889  1412.179   -96.90  139.96
-327140.540  1393.672   -64.17  122.94
-326852.178  1406.153    43.27  123.77
-326563.803  1427.603    74.36  125.46
-326275.415  1448.443    72.25  116.55
-325987.014  1461.244    44.38  102.64
-325698.600  1486.881    88.87   80.66
-325410.172  1500.734    48.02   86.08
-325121.732  1519.577    65.31  107.26
-324833.279  1546.213    92.32  136.17
-324544.812  1603.265   197.73  152.58
-324256.332  1673.850   244.62  154.57
-323967.840  1749.442   261.96  142.91
-323679.334  1832.789   288.82  133.38
-323390.815  1904.075   247.01  126.38
-323102.283  1969.532   226.81  128.74
-322813.738  2031.259   213.87  122.84
-322525.180  2075.007   151.57  108.17
-322236.608  2099.047    83.28   87.90
-321948.024  2079.695   -67.04  124.88
-321659.426  2042.441  -129.06  165.23
-321370.815  1974.541  -235.21  198.41
-321082.191  1890.668  -290.53  199.99
-320793.555  1813.457  -267.44  176.81
-320504.904  1751.387  -214.98  133.83
-320216.241  1710.971  -139.98  102.39
-319927.565  1687.442   -81.49   71.95
-319638.875  1674.746   -43.97   64.80
-319350.173  1674.987     0.83   66.77
-319061.457  1678.956    13.74   69.18
-318772.728  1676.110    -9.85   75.87
-318483.986  1694.047    62.10   91.52
-318195.231  1709.878    54.81   93.97
-317906.462  1721.433    40.00  104.52
-317617.681  1729.516    27.99  118.47
-317328.886  1757.642    97.36  129.86
-317040.078  1779.818    76.77  130.45
-316751.257  1807.427    95.57  127.00
-316462.423  1826.304    65.34  126.56
-316173.576  1845.067    64.94  110.98
-315884.715  1848.865    13.15   96.65
-315595.841  1839.972   -30.78   92.60
-315306.954  1827.062   -44.68   91.31
-315018.054  1807.095   -69.10   96.19
-314729.141  1755.818  -177.44  109.99
-314440.215  1681.095  -258.56  164.77
-314151.275  1575.317  -366.00  233.45
-313862.322  1488.049  -301.94  247.47
-313573.356  1412.449  -261.56  238.43
-313284.377  1350.865  -213.06  217.23
-312995.385  1329.926   -72.44  202.64
-312706.379  1325.119   -16.63  201.20
-312417.361  1342.588    60.43  207.34
-312128.329  1392.366   172.18  222.04
-311839.283  1452.138   206.74  212.27
-311550.225  1512.761   209.68  191.16
-311261.153  1595.198   285.11  156.83
-310972.069  1675.614   278.11  142.09
-310682.971  1729.744   187.19  136.09
-310393.859  1784.910   190.77  121.80
-310104.735  1835.350   174.41  103.26
-309815.597  1876.441   142.08   93.38
-309526.446  1904.646    97.52   88.01
-309237.282  1919.107    50.00   83.62
-308948.105  1920.092     3.40   91.13
-308658.914  1916.672   -11.82   92.40
-308369.710  1906.926   -33.69   95.69
-308080.493  1886.365   -71.07   84.70
-307791.263  1859.164   -94.02   81.02
-307502.020  1843.289   -54.87   74.00
-307212.763  1823.239   -69.30   66.56
-306923.493  1806.623   -57.43   65.14
-306634.209  1772.255  -118.78   71.16
-306344.913  1718.153  -186.97   98.98
-306055.603  1671.239  -162.12  117.90
-305766.280  1617.175  -186.82  124.49
-305476.944  1568.365  -168.66  118.18
-305187.594  1514.049  -187.67  106.21
-304898.231  1471.819  -145.90  103.43
-304608.855  1441.567  -104.52  103.31
-304319.466  1410.183  -108.42  100.94
-304030.063  1379.835  -104.84  102.84
-303740.647  1352.984   -92.75  118.17
-303451.218  1341.926   -38.20  117.15
-303161.775  1341.627    -1.03  125.46
-302872.319  1345.255    12.53  103.91
-302582.850  1336.638   -29.76  120.44
-302293.368  1329.469   -24.76  155.08
-302003.872  1284.984  -153.63  188.10
-301714.363  1277.358   -26.33  195.37
-301424.841  1248.561   -99.44  200.03
-301135.305  1237.426   -38.45  214.23
-300845.756  1210.491   -93.00  209.01
-300556.194  1177.047  -115.47  202.14
-300266.619  1141.642  -122.24  174.02
-299977.030  1133.776   -27.16  153.23
-299687.428  1145.077    39.01  149.28
-299397.812  1196.633   177.98  185.05
-299108.183  1292.442   330.72  232.64
-298818.541  1406.710   394.43  252.31
-298528.886  1549.972   494.48  264.18
-298239.217  1679.107   445.70  250.47
-297949.535  1791.062   386.38  217.65
-297659.840  1892.849   351.28  178.52
-297370.131  1972.910   276.29  152.39
-297080.409  2040.156   232.05  127.53
-296790.674  2087.572   163.61   99.88
-296500.925  2124.971   129.04   74.14
-296211.163  2148.778    82.14   58.40
-295921.387  2162.304    46.67   51.37
-295631.598  2165.879    12.33   58.37
-295341.796  2150.259   -53.89   74.25
-295051.981  2138.507   -40.54   84.99
-294762.152  2135.168   -11.52   82.38
-294472.310  2141.032    20.23   74.56
-294182.454  2138.999    -7.01   71.08
-293892.585  2145.126    21.13   64.82
-293602.703  2158.501    46.13   60.73
-293312.807  2173.529    51.83   42.74
-293022.898  2176.501    10.25   44.24
-292732.976  2173.198   -11.39   45.28
-292445.499  2152.749   -71.12   68.19
-292158.413  2116.623  -125.81  109.88
-291871.314  2059.942  -197.38  134.24
-291584.202  2016.229  -152.22  131.63
-291297.076  1979.222  -128.86  114.79
-291009.938  1943.774  -123.42   90.88
-290722.786  1906.119  -131.10   76.39
-290435.622  1896.925   -32.01   73.76
-290148.444  1900.433    12.21   75.84
-289861.254  1897.836    -9.04   76.99
-289574.050  1872.141   -89.44   65.83
-289286.833  1852.879   -67.05   66.39
-288999.603  1854.095     4.23   67.04
-288712.359  1856.060     6.84   60.39
-288425.103  1863.522    25.97   63.37
-288137.834  1862.448    -3.74   60.13
-287850.551  1867.123    16.27   62.25
-287563.256  1882.588    53.82   50.08
-287275.947  1885.971    11.77   52.05
-286988.625  1891.910    20.67   54.91
-286701.290  1894.971    10.65   56.77
-286413.942  1898.015    10.59   57.73
-286126.581  1911.532    47.03   57.90
-285839.206  1922.612    38.55   57.31
-285551.819  1933.765    38.80   63.37
-285264.418  1937.984    14.68   68.87
-284977.005  1941.660    12.79   77.83
-284689.578  1936.577   -17.68   82.62
-284402.138  1922.077   -50.43   81.01
-284114.684  1904.701   -60.43   72.50
-283827.218  1887.510   -59.79   70.85
-283539.738  1869.035   -64.25   66.70
-283252.246  1851.032   -62.61   61.75
-282964.740  1843.959   -24.60   52.83
-282677.221  1843.562    -1.38   49.68
-282389.689  1852.731    31.88   56.56
-282102.143  1870.925    63.26   67.96
-281814.585  1890.486    68.01   67.12
-281527.013  1905.049    50.63   61.72
-281239.428  1918.082    45.31   55.00
-280951.830  1937.095    66.09   59.72
-280664.219  1966.259   101.38   60.81
-280376.595  1989.289    80.05   62.82
-280088.957  2006.999    61.56   65.64
-279801.307  2026.388    67.39   60.05
-279513.643  2047.107    72.01   42.71
-279225.966  2047.010    -0.34   47.98
-278938.275  2039.239   -27.01   59.81
-278650.572  2039.123    -0.40   58.60
-278362.855  2019.793   -67.17   71.17
-278075.125  1998.612   -73.60   88.19
-277787.382  1955.168  -150.95  121.82
-277499.626  1907.557  -165.42  132.26
-277211.856  1853.878  -186.49  128.26
-276924.074  1809.448  -154.36  113.67
-276636.278  1764.501  -156.14   75.39
-276348.468  1745.131   -67.29   58.09
-276060.646  1741.744   -11.77   57.73
-275772.810  1750.657    30.96   62.62
-275484.962  1759.894    32.08   67.81
-275197.100  1771.032    38.68   70.43
-274909.224  1763.464   -26.28   69.65
-274621.336  1772.107    30.02   71.01
-274333.434  1778.478    22.12   70.29
-274045.519  1773.047   -18.86   68.97
-273757.591  1757.880   -52.66   68.83
-273469.649  1744.364   -46.93   63.40
-273181.695  1733.032   -39.34   53.78
-272893.727  1736.781    13.02   57.44
-272605.746  1751.776    52.06   63.81
-272317.751  1781.313   102.54   84.42
-272029.743  1808.701    95.07   89.58
-271741.722  1818.972    35.65   84.29
-271453.688  1826.297    25.43   85.88
-271165.641  1820.380   -20.54   90.65
-270877.580  1802.815   -60.96   99.04
-270589.506  1769.198  -116.67   98.11
-270301.419  1734.410  -120.73   95.08
-270013.318  1692.631  -144.99   94.47
-269725.204  1650.449  -146.38   94.92
-269437.077  1611.695  -134.47   76.29
-269148.937  1596.319   -53.35   68.96
-268860.783  1592.239   -14.16   71.68
-268572.616  1576.940   -53.08   72.25
-268284.436  1574.835    -7.31   77.56
-267996.242  1579.543    16.33   77.76
-267708.036  1576.418   -10.84   69.00
-267419.815  1573.642    -9.63   60.83
-267131.582  1567.491   -21.33   47.82
-266843.335  1578.972    39.82   51.10
-266555.075  1597.850    65.48   60.80
-266266.802  1625.194    94.84   68.25
-265978.515  1648.716    81.58   70.07
-265690.215  1670.744    76.39   66.65
-265401.902  1685.060    49.64   71.77
-265113.576  1688.744    12.77   56.98
-264825.236  1704.653    55.16   64.98
-264536.882  1717.627    44.98   56.37
-264248.516  1718.822     4.14   54.54
-263960.136  1715.895   -10.15   53.67
-263671.743  1706.164   -33.74   63.02
-263383.336  1694.526   -40.35   70.56
-263094.916  1681.514   -45.11   73.46
-262806.483  1668.895   -43.74   76.24
-262518.037  1657.716   -38.75   70.11
-262229.577  1658.851     3.93   70.72
-261941.104  1661.582     9.47   69.18
-261652.617  1665.984    15.26   73.04
-261364.117  1669.927    13.66   72.74
-261075.604  1672.335     8.34   75.47
-260787.077  1670.501    -6.35   79.82
-260498.537  1666.971   -12.23   83.26
-260209.984  1651.499   -53.61   89.21
-259921.417  1629.403   -76.55   92.17
-259632.837  1609.660   -68.40   83.35
-259344.244  1593.550   -55.81   70.54
-259055.637  1581.687   -41.10   56.86
-258767.016  1581.726     0.14   51.02
-258478.383  1581.229    -1.72   44.36
-258189.736  1590.224    31.16   42.13
-257901.076  1601.970    40.68   48.52
-257612.402  1620.956    65.76   57.28
-257323.715  1638.910    62.18   60.09
-257035.014  1662.441    81.49   65.92
-256746.300  1686.741    84.15   62.68
-256457.573  1700.175    46.52   56.41
-256168.833  1703.941    13.04   57.75
-255880.078  1705.698     6.08   59.69
-255591.311  1712.023    21.90   59.81
-255302.530  1717.229    18.02   56.96
-255013.736  1719.757     8.75   54.93
-254724.928  1729.077    32.27   55.27
-254436.107  1732.955    13.42   48.24
-254147.273  1727.229   -19.82   49.60
-253858.425  1719.547   -26.59   51.19
-253569.563  1702.004   -60.72   51.03
-253280.688  1684.562   -60.37   50.06
-252991.800  1675.507   -31.34   48.05
-252702.899  1677.304     6.22   61.18
-252413.984  1698.537    73.48   81.22
-252125.055  1713.653    52.31   87.52
-251836.113  1729.940    56.36   83.76
-251547.158  1741.943    41.53   66.39
-251258.189  1750.289    28.88   58.47
-250969.207  1750.880     2.04   45.07
-250680.211  1755.895    17.35   41.12
-250391.202  1761.726    20.17   42.31
-250102.179  1775.668    48.23   52.32
-249813.143  1795.457    68.45   52.78
-249524.094  1801.080    19.45   51.33
-249235.031  1806.501    18.75   49.18
-248945.954  1806.783     0.98   54.62
-248656.864  1803.119   -12.67   71.08
-248367.761  1794.449   -29.99   81.25
-248078.644  1777.123   -59.92  102.94
-247789.514  1752.233   -86.07  120.52
-247500.370  1714.835  -129.32  129.49
-247211.213  1687.895   -93.15  129.16
-246922.042  1656.388  -108.93  108.56
-246632.858  1627.213  -100.87   70.25
-246343.660  1607.851   -66.94   36.40
-246054.449  1608.731     3.04   34.98
-245765.224  1617.910    31.73   38.27
-245475.986  1626.322    29.08   37.69
-245186.735  1640.364    48.53   33.88
-244897.469  1652.698    42.63   34.81
-244608.191  1665.501    44.25   37.17
-244318.899  1675.616    34.96   39.57
-244029.593  1686.541    37.76   40.70
-243740.274  1698.203    40.30   39.52
-243450.941  1708.744    36.43   42.41
-243161.595  1718.754    34.59   46.40
-242872.235  1738.365    67.76   53.84
-242582.862  1763.357    86.35   66.45
-242293.475  1791.426    96.98   73.13
-242004.075  1816.280    85.87   77.85
-241714.661  1844.486    97.44   75.73
-241425.234  1866.520    76.11   66.64
-241135.793  1889.926    80.85   62.50
-240846.338  1904.567    50.57   63.32
-240556.870  1910.319    19.87   61.25
-240267.389  1914.501    14.44   64.98
-239977.894  1920.082    19.27   67.29
-239688.385  1930.955    37.55   70.52
-239398.863  1930.830    -0.43   69.51
-239109.327  1942.746    41.15   69.07
-238819.778  1944.522     6.13   63.16
-238530.215  1944.224    -1.03   57.19
-238240.639  1946.164     6.70   56.48
-237951.049  1946.260     0.33   56.08
-237661.446  1951.092    16.68   53.42
-237371.828  1959.033    27.41   51.82
-237082.198  1970.016    37.91   53.72
-236792.554  1976.141    21.14   59.11
-236502.896  1970.456   -19.62   73.71
-236213.225  1957.656   -44.18   91.88
-235923.540  1946.410   -38.81  102.78
-235633.841  1926.080   -70.17  105.42
-235344.129  1889.880  -124.93  109.83
-235054.403  1857.284  -112.49   95.80
-234764.664  1836.016   -73.39   88.80
-234474.911  1821.168   -51.24   81.12
-234185.145  1805.348   -54.59   73.09
-233895.365  1781.850   -81.07   75.78
-233605.571  1754.781   -93.39   90.86
-233315.764  1734.547   -69.81   95.24
-233025.943  1733.418    -3.89   91.31
-232736.108  1724.015   -32.44   89.55
-232446.260  1721.716    -7.93   82.86
-232156.399  1714.201   -25.92   75.67
-231866.523  1722.642    29.11   72.05
-231576.634  1714.864   -26.82   77.28
-231286.732  1696.016   -65.00   81.63
-230996.816  1672.526   -81.01   87.02
-230706.886  1649.380   -79.82   86.27
-230418.137  1624.516   -86.09   81.43
-230131.092  1606.433   -62.99   75.32
-229844.033  1587.880   -64.62   81.20
-229556.961  1572.172   -54.71   82.78
-229269.876  1564.713   -25.98   86.89
-228982.777  1542.726   -76.57   85.80
-228695.665  1519.365   -81.35   82.40
-228408.540  1497.695   -75.46   81.58
-228121.401  1466.365  -109.09   80.89
-227834.249  1457.403   -31.21   78.47
-227547.084  1438.835   -64.65   83.57
-227259.905  1419.033   -68.94   83.97
-226972.713  1409.380   -33.61   79.50
-226685.508  1407.403    -6.88   92.74
-226398.289  1411.187    13.17   97.89
-226111.057  1426.701    54.00  107.09
-225823.812  1443.927    59.96  107.23
-225536.553  1463.264    67.31   95.83
-225249.281  1472.880    33.47   84.91
-224961.995  1447.881   -87.00   95.82
-224674.696  1420.746   -94.43  106.96
-224387.384  1381.259  -137.41  107.00
-224100.058  1357.746   -81.82   97.93
-223812.719  1334.294   -81.61   82.14
-223525.367  1326.612   -26.73   67.92
-223238.001  1325.047    -5.45   60.56
-222950.622  1345.030    69.52   74.71
-222663.230  1382.298   129.66  101.16
-222375.824  1429.107   162.84  125.06
-222088.405  1466.280   129.31  130.26
-221800.972  1490.037    82.64  120.51
-221513.526  1500.183    35.29  106.48
-221226.066  1501.495     4.56   89.99
-220938.593  1490.896   -36.86   90.87
-220651.107  1457.003  -117.87   89.47
-220363.608  1403.866  -184.79  109.89
-220076.094  1353.434  -175.38  139.78
-219788.568  1306.213  -164.20  154.32
-219501.028  1274.972  -108.63  149.20
-219213.475  1261.680   -46.22  144.65
-218925.908  1288.328    92.65  172.81
-218638.328  1360.572   251.17  212.52
-218350.734  1464.516   361.37  211.34
-218063.127  1553.987   311.03  170.21
-217775.507  1629.501   262.50  101.34
-217487.873  1658.704   101.51   67.94
-217200.226  1663.456    16.52   68.21
-216912.565  1626.761  -127.54  117.17
-216624.891  1573.358  -185.61  144.30
-216337.203  1518.577  -190.39  142.72
-216049.502  1484.787  -117.43  133.73
-215761.788  1458.072   -92.84  123.12
-215474.060  1444.976   -45.51  112.19
-215186.318  1453.761    30.53  110.42
-214898.563  1479.175    88.30  100.46
-214610.795  1504.153    86.78   78.09
-214323.013  1524.388    70.30   50.89
-214035.218  1534.051    33.57   44.66
-213747.409  1530.304   -13.02   54.76
-213459.587  1523.205   -24.66   68.82
-213171.752  1518.941   -14.81   78.60
-212883.903  1522.343    11.82   78.57
-212596.040  1517.337   -17.39   82.85
-212308.164  1501.776   -54.04   84.98
-212020.274  1483.642   -62.98   88.78
-211732.371  1479.249   -15.26   92.88
-211444.455  1486.239    24.27  100.37
-211156.525  1485.229    -3.51  106.72
-210868.581  1482.224   -10.43  116.84
-210580.624  1490.910    30.16  126.82
-210292.654  1513.597    78.77  124.65
-210004.670  1505.381   -28.52  133.14
-209716.672  1483.021   -77.62  126.60
-209428.662  1462.183   -72.34  121.30
-209140.637  1429.433  -113.69  100.74
-208852.599  1396.366  -114.78   69.18
-208564.548  1380.513   -55.03   53.20
-208276.483  1367.134   -46.44   44.35
-207988.404  1360.335   -23.60   35.98
-207700.312  1358.023    -8.02   32.19
-207412.206  1366.592    29.74   36.09
-207124.087  1377.275    37.07   43.17
-206835.955  1398.350    73.13   52.84
-206547.809  1422.084    82.36   60.15
-206259.649  1445.403    80.91   63.06
-205971.476  1473.043    95.90   64.08
-205683.289  1500.733    96.07   66.91
-205395.089  1533.307   113.01   70.53
-205106.875  1570.364   128.55   72.45
-204818.647  1599.895   102.44   67.24
-204530.406  1628.343    98.68   59.41
-204242.152  1651.104    78.95   51.93
-203953.884  1667.045    55.29   46.43
-203665.602  1677.676    36.87   45.20
-203377.307  1686.213    29.61   46.57
-203088.998  1693.064    23.76   47.16
-202800.676  1706.092    45.18   50.77
-202512.340  1722.403    56.56   54.81
-202223.991  1730.926    29.55   54.87
-201935.628  1733.592     9.25   50.26
-201647.251  1738.649    17.53   50.40
-201358.861  1744.668    20.87   50.93
-201070.458  1747.567    10.05   52.83
-200782.040  1760.910    46.26   56.15
-200493.609  1773.849    44.85   62.40
-200205.165  1795.744    75.89   55.73
-199916.707  1816.080    70.49   40.14
-199628.235  1826.759    37.01   33.52
-199339.750  1827.310     1.91   32.56
-199051.251  1826.638    -2.33   33.35
-198762.739  1822.463   -14.47   33.68
-198474.213  1822.000    -1.60   32.54
-198185.673  1828.537    22.65   29.73
-197897.120  1837.849    32.26   30.06
-197608.553  1848.925    38.38   34.60
-197319.972  1860.410    39.79   32.51
-197031.378  1856.269   -14.35   52.79
-196742.771  1841.440   -51.37   74.66
-196454.149  1837.675   -13.04   79.98
-196165.514  1822.940   -51.04   80.61
-195876.866  1815.567   -25.54   71.28
-195588.203  1799.627   -55.21   63.91
-195299.528  1793.894   -19.86   55.05
-195010.838  1790.910   -10.33   44.96
-194722.135  1793.925    10.44   40.18
-194433.418  1797.337    11.81   36.20
-194144.688  1797.719     1.32   34.92
-193855.944  1786.501   -38.84   35.86
-193567.186  1774.350   -42.08   40.45
-193278.415  1766.545   -27.02   39.95
-192989.630  1765.807    -2.55   39.21
-192700.831  1773.687    27.28   44.37
-192412.019  1780.396    23.23   47.97
-192123.193  1786.388    20.74   47.60
-191834.353  1795.757    32.43   42.38
-191545.500  1797.804     7.09   40.48
-191256.633  1803.633    20.18   34.73
-190967.752  1795.597   -27.82   40.66
-190678.858  1774.744   -72.17   49.26
-190389.950  1754.293   -70.78   52.84
-190101.028  1732.731   -74.62   49.99
-189812.092  1712.821   -68.90   50.68
-189523.143  1695.656   -59.39   47.41
-189234.181  1687.741   -27.39   44.09
-188945.204  1678.380   -32.39   53.53
-188656.214  1662.075   -56.41   67.55
-188367.210  1630.433  -109.47   82.65
-188078.193  1600.638  -103.08   91.10
-187789.161  1580.866   -68.40   93.43
-187500.117  1569.845   -38.12   91.38
-187211.058  1566.597   -11.23   84.72
-186921.986  1568.537     6.71   74.32
-186632.899  1576.734    28.35   72.03
-186343.800  1592.030    52.90   75.81
-186054.686  1618.077    90.08   76.12
-185765.559  1651.456   115.43   77.63
-185476.418  1666.201    50.99   77.62
-185187.263  1681.456    52.75   71.38
-184898.095  1687.806    21.96   71.64
-184608.913  1686.455    -4.67   77.02
-184319.717  1680.716   -19.84   86.71
-184030.507  1673.194   -26.01   99.12
-183741.284  1668.138   -17.48  104.05
-183452.047  1664.148   -13.79  102.28
-183162.796  1655.463   -30.02   99.63
-182873.532  1644.448   -38.07   89.84
-182584.253  1641.999    -8.46   77.24
-182294.961  1636.612   -18.62   62.54
-182005.655  1630.448   -21.30   54.88
-181716.336  1629.880    -1.96   57.58
-181427.002  1618.895   -37.96   68.65
-181137.655  1594.597   -83.96   81.90
-180848.294  1563.183  -108.55   97.45
-180558.920  1536.910   -90.78   99.67
-180269.531  1503.448  -115.62   91.75
-179980.129  1475.194   -97.61   87.88
-179690.713  1450.104   -86.68   79.21
-179401.283  1427.495   -78.10   77.88
-179111.840  1408.687   -64.97   79.35
-178822.383  1393.194   -53.52   80.44
-178532.911  1381.528   -40.30   83.37
-178243.427  1366.077   -53.37   76.49
-177953.928  1346.582   -67.33   68.71
-177664.415  1337.484   -31.42   61.04
-177374.889  1341.062    12.36   59.45
-177085.349  1330.403   -36.81   58.96
-176795.795  1329.679    -2.50   58.60
-176506.227  1332.836    10.90   65.21
-176216.646  1336.254    11.80   73.70
-175927.051  1343.350    24.50   87.69
-175637.442  1349.394    20.87   97.17
-175347.819  1342.030   -25.42  101.76
-175058.182  1330.851   -38.59  106.44
-174768.531  1319.366   -39.64  103.71
-174478.867  1317.631    -5.99  101.51
-174189.189  1325.910    28.58   98.74
-173899.497  1330.638    16.32   98.79
-173609.791  1332.223     5.47  108.44
-173320.071  1355.852    81.55  124.79
-173030.337  1400.522   154.16  124.96
-172740.590  1449.925   170.48  121.67
-172450.829  1500.746   175.37  126.72
-172161.054  1547.233   160.40  121.74
-171871.265  1562.274    51.89  109.21
-171581.462  1567.110    16.69  100.76
-171291.645  1551.623   -53.43   99.61
-171001.815  1523.426   -97.27  102.05
-170711.970  1489.851  -115.82  104.17
-170422.112  1447.418  -146.37   94.60
-170132.240  1405.552  -144.41   74.26
-169842.354  1375.847  -102.46   62.94
-169552.454  1356.456   -66.88   63.51
-169262.540  1339.866   -57.22   58.24
-168972.613  1329.660   -35.19   48.97
-168682.671  1315.403   -49.17   42.92
-168392.716  1303.680   -40.43   38.78
-168105.597  1287.116   -57.68   37.47
-167818.587  1276.212   -37.99   36.24
-167531.563  1266.234   -34.76   39.38
-167244.527  1251.925   -49.84   44.32
-166957.476  1241.368   -36.77   43.87
-166670.412  1230.597   -37.51   43.13
-166383.334  1226.372   -14.72   43.23
-166096.243  1224.701    -5.82   50.13
-165809.138  1224.927     0.78   57.37
-165522.020  1237.224    42.82   72.44
-165234.888  1240.895    12.79   73.24
-164947.742  1253.616    44.30   80.59
-164660.583  1264.687    38.55   80.08
-164373.411  1277.030    42.98   79.81
-164086.224  1284.033    24.38   75.91
-163799.024  1288.394    15.18   63.89
-163511.811  1289.716     4.60   58.47
-163224.584  1284.710   -17.43   50.46
-162937.343  1272.837   -41.33   50.75
-162650.089  1260.607   -42.57   51.68
-162362.821  1250.045   -36.76   50.01
-162075.539  1238.080   -41.64   46.76
-161788.244  1225.480   -43.85   52.77
-161500.936  1206.607   -65.68   65.22
-161213.613  1188.772   -62.07   66.28
-160926.277  1188.562    -0.73   68.97
-160638.928  1196.633    28.09   77.37
-160351.564  1211.547    51.89   82.22
-160064.188  1236.233    85.89   82.06
-159776.797  1272.410   125.86   66.54
-159489.393  1297.289    86.55   48.99
-159201.975  1309.614    42.87   45.42
-158914.544  1318.194    29.85   43.67
-158627.099  1314.095   -14.26   44.67
-158339.640  1303.358   -37.35   55.03
-158052.168  1285.864   -60.85   62.07
-157764.682  1264.971   -72.67   61.45
-157477.182  1254.941   -34.88   54.13
-157189.669  1246.633   -28.89   48.69
-156902.142  1265.910    67.04   70.52
-156614.601  1300.486   120.23   97.29
-156327.047  1353.469   184.23  128.13
-156039.479  1405.254   180.05  134.31
-155751.898  1459.537   188.74  115.54
-155464.302  1490.023   105.99   97.32
-155176.693  1503.310    46.19   94.87
-154889.071  1494.456   -30.78  101.31
-154601.434  1469.955   -85.17  106.55
-154313.784  1433.425  -126.98   96.89
-154026.121  1397.821  -123.76   80.04
-153738.443  1361.134  -127.51   57.98
-153450.752  1340.346   -72.25   55.27
-153163.048  1314.761   -88.92   60.72
-152875.329  1281.471  -115.69   75.42
-152587.597  1251.298  -104.85   80.52
-152299.851  1222.682   -99.44   83.05
-152012.092  1192.572  -104.62   79.88
-151724.319  1160.850  -110.22   72.99
-151436.532  1139.330   -74.77   74.02
-151148.731  1123.821   -53.88   75.05
-150860.917  1097.157   -92.63   77.41
-150573.088  1073.646   -81.67   80.42
-150285.247  1050.969   -78.77   82.98
-149997.391  1032.194   -65.22   78.25
-149709.522  1009.985   -77.14   83.59
-149421.639   988.529   -74.52   83.90
-149133.742   972.734   -54.86   89.62
-148845.832   964.680   -27.97  101.80
-148557.908   961.687   -10.39  123.21
-148269.970   972.612    37.94  142.71
-147982.018   988.269    54.37  148.91
-147694.053  1011.672    81.26  135.45
-147406.074  1029.598    62.24  109.73
-147118.081  1033.940    15.08   94.89
-146830.074  1045.987    41.82   80.77
-146542.054  1034.698   -39.19   82.90
-146254.020   983.532  -177.62  137.95
-145965.972   912.999  -244.84  188.60
-145677.910   840.016  -253.33  194.76
-145389.835   797.187  -148.66  178.93
-145101.745   780.698   -57.23  163.72
-144813.642   792.770    41.90  175.36
-144525.526   840.577   165.91  198.33
-144237.395   921.403   280.49  210.72
-143949.251  1004.552   288.54  189.90
-143661.093  1070.194   227.77  168.49
-143372.921  1134.803   224.18  141.25
-143084.735  1188.547   186.47  103.98
-142796.536  1227.114   133.80   77.68
-142508.323  1248.597    74.53   62.61
-142220.096  1260.380    40.88   57.99
-141931.855  1269.484    31.58   58.83
-141643.600  1284.956    53.67   57.16
-141355.332  1294.486    33.06   52.14
-141067.050  1285.577   -30.90   54.65
-140778.754  1285.772     0.68   54.81
-140490.444  1281.507   -14.79   55.38
-140202.120  1289.471    27.62   58.26
-139913.783  1296.999    26.10   53.24
-139625.432  1302.698    19.76   53.57
-139337.067  1311.507    30.55   51.91
-139048.688  1321.223    33.69   50.60
-138760.295  1319.710    -5.24   56.69
-138471.888  1304.138   -53.99   63.54
-138183.468  1285.821   -63.50   63.50
-137895.034  1276.969   -30.69   67.19
-137606.586  1258.183   -65.12   59.66
-137318.124  1236.836   -74.00   49.26
-137029.648  1225.959   -37.70   43.23
-136741.158  1220.326   -19.52   45.57
-136452.655  1212.687   -26.48   48.99
-136164.138  1203.134   -33.10   55.25
-135875.607  1182.896   -70.14   69.26
-135587.062  1164.865   -62.48   82.33
-135298.503  1139.433   -88.13   92.72
-135009.930  1118.459   -72.67   98.44
-134721.344  1095.388   -79.94  100.73
-134432.743  1065.537  -103.42  100.35
-134144.129  1045.968   -67.80   99.85
-133855.501  1021.013   -86.45   91.14
-133566.859  1012.418   -29.78   79.10
-133278.203   990.015   -77.60   84.69
-132989.533   969.701   -70.36   94.17
-132700.849   939.940  -103.08  100.13
-132412.152   915.537   -84.52   96.73
-132123.440   899.229   -56.48   88.40
-131834.715   889.895   -32.32   73.22
-131545.975   901.373    39.75   75.57
-131257.222   931.426   104.07   89.03
-130968.455   967.475   124.83   87.88
-130679.674   989.343    75.72   90.90
-130390.880  1018.284   100.20   90.05
-130102.071  1040.602    77.27   85.90
-129813.248  1066.492    89.63   71.81
-129524.412  1086.433    69.03   69.14
-129235.561  1098.787    42.77   69.37
-128946.697  1109.418    36.80   53.54
-128657.818  1109.478     0.21   55.32
-128368.926  1097.284   -42.21   59.27
-128080.020  1083.534   -47.59   61.31
-127791.100  1077.971   -19.25   60.11
-127502.166  1080.631     9.21   61.40
-127213.218  1081.172     1.87   62.90
-126924.256  1070.683   -36.29   53.51
-126635.280  1061.426   -32.03   52.48
-126346.290  1044.701   -57.87   57.44
-126057.287  1039.925   -16.53   56.79
-125768.269  1043.552    12.55   58.99
-125479.237  1048.763    18.03   59.33
-125190.192  1058.541    33.82   63.27
-124901.132  1073.016    50.07   66.13
-124612.059  1094.592    74.63   56.81
-124322.971  1107.057    43.11   43.29
-124033.870  1113.513    22.33   41.88
-123744.754  1114.970     5.04   50.05
-123455.625  1111.587   -11.70   60.21
-123166.482  1118.098    22.52   71.36
-122877.324  1143.516    87.90   89.76
-122588.153  1170.138    92.05  100.33
-122298.968  1197.249    93.74   94.13
-122009.769  1213.102    54.81   86.50
-121720.555  1215.627     8.73   87.59
-121431.328  1213.969    -5.73   92.70
-121142.087  1207.244   -23.25   96.11
-120852.832  1198.289   -30.95   95.62
-120563.563  1194.319   -13.72   93.32
-120274.279  1202.925    29.75   91.91
-119984.982  1199.606   -11.47   94.08
-119695.671  1202.552    10.18   88.10
-119406.346  1183.940   -64.32   97.01
-119117.007  1172.910   -38.12  109.42
-118827.653  1141.030  -110.17  120.95
-118538.286  1093.254  -165.09  125.07
-118248.905  1038.910  -187.77  124.65
-117959.510   989.539  -170.59  125.83
-117670.100   931.984  -198.85  111.53
-117380.677   882.060  -172.48   95.04
-117091.240   846.533  -122.73   82.01
-116801.788   813.119  -115.43   72.80
-116512.323   780.313  -113.32   66.66
-116222.843   753.322   -93.23   63.35
-115933.350   733.940   -66.95   59.56
-115643.842   717.089   -58.20   60.63
-115354.321   697.194   -68.71   57.19
-115064.785   688.894   -28.66   57.20
-114775.235   692.043    10.87   60.17
-114485.671   694.060     6.96   61.53
-114196.094   699.331    18.20   62.86
-113906.502   699.537     0.71   60.85
-113616.896   695.030   -15.56   62.89
-113327.276   688.744   -21.70   68.60
-113037.642   667.291   -74.06   72.81
-112747.994   645.672   -74.63   71.96
-112458.331   615.089  -105.57   66.81
-112168.655   601.396   -47.27   58.55
-111878.965   605.940    15.68   67.17
-111589.260   624.123    62.76   85.67
-111299.542   657.850   116.40   94.95
-111009.809   689.254   108.38   89.18
-110720.063   712.381    79.81   83.29
-110430.302   726.612    49.11   76.13
-110140.527   734.925    28.69   75.63
-109850.738   724.293   -36.69   86.70
-109560.935   702.264   -76.01   86.42
-109271.118   695.168   -24.48   79.91
-108981.286   690.341   -16.65   72.46
-108691.441   712.175    75.32   80.15
-108401.581   748.478   125.23  100.01
-108111.708   783.646   121.31  108.38
-107821.820   812.866   100.79  101.04
-107531.918   845.926   114.03   90.07
-107242.002   859.956    48.39   82.48
-106952.072   856.064   -13.42   87.29
-106662.128   829.478   -91.69   97.09
-106372.169   799.380  -103.79  104.39
-106083.695   763.999  -122.64  112.49
-105796.729   725.259  -134.99  113.50
-105509.748   674.373  -177.30  104.15
-105222.754   639.547  -121.34   93.37
-104935.746   618.126   -74.63   84.19
-104648.724   607.205   -38.05   74.09
-104361.688   603.836   -11.74   62.33
-104074.639   604.171     1.17   53.35
-103787.576   598.522   -19.68   51.71
-103500.498   586.547   -41.71   52.89
-103213.408   580.692   -20.39   51.78
-102926.303   575.819   -16.97   53.30
-102639.184   576.138     1.11   55.99
-102352.052   591.249    52.62   65.11
-102064.906   612.396    73.64   71.08
-101777.745   619.866    26.01   83.60
-101490.572   605.284   -50.77  112.78
-101203.384   584.117   -73.70  130.34
-100916.182   549.138  -121.78  151.05
-100628.967   501.480  -165.92  156.15
-100341.738   455.822  -158.95  135.84
-100054.494   418.273  -130.71   92.94
 -99767.237   391.001   -94.93   66.95
 -99479.967   381.638   -32.59   65.85
 -99192.682   374.739   -24.01   61.41
 -98905.383   371.926    -9.79   64.36
 -98618.071   378.510    22.92   65.35
 -98330.745   381.705    11.12   68.05
 -98043.405   389.102    25.74   63.72
 -97756.051   407.016    62.34   46.65
 -97468.683   415.016    27.84   48.18
 -97181.301   418.110    10.77   45.79
 -96893.905   417.821    -1.01   46.48
 -96606.496   427.664    34.25   52.51
 -96319.073   431.653    13.88   61.14
 -96031.635   424.013   -26.58   67.59
 -95744.184   421.000   -10.48   71.70
 -95456.719   417.448   -12.36   77.56
 -95169.240   410.264   -24.99   79.95
 -94881.747   411.567     4.53   87.27
 -94594.240   405.551   -20.92   87.26
 -94306.720   396.772   -30.53   92.20
 -94019.185   380.776   -55.63   83.08
 -93731.637   377.672   -10.80   68.41
 -93444.074   380.360     9.35   62.99
 -93156.498   387.985    26.51   69.93
 -92868.908   409.866    76.08   89.90
 -92581.304   447.088   129.41   97.26
 -92293.686   485.480   133.47   88.67
 -92006.054   514.940   102.42   85.98
 -91718.408   543.134    98.01   88.09
 -91430.748   556.881    47.78   98.25
 -91143.074   559.507     9.13   98.14
 -90855.387   548.719   -37.50  104.13
 -90567.685   545.688   -10.53  102.80
 -90279.969   537.516   -28.40   92.50
 -89992.240   540.304     9.69   93.01
 -89704.496   553.896    47.23  117.83
 -89416.739   595.366   144.11  141.46
 -89128.968   661.612   230.19  164.27
 -88841.182   723.293   214.31  165.74
 -88553.383   792.037   238.85  149.81
 -88265.570   844.522   182.34  140.74
 -87977.743   891.380   162.79  118.68
 -87689.902   914.660    80.87   92.27
 -87402.046   924.282    33.42   68.00
 -87114.177   930.705    22.31   43.70
 -86826.294   931.134     1.49   32.91
 -86538.397   934.973    13.33   40.44
 -86250.486   949.597    50.79   68.17
 -85962.561   995.633   159.88  130.00
 -85674.622  1064.254   238.30  176.88
 -85386.669  1158.896   328.65  206.77
 -85098.702  1246.313   303.55  193.62
 -84810.721  1315.239   239.32  154.49
 -84522.726  1356.770   144.20  109.15
 -84234.717  1361.072    14.94   85.59
 -83946.694  1338.317   -79.00   89.28
 -83658.658  1295.134  -149.91   89.42
 -83370.607  1239.229  -194.07   88.60
 -83082.542  1189.925  -171.14   90.96
 -82794.463  1137.343  -182.51   95.11
 -82506.370  1087.926  -171.52   96.72
 -82218.263  1035.528  -181.86  101.91
 -81930.142   981.348  -188.03  101.82
 -81642.007   934.322  -163.20   96.33
 -81353.858   880.249  -187.65   93.68
 -81065.694   827.627  -182.60   89.18
 -80777.517   781.075  -161.53   86.84
 -80489.326   739.218  -145.23   81.91
 -80201.121   687.146  -180.67  100.99
 -79912.902   649.037  -132.21   94.46
 -79624.668   619.219  -103.44   97.07
 -79336.421   607.822   -39.54  115.14
 -79048.160   621.587    47.75  144.94
 -78759.884   653.448   110.52  176.43
 -78471.595   708.849   192.16  181.23
 -78183.291   772.999   222.49  180.35
 -77894.974   837.704   224.41  155.65
 -77606.642   883.837   159.99  132.87
 -77318.297   930.160   160.64  103.52
 -77029.937   952.425    77.21   93.67
 -76741.563   971.606    66.51   73.39
 -76453.175   969.464    -7.43   79.42
 -76164.773   934.234  -122.15  112.53
 -75876.357   887.021  -163.69  143.17
 -75587.927   829.672  -198.82  166.92
 -75299.483   759.563  -243.04  189.65
 -75011.024   670.339  -309.29  194.71
 -74722.552   580.128  -312.70  184.26
 -74434.065   502.633  -268.61  176.48
 -74145.565   450.234  -181.62  163.85
 -73857.050   400.007  -174.08  150.79
 -73568.521   367.819  -111.55  153.84
 -73279.979   318.425  -171.18  145.40
 -72991.422   289.668   -99.65  144.29
 -72702.851   256.602  -114.58  116.97
 -72414.265   228.592   -97.05   88.07
 -72125.666   195.807  -113.59   54.36
 -71837.053   178.281   -60.72   36.22
 -71548.425   164.607   -47.37   21.61
 -71259.783   160.234   -15.15   15.87
 -70971.128   158.953    -4.44   16.74
 -70682.458   160.160     4.18   18.05
 -70393.774   159.224    -3.24   18.74
 -70105.076   161.234     6.96   20.65
 -69816.363   161.556     1.11   20.58
 -69527.637   162.062     1.75   19.60
 -69238.896   162.278     0.75   19.22
 -68950.142   170.125    27.17   29.10
 -68661.373   175.043    17.03   32.16
 -68372.590   180.313    18.25   31.61
 -68083.793   185.657    18.50   28.21
 -67794.981   186.201     1.88   25.54
 -67506.156   181.866   -15.01   25.62
 -67217.316   175.160   -23.21   28.98
 -66928.462   164.710   -36.18   24.19
 -66639.594   157.606   -24.59   21.30
 -66350.712   152.701   -16.98   17.89
 -66061.816   148.179   -15.65   12.23
 -65772.905   148.459     0.97   10.42
 -65483.981   151.582    10.81   14.44
 -65195.042   166.513    51.67   34.73
 -64906.089   186.896    70.54   54.00
 -64617.122   214.447    95.34   72.71
 -64328.140   258.149   151.22  104.04
 -64039.145   333.806   261.78  153.87
 -63750.135   406.636   251.99  174.37
 -63461.111   463.492   196.71  169.39
 -63172.073   527.778   222.40  152.55
 -62883.021   583.125   191.47  146.34
 -62593.954   625.519   146.65  137.83
 -62304.873   658.478   114.01  125.58
 -62015.778   665.478    24.21  131.50
 -61726.669   669.685    14.55  124.09
 -61437.546   674.298    15.96  117.33
 -61148.408   679.043    16.41  110.24
 -60859.256   690.782    40.60  103.69
 -60570.090   702.563    40.74   89.48
 -60280.910   704.896     8.07   75.80
 -59991.715   690.866   -48.51   75.21
 -59702.507   678.072   -44.24   86.40
 -59413.284   638.015  -138.49  114.14
 -59124.047   589.381  -168.14  127.39
 -58834.795   535.625  -185.84  136.06
 -58545.529   495.955  -137.13  126.53
 -58256.249   460.627  -122.12  106.41
 -57966.955   436.552   -83.21  101.18
 -57677.647   418.685   -61.76   96.00
 -57388.324   414.194   -15.52  109.37
 -57098.987   405.763   -29.14  116.27
 -56809.636   409.882    14.23  122.90
 -56520.270   395.925   -48.23  123.74
 -56230.891   373.047   -79.06  124.64
 -55941.497   362.104   -37.81  117.98
 -55652.088   358.212   -13.45  121.64
 -55362.666   371.131    44.64  139.88
 -55073.229   370.705    -1.47  148.22
 -54783.778   382.539    40.88  153.18
 -54494.313   378.440   -14.16  149.38
 -54204.833   384.986    22.61  132.41
 -53915.339   381.269   -12.84  113.30
 -53625.831   369.942   -39.12   94.76
 -53336.308   350.734   -66.34   89.72
 -53046.771   318.837  -110.16   93.64
 -52757.220   279.996  -134.14  103.95
 -52467.655   248.910  -107.35  111.70
 -52178.075   213.532  -122.17  108.56
 -51888.481   187.881   -88.57   96.37
 -51598.872   172.457   -53.25   80.01
 -51309.250   173.119     2.29   78.83
 -51019.613   176.969    13.29   76.64
 -50729.962   181.010    13.95   77.50
 -50440.296   185.597    15.83   78.11
 -50150.616   187.233     5.65   79.37
 -49860.922   188.672     4.96   83.57
 -49571.213   173.801   -51.33   80.58
 -49281.490   164.492   -32.13   84.69
 -48991.753   145.701   -64.85   82.86
 -48702.001   133.602   -41.76   82.05
 -48412.235   115.484   -62.52   71.97
 -48122.455    97.757   -61.17   58.82
 -47832.660    88.322   -32.55   50.35
 -47542.851    75.114   -45.58   26.36
 -47253.028    68.970   -21.20   20.38
 -46963.190    66.881    -7.21   21.18
 -46673.338    63.469   -11.77   22.70
 -46383.472    64.776     4.51   27.37
 -46093.591    71.941    24.72   36.09
 -45803.696    86.164    49.06   46.12
 -45513.786   104.787    64.24   50.11
 -45223.862   120.032    52.58   47.07
 -44933.924   135.060    51.83   37.36
 -44643.972   147.557    43.10   27.77
 -44354.004   151.532    13.71   25.79
 -44064.108   151.587     0.19   26.04
 -43777.185   143.478   -28.26   29.52
 -43490.248   131.849   -40.53   33.15
 -43203.297   126.537   -18.51   31.73
 -42916.332   121.701   -16.85   30.79
 -42629.353   111.910   -34.12   25.77
 -42342.360   104.925   -24.34   25.20
 -42055.353    97.957   -24.28   21.96
 -41768.332    96.969    -3.44   21.94
 -41481.296    97.317     1.21   20.86
 -41194.247    96.731    -2.04   19.57
 -40907.184    97.484     2.62   19.66
 -40620.106    97.239    -0.85   19.69
 -40333.015    95.778    -5.09   20.76
 -40045.909    89.045   -23.45   26.35
 -39758.790    78.716   -35.97   27.68
 -39471.656    70.023   -30.27   24.17
 -39184.508    68.642    -4.81   27.80
 -38897.346    70.999     8.21   41.28
 -38610.170    78.268    25.31   52.49
 -38322.980    79.099     2.89   55.14
 -38035.776    79.776     2.36   56.25
 -37748.558    75.612   -14.50   49.31
 -37461.326    72.457   -10.98   43.68
 -37174.080    69.761    -9.39   37.71
 -36886.819    68.134    -5.66   34.25
 -36599.544    71.997    13.45   36.80
 -36312.256    88.282    56.68   57.52
 -36024.953   114.116    89.92   87.05
 -35737.636   147.567   116.42  118.74
 -35450.305   171.133    82.01  120.80
 -35162.960   179.985    30.81  117.50
 -34875.601   171.373   -29.97  103.79
 -34588.228   162.440   -31.09   96.09
 -34300.840   152.539   -34.45   92.86
 -34013.438   154.013     5.13   98.96
 -33726.023   163.821    34.12  120.79
 -33438.593   178.051    49.51  127.10
 -33151.149   188.999    38.09  127.80
 -32863.691   199.126    35.23  118.36
 -32576.219   182.293   -58.55  119.00
 -32288.732   154.513   -96.63  112.79
 -32001.232   119.836  -120.61   92.07
 -31713.717    88.000  -110.72   60.34
 -31426.188    69.660   -63.78   39.89
 -31138.645    61.030   -30.01   26.31
 -30851.088    64.833    13.23   35.42
 -30563.517    71.865    24.45   42.34
 -30275.931    90.997    66.53   53.81
 -29988.332   106.668    54.49   60.07
 -29700.718   124.850    63.21   59.24
 -29413.090   136.418    40.22   50.49
 -29125.448   137.522     3.84   44.08
 -28837.792   132.668   -16.88   41.55
 -28550.121   119.157   -46.97   34.85
 -28262.437   101.388   -61.76   31.96
 -27974.738    90.471   -37.95   28.21
 -27687.025    82.896   -26.33   23.79
 -27399.297    77.547   -18.59   19.37
 -27111.556    76.328    -4.23   17.71
 -26823.800    80.547    14.66   21.12
 -26536.031    88.957    29.22   25.89
 -26248.247    94.705    19.97   29.30
 -25960.449   104.448    33.85   38.87
 -25672.636   120.838    56.95   55.64
 -25384.810   138.057    59.82   67.17
 -25096.969   156.501    64.08   69.86
 -24809.114   160.713    14.63   67.87
 -24521.245   164.033    11.53   67.02
 -24233.361   154.087   -34.55   65.13
 -23945.463   138.433   -54.37   58.34
 -23657.552   125.838   -43.74   48.58
 -23369.625   117.734   -28.15   45.08
 -23081.685   118.925     4.14   49.87
 -22793.731   135.532    57.67   67.92
 -22505.762   152.741    59.76   78.51
 -22217.779   182.819   104.44   78.23
 -21929.781   196.418    47.22   68.88
 -21641.770   192.881   -12.28   69.38
 -21353.744   182.358   -36.54   73.46
 -21065.704   158.028   -84.47   75.99
 -20777.650   131.218   -93.07   69.01
 -20489.581   106.972   -84.17   62.48
 -20201.498    87.104   -68.96   50.08
 -19913.401    74.821   -42.64   33.51
 -19625.290    72.403    -8.39   27.46
 -19337.164    78.701    21.86   33.07
 -19049.025    90.205    39.92   41.44
 -18760.871    99.680    32.88   46.85
 -18472.702   104.695    17.40   49.21
 -18184.519   109.028    15.04   54.79
 -17896.323   106.880    -7.45   55.72
 -17608.111   105.099    -6.18   56.99
 -17319.886    91.985   -45.50   52.12
 -17031.646    75.838   -56.02   46.51
 -16743.392    59.016   -58.36   38.33
 -16455.123    50.085   -30.98   31.92
 -16166.841    43.072   -24.33   27.24
 -15878.544    38.295   -16.57   21.76
 -15590.233    34.910   -11.74   15.46
 -15301.907    36.810     6.59   14.15
 -15013.567    38.519     5.93   14.21
 -14725.213    42.701    14.50   15.94
 -14436.844    44.770     7.17   16.36
 -14148.462    44.131    -2.22   16.47
 -13860.064    41.335    -9.70   17.26
 -13571.653    44.157     9.78   19.19
 -13283.227    47.239    10.69   20.20
 -12994.787    50.116     9.98   21.18
 -12706.333    48.616    -5.20   22.83
 -12417.864    45.879    -9.49   26.15
 -12129.381    42.734   -10.90   29.03
 -11840.883    39.710   -10.48   30.66
 -11552.371    39.131    -2.01   34.02
 -11263.845    40.625     5.18   36.77
 -10975.305    46.746    21.22   40.52
 -10686.750    55.249    29.47   40.71
 -10398.181    64.957    33.64   36.18
 -10109.597    72.293    25.42   30.87
  -9820.999    79.372    24.53   20.62
  -9532.387    83.273    13.52   21.80
  -9243.760    90.403    24.70   21.70
  -8955.119    96.627    21.56   21.40
  -8666.464   103.910    25.23   20.40
  -8377.794   110.082    21.38   19.32
  -8089.110   118.190    28.08   17.66
  -7800.412   125.757    26.21   14.95
  -7511.699   132.337    22.79   14.20
  -7222.972   138.307    20.68   12.91
  -6934.230   143.269    17.18   11.33
  -6645.474   146.209    10.18    8.34
  -6356.704   145.551    -2.28    9.55
  -6067.919   140.850   -16.28   12.95
  -5779.120   136.433   -15.29   14.86
  -5490.306   130.749   -19.68   14.83
  -5201.478   125.925   -16.70   13.53
  -4912.636   122.456   -12.01    8.72
  -4623.779   120.986    -5.09    6.37
  -4334.908   117.341   -12.62   13.06
  -4046.022   113.471   -13.40   19.96
  -3757.122   107.280   -21.43   27.23
  -3468.207   102.822   -15.43   32.79
  -3179.278    98.664   -14.39   38.83
  -2890.335    86.157   -43.29   45.73
  -2601.377    75.463   -37.01   55.56
  -2312.405    68.955   -22.52   59.43
  -2023.419    65.516   -11.90   62.41
  -1734.417    56.941   -29.67   60.56
  -1445.402    45.986   -37.90   54.74
  -1156.372    41.425   -15.78   51.12
   -867.328    33.449   -27.60   43.50
   -578.269    31.089    -8.16   39.15
   -289.196    26.971   -14.25   35.05
     -0.108    26.229    -2.57   36.76
    288.994    23.971    -7.81   34.22
    578.111    21.077   -10.01   31.12
    867.242    18.881    -7.60   28.69
   1156.388    18.880    -0.00   26.44
   1445.548    23.761    16.88   31.64
   1734.722    32.319    29.60   39.86
   2023.911    44.486    42.07   49.91
   2313.115    66.343    75.58   57.50
   2602.333    86.633    70.16   54.35
   2891.565   100.789    48.94   47.63
   3180.812   114.075    45.93   34.08
   3470.073   121.705    26.38   21.37
   3759.349   116.819   -16.89   24.46
   4048.640   109.141   -26.54   24.74
   4337.945   103.791   -18.49   23.41
   4627.264   101.880    -6.61   22.95
   4916.598   101.660    -0.76   24.18
   5205.946   105.866    14.53   24.74
   5495.309   112.968    24.55   24.01
   5784.687   123.471    36.29   19.61
   6074.078   128.803    18.42   17.45
   6363.485   134.263    18.87   16.57
   6652.906   139.895    19.46   14.99
   6942.341   144.476    15.83   13.44
   7231.791   149.104    15.99   15.36
   7521.256   154.751    19.51   16.25
   7810.735   160.062    18.35   15.08
   8100.228   164.672    15.93   15.79
   8389.737   171.190    22.51   16.07
   8679.259   177.464    21.67   15.25
   8968.796   180.664    11.05   14.34
   9258.348   181.707     3.60   15.29
   9547.915   179.345    -8.16   17.13
   9837.495   175.001   -15.00   19.22
  10127.091   170.514   -15.50   18.79
  10416.701   169.396    -3.86   19.61
  10706.325   171.418     6.98   21.96
  10995.964   172.751     4.60   23.56
  11285.618   173.425     2.33   24.69
  11575.286   172.490    -3.23   27.09
  11864.969   170.955    -5.30   32.41
  12154.666   164.223   -23.24   36.09
  12444.378   155.836   -28.95   38.21
  12734.105   147.146   -29.99   37.21
  13023.846   141.693   -18.82   36.09
  13313.602   137.968   -12.86   36.46
  13603.372   132.881   -17.55   34.27
  13893.157   131.837    -3.60   34.70
  14182.956   126.910   -17.00   30.90
  14472.770   119.955   -24.00   32.95
  14762.599   106.646   -45.92   29.58
  15052.442    93.940   -43.84   31.32
  15342.300    81.316   -43.55   29.25
  15632.172    72.194   -31.47   25.32
  15922.059    64.072   -28.02   22.30
  16211.961    57.572   -22.42   17.82
  16501.877    56.865    -2.44   16.48
  16791.808    51.113   -19.84   20.30
  17081.754    43.224   -27.21   26.05
  17371.714    33.693   -32.87   30.25
  17661.689    26.141   -26.04   30.30
  17951.678    20.410   -19.76   26.54
  18239.952    22.001     5.52   28.42
  18526.845    25.310    11.53   30.19
  18813.753    32.646    25.57   32.01
  19100.674    43.731    38.64   30.09
  19387.610    54.447    37.34   25.18
  19674.561    62.642    28.56   16.98
  19961.525    69.395    23.53   12.50
  20248.504    72.713    11.56   11.66
  20535.498    74.818     7.33   10.44
  20822.505    78.403    12.49   10.42
  21109.527    82.537    14.40    9.63
  21396.563    85.534    10.44    8.74
  21683.613    88.896    11.71    7.71
  21970.678    90.690     6.25    7.48
  22257.757    91.326     2.22    8.16
  22544.850    91.092    -0.81   10.95
  22831.958    90.687    -1.41   14.80
  23119.080    89.264    -4.95   17.56
  23406.216    90.476     4.22   18.88
  23693.367    92.701     7.75   20.53
  23980.532    96.780    14.20   21.46
  24267.711   102.164    18.75   21.07
  24554.904   103.818     5.76   19.81
  24842.112   109.410    19.47   18.15
  25129.334   115.957    22.79   16.62
  25416.571   122.298    22.08   14.43
  25703.822   128.707    22.31   11.77
  25991.087   133.205    15.65   10.78
  26278.367   138.190    17.35   11.57
  26565.660   142.020    13.33   12.55
  26852.969   146.513    15.64   13.42
  27140.291   148.850     8.13   15.40
  27427.628   150.822     6.86   16.07
  27714.980   151.099     0.96   19.79
  28002.345   151.075    -0.08   21.48
  28289.725   148.970    -7.32   24.53
  28577.120   147.649    -4.60   25.49
  28864.529   142.440   -18.12   27.91
  29151.952   142.787     1.21   25.61
  29439.389   139.987    -9.74   24.95
  29726.841   136.381   -12.55   23.88
  30014.307   135.672    -2.47   22.83
  30301.788   134.072    -5.56   22.53
  30589.283   132.045    -7.05   21.61
  30876.793   128.986   -10.64   22.16
  31164.316   127.441    -5.38   21.43
  31451.855   123.757   -12.81   23.28
  31739.407   122.690    -3.71   22.72
  32026.974   121.433    -4.37   21.49
  32314.556   119.592    -6.40   20.71
  32602.152   119.969     1.31   18.92
  32889.762   121.209     4.31   18.17
  33177.387   124.516    11.50   16.24
  33465.026   125.572     3.67   15.52
  33752.679   127.131     5.42   13.05
  34040.347   127.791     2.29   11.92
  34328.029   128.432     2.23   12.47
  34615.726   128.410    -0.08   13.67
  34903.437   127.215    -4.16   14.96
  35191.163   126.045    -4.07   15.72
  35478.903   126.120     0.26   16.62
  35766.657   125.102    -3.54   16.79
  36054.426   123.672    -4.97   17.34
  36342.210   122.505    -4.06   16.22
  36630.008   120.353    -7.48   16.94
  36917.820   118.055    -7.98   17.22
  37205.647   116.433    -5.64   16.05
  37493.488   115.749    -2.38   17.33
  37781.343   117.778     7.05   18.87
  38069.213   119.102     4.60   20.56
  38357.098   118.070    -3.58   21.26
  38644.997   115.882    -7.60   21.62
  38932.910   115.969     0.30   22.35
  39220.838   113.999    -6.84   22.47
  39508.781   111.064   -10.19   21.09
  39796.738   108.507    -8.88   19.82
  40084.709   108.695     0.65   21.08
  40372.695   108.469    -0.78   21.98
  40660.695   106.696    -6.16   22.41
  40948.710   101.821   -16.93   25.38
  41236.740    95.716   -21.19   26.85
  41524.783    86.638   -31.52   25.91
  41812.842    78.198   -29.30   21.84
  42100.914    70.304   -27.40   17.18
  42389.002    64.418   -20.43   13.68
  42677.104    61.567    -9.90   11.57
  42965.220    61.016    -1.91   11.07
  43253.351    63.719     9.38   15.47
  43541.496    67.380    12.71   18.90
  43829.656    70.623    11.25   19.96
  44117.830    74.478    13.38   20.46
  44406.019    79.833    18.59   20.77
  44694.223    82.552     9.43   19.96
  44982.441    88.582    20.92   23.84
  45270.673    98.418    34.13   37.48
  45558.920   112.116    47.53   50.83
  45847.182   114.157     7.08   53.25
  46135.458   119.425    18.28   57.21
  46423.748   119.192    -0.81   52.81
  46712.054   127.478    28.74   55.56
  47000.373   135.984    29.50   57.56
  47288.708   142.229    21.66   58.08
  47577.057   148.822    22.87   57.08
  47865.420   160.457    40.35   55.35
  48153.798   167.587    24.72   53.88
  48442.190   174.289    23.24   52.34
  48730.597   168.102   -21.46   55.63
  49019.019   166.476    -5.64   56.24
  49307.455   161.403   -17.59   57.13
  49595.906   156.716   -16.25   58.30
  49884.371   151.910   -16.66   58.09
  50172.851   145.705   -21.51   59.22
  50461.346   141.049   -16.14   57.43
  50749.855   126.572   -50.18   55.37
  51038.379   118.070   -29.47   51.24
  51326.917   109.168   -30.85   46.80
  51615.470    98.638   -36.50   33.33
  51904.037    92.274   -22.05   21.41
  52192.619    87.791   -15.54   11.04
  52481.216    88.713     3.20    9.82
  52769.827    91.043     8.07   10.34
  53058.453    94.910    13.40   11.62
  53347.094    99.726    16.68   14.37
  53635.749   102.621    10.03   14.85
  53924.419   104.337     5.95   14.82
  54213.103   105.141     2.79   15.57
  54501.802   103.668    -5.10   17.25
  54790.516    99.018   -16.11   18.42
  55079.244    93.164   -20.28   17.95
  55367.987    86.388   -23.47   16.40
  55656.744    80.707   -19.67   13.95
  55945.516    77.476   -11.19   12.30
  56234.303    74.326   -10.91    9.04
  56523.104    73.352    -3.37    7.48
  56811.920    73.379     0.10    7.08
  57100.751    73.433     0.19    6.47
  57389.597    75.116     5.83    6.10
  57678.457    76.736     5.61    5.84
  57967.331    78.425     5.85    5.49
  58256.220    80.080     5.73    5.42
  58545.124    81.440     4.71    5.90
  58834.043    83.107     5.77    6.55
  59122.976    84.587     5.12    7.23
  59411.924    88.012    11.85    8.31
  59700.887    92.366    15.07   10.45
  59989.864    99.776    25.64   14.47
  60278.856   107.192    25.66   17.93
  60567.863   117.984    37.34   21.71
  60856.884   129.126    38.55   23.68
  61145.921   137.337    28.41   23.67
  61434.971   141.910    15.82   21.72
  61724.037   145.030    10.79   22.26
  62013.117   147.441     8.34   22.37
  62302.212   149.092     5.71   23.09
  62591.321   151.687     8.97   25.46
  62880.446   157.335    19.54   27.40
  63169.584   160.675    11.55   26.29
  63458.738   165.293    15.97   23.90
  63747.907   166.526     4.26   19.00
  64037.090   167.045     1.79   15.23
  64326.287   166.440    -2.09   12.09
  64615.500   164.501    -6.70    8.71
  64904.727   164.104    -1.37    8.68
  65193.969   163.410    -2.40    8.06
  65483.226   164.107     2.41    8.08
  65772.498   165.895     6.18    9.35
  66061.784   167.461     5.41    8.91
  66351.085   168.380     3.18    8.24
  66640.400   168.741     1.25    8.97
  66929.731   168.175    -1.96   13.62
  67219.076   166.572    -5.54   16.08
  67508.436   162.194   -15.13   19.47
  67797.811   156.410   -19.99   21.50
  68087.200   154.157    -7.79   23.03
  68376.604   152.469    -5.83   23.83
  68666.023   154.587     7.32   22.79
  68955.457   153.469    -3.86   21.88
  69244.905   150.547   -10.10   21.03
  69534.369   145.925   -15.97   21.75
  69823.847   141.239   -16.19   23.04
  70113.340   136.476   -16.46   21.80
  70402.847   134.484    -6.88   22.38
  70692.370   132.395    -7.22   21.13
  70981.907   131.205    -4.11   22.11
  71271.459   125.791   -18.70   21.13
  71561.026   121.253   -15.67   22.04
  71850.607   116.053   -17.96   19.99
  72140.204   108.631   -25.63   16.13
  72429.815   102.707   -20.45   12.90
  72719.441    98.668   -13.95    9.86
  73009.081    99.001     1.15   10.17
  73298.737   100.657     5.72   11.91
  73588.407   105.041    15.14   16.23
  73878.093   107.780     9.46   17.81
  74167.793   109.852     7.15   16.89
  74457.508   113.587    12.89   16.45
  74747.237   114.618     3.56   16.00
  75036.982   115.456     2.89   15.66
  75326.741   114.168    -4.44   15.95
  75616.515   111.000   -10.93   16.05
  75906.304   108.867    -7.36   16.95
  76196.108   105.763   -10.71   16.76
  76485.927   101.793   -13.70   15.29
  76775.760    97.426   -15.07   10.36
  77065.609    97.249    -0.61    9.44
  77355.472    96.057    -4.11    9.55
  77645.350    94.705    -4.67    9.63
  77935.243    93.396    -4.51    9.91
  78225.151    92.403    -3.43    9.85
  78515.073    91.484    -3.17    9.78
  78805.011    91.190    -1.01    8.80
  79094.963    91.723     1.84    9.11
  79384.931    92.418     2.40    9.85
  79674.913    94.099     5.80   10.97
  79964.910    96.096     6.89   11.12
  80254.689    96.142     0.16   11.12
  80541.538    95.592    -1.92   11.51
  80828.401    95.131    -1.61   11.57
  81115.279    94.603    -1.84   11.10
  81402.171    94.592    -0.04   10.16
  81689.077    95.439     2.95   10.82
  81975.998    95.925     1.69   11.07
  82262.934    96.244     1.11   10.49
  82549.884    95.582    -2.31    9.12
  82836.849    94.209    -4.79    7.44
  83123.828    94.603     1.37    8.00
  83410.822    94.653     0.17    8.27
  83697.830    96.239     5.53   13.53
  83984.853    95.719    -1.81   13.35
  84271.890    97.505     6.22   16.66
  84558.942    97.821     1.10   16.14
  84846.009    98.563     2.58   17.03
  85133.090   100.516     6.81   19.84
  85420.185    99.095    -4.95   17.63
  85707.295   103.646    15.85   23.07
  85994.420   105.653     6.99   28.43
  86281.559   108.736    10.74   32.92
  86568.713   112.125    11.80   36.29
  86855.881   115.200    10.71   36.70
  87143.064   115.278     0.27   36.57
  87430.262   114.192    -3.78   34.96
  87717.474   112.160    -7.07   28.51
  88004.700   111.532    -2.19   24.24
  88291.942   109.296    -7.78   21.14
  88579.197   108.693    -2.10   19.89
  88866.468   109.866     4.08   20.62
  89153.753   109.675    -0.66   18.62
  89441.052   111.319     5.72   19.65
  89728.366   112.343     3.56   19.40
  90015.695   116.729    15.26   22.10
  90303.039   119.043     8.05   23.28
  90590.396   123.925    16.99   26.10
  90877.769   129.480    19.33   25.93
  91165.156   134.055    15.92   26.39
  91452.558   137.389    11.60   28.52
  91739.974   138.557     4.06   27.19
  92027.405   145.528    24.26   36.11
  92314.851   140.989   -15.79   31.04
  92602.311   148.160    24.95   48.66
  92889.786   145.102   -10.64   42.58
  93177.275   147.739     9.17   43.41
  93464.780   150.810    10.68   45.26
  93752.298   156.985    21.48   52.17
  94039.832   175.660    64.96   65.68
  94327.380   195.218    68.02   70.49
  94614.942   210.138    51.89   78.23
  94902.520   229.825    68.46   84.41
  95190.112   245.646    55.02   86.25
  95477.718   257.396    40.86   85.30
  95765.340   271.358    48.55   82.32
  96052.975   276.631    18.33   86.73
  96340.626   294.759    63.03   84.12
  96628.291   297.757    10.42   86.86
  96915.971   306.307    29.73   85.76
  97203.666   318.131    41.10   84.04
  97491.375   328.368    35.58   82.76
  97779.099   335.749    25.66   79.41
  98066.838   342.131    22.18   78.37
  98354.591   357.926    54.89   69.09
  98642.359   365.987    28.02   67.34
  98930.141   369.469    12.10   58.71
  99217.939   368.543    -3.22   56.29
  99505.751   366.333    -7.68   55.37
  99793.577   368.997     9.26   58.24
 100081.419   371.807     9.76   55.04
 100369.275   377.045    18.20   49.65
 100657.146   378.192     3.98   44.08
 100945.031   381.572    11.74   41.87
 101232.932   386.352    16.60   43.15
 101520.846   383.418   -10.19   44.77
 101808.776   377.982   -18.88   48.51
 102096.721   374.646   -11.59   47.40
 102384.680   366.910   -26.86   47.95
 102672.653   364.744    -7.52   48.12
 102960.642   360.441   -14.94   46.32
 103248.645   353.910   -22.68   41.60
 103536.663   353.055    -2.97   42.58
 103824.696   356.577    12.23   44.14
 104112.743   364.499    27.50   46.88
 104400.806   371.307    23.64   51.89
 104688.883   377.833    22.66   55.28
 104976.974   370.047   -27.03   64.36
 105265.081   372.307     7.85   72.24
 105553.202   362.249   -34.91   81.03
 105841.338   362.084    -0.57   88.98
 106129.489   349.837   -42.51   98.21
 106417.654   338.539   -39.21  107.40
 106705.834   326.358   -42.27  115.88
 106994.029   311.835   -50.40  118.51
 107282.239   314.660     9.81  128.59
 107570.463   310.284   -15.19  130.09
 107858.703   299.496   -37.43  132.40
 108146.957   289.439   -34.89  132.08
 108435.226   287.366    -7.19  131.78
 108723.509   284.660    -9.39  132.10
 109011.808   279.032   -19.53  135.56
 109300.121   264.660   -49.85  135.82
 109588.449   264.141    -1.80  136.08
 109876.792   246.778   -60.22  135.72
 110165.150   238.382   -29.12  134.38
 110453.522   223.075   -53.09  127.20
 110741.909   206.746   -56.62  121.93
 111030.311   192.627   -48.96  118.33
 111318.728   172.456   -69.94  115.73
 111607.160   168.537   -13.59  119.25
 111895.606   149.759   -65.11  113.89
 112184.067   143.343   -22.24  112.79
 112472.543   125.403   -62.20   99.61
 112761.034   115.810   -33.25   96.60
 113049.540    98.597   -59.67   86.03
 113338.061    81.956   -57.68   71.14
 113626.596    76.793   -17.90   66.11
 113915.146    68.456   -28.90   49.56
 114203.711    64.778   -12.75   43.88
 114492.291    55.596   -31.82   37.03
 114780.886    47.793   -27.04   35.34
 115069.496    38.837   -31.03   29.82
 115358.120    38.020    -2.83   29.03
 115646.760    35.057   -10.26   27.63
 115935.414    34.572    -1.68   28.68
 116224.083    33.968    -2.09   27.28
 116512.767    36.896    10.14   25.83
 116801.466    41.866    17.22   24.59
 117090.179    48.164    21.82   24.80
 117378.908    52.955    16.60   26.53
 117667.651    59.259    21.83   27.05
 117956.409    62.746    12.08   29.71
 118245.182    72.244    32.89   29.48
 118533.970    79.749    25.99   30.55
 118822.773    87.731    27.64   27.90
 119111.591    94.287    22.70   26.55
 119400.424    93.149    -3.94   32.55
 119689.271    81.987   -38.65   47.83
 119978.134    64.013   -62.23   54.97
 120267.011    46.501   -60.63   53.16
 120555.904    37.026   -32.80   47.47
 120844.811    33.696   -11.53   44.10
 121133.733    34.268     1.98   44.94
 121422.670    46.175    41.22   47.55
 121711.622    62.879    57.81   47.09
 122000.589    76.852    48.36   47.20
 122289.570    93.895    58.99   43.05
 122578.567   111.039    59.33   46.64
 122867.579   132.325    73.66   46.11
 123156.605   146.337    48.49   43.51
 123445.647   148.572     7.73   42.92
 123734.703   149.426     2.95   42.94
 124023.774   148.971    -1.57   43.94
 124312.861   152.047    10.64   43.16
 124601.962   156.469    15.30   43.91
 124891.078   172.794    56.47   54.34
 125180.209   189.478    57.71   63.83
 125469.355   213.722    83.86   67.47
 125758.516   235.280    74.56   64.29
 126047.692   252.516    59.61   63.15
 126336.883   270.969    63.81   62.61
 126626.089   303.259   111.66   58.50
 126915.310   321.968    64.70   52.56
 127204.546   329.461    25.91   48.45
 127493.797   317.331   -41.94   64.76
 127783.063   304.850   -43.15   76.68
 128072.344   291.880   -44.84   80.42
 128361.639   282.175   -33.55   78.14
 128650.950   275.057   -24.60   71.07
 128940.276   270.113   -17.09   64.67
 129229.617   276.453    21.91   59.93
 129518.972   285.896    32.64   52.11
 129808.343   280.606   -18.28   59.03
 130097.729   264.926   -54.19   58.76
 130387.130   251.986   -44.72   54.80
 130676.545   248.209   -13.05   54.71
 130965.976   241.837   -22.02   58.38
 131255.422   243.382     5.34   58.24
 131544.883   237.631   -19.87   59.76
 131834.359   228.656   -31.01   57.86
 132123.849   225.910    -9.49   57.27
 132413.355   223.458    -8.47   58.11
