-266412.833   531.069     0.00  105.97
-266123.578   500.875  -104.36  106.85
-265834.308   486.933   -48.19  101.29
-265545.022   455.359  -109.12   94.77
-265255.722   432.477   -79.08   85.44
-264966.407   415.340   -59.22   79.30
-264677.077   408.118   -24.96   76.19
-264387.732   405.623    -8.62   82.12
-264098.371   393.265   -42.70   88.52
-263808.996   393.471     0.71   92.67
-263519.606   390.197   -11.31   95.72
-263230.200   383.183   -24.23   95.53
-262940.780   388.197    17.32   97.58
-262651.345   398.497    35.58  103.16
-262361.894   392.830   -19.57  102.98
-262072.429   408.521    54.20  119.78
-261782.948   432.591    83.13  127.22
-261493.453   472.384   137.43  137.74
-261203.942   531.969   205.77  142.81
-260914.416   569.383   129.20  132.47
-260624.876   608.958   136.65  114.94
-260335.320   635.098    90.26   93.14
-260045.749   622.345   -44.03   97.29
-259756.163   600.062   -76.93  114.67
-259466.562   562.349  -130.19  110.32
-259176.946   517.624  -154.40  110.34
-258887.315   476.380  -142.37  108.84
-258597.669   433.168  -149.16  100.91
-258308.007   402.389  -106.24  104.00
-258018.331   367.925  -118.95   94.85
-257728.640   343.026   -85.93   80.06
-257438.933   318.340   -85.19   71.63
-257149.212   310.918   -25.61   65.10
-256859.475   302.817   -27.95   58.35
-256569.723   300.754    -7.12   52.29
-256279.956   304.080    11.47   47.90
-255990.174   304.440     1.24   45.99
-255700.377   304.698     0.89   44.39
-255410.565   293.637   -38.16   45.49
-255120.737   284.345   -32.06   45.31
-254830.895   275.026   -32.14   43.94
-254541.037   265.060   -34.38   43.45
-254251.165   263.263    -6.20   45.77
-253961.277   258.031   -18.04   42.68
-253671.374   264.506    22.33   44.95
-253381.456   267.483    10.26   50.51
-253093.466   282.813    53.22   66.40
-252806.751   306.569    82.84   88.70
-252520.020   341.683   122.44  106.24
-252233.275   376.608   121.77  114.16
-251946.516   406.698   104.91   98.91
-251659.741   426.198    67.98   84.90
-251372.952   446.800    71.82   78.84
-251086.148   445.925    -3.05   81.56
-250799.330   437.160   -30.55   78.53
-250512.496   427.153   -34.88   77.71
-250225.648   427.190     0.13   81.49
-249938.785   427.065    -0.44   82.88
-249651.907   410.310   -58.39   75.61
-249365.015   398.977   -39.49   75.15
-249078.107   378.653   -70.82   70.46
-248791.185   368.256   -36.23   70.90
-248504.248   351.626   -57.95   63.94
-248217.297   333.862   -61.89   56.79
-247930.330   329.263   -16.02   55.95
-247643.349   326.609    -9.24   56.76
-247356.353   318.757   -27.35   55.04
-247069.342   313.349   -18.84   54.84
-246782.316   312.107    -4.33   57.98
-246495.276   311.755    -1.23   57.39
-246208.221   304.021   -26.94   56.52
-245921.151   297.954   -21.13   54.17
-245634.066   290.611   -25.57   56.26
-245346.966   283.595   -24.44   52.29
-245059.851   275.506   -28.17   48.51
-244772.722   273.744    -6.14   54.17
-244485.578   279.295    19.33   60.79
-244198.419   289.097    34.13   67.50
-243911.245   306.436    60.37   75.45
-243624.056   324.069    61.38   82.31
-243336.853   336.250    42.41   82.91
-243049.635   349.712    46.86   79.53
-242762.401   343.425   -21.88   80.67
-242475.153   340.956    -8.60   79.64
-242187.891   339.205    -6.09   74.41
-241900.613   335.653   -12.36   63.45
-241613.320   336.811     4.03   59.50
-241326.013   345.962    31.84   66.13
-241038.691   361.869    55.35   63.85
-240751.353   372.668    37.58   60.89
-240464.001   383.243    36.80   57.39
-240176.635   376.903   -22.06   58.96
-239889.253   374.608    -7.99   60.99
-239601.856   384.740    35.25   67.96
-239314.445   388.911    14.51   73.50
-239027.018   404.595    54.55   82.39
-238739.577   415.378    37.51   76.79
-238452.121   424.534    31.84   77.83
-238164.650   415.101   -32.81   89.43
-237877.164   393.622   -74.70  103.93
-237589.663   372.050   -75.02  106.26
-237302.147   352.811   -66.90   98.95
-237014.617   331.429   -74.35   89.26
-236727.071   313.300   -63.03   84.38
-236439.511   322.862    33.24   84.34
-236151.935   328.375    19.17   77.38
-235864.345   337.300    31.03   84.58
-235576.740   323.183   -49.08   92.93
-235289.120   318.874   -14.98  113.01
-235001.485   308.983   -34.38  122.70
-234713.835   289.306   -68.39  124.23
-234426.170   265.862   -81.48  112.32
-234138.490   240.775   -87.19   94.74
-233850.796   218.403   -77.75   77.23
-233563.086   194.837   -81.90   67.57
-233275.361   181.639   -45.86   60.19
-232987.622   171.320   -35.85   58.49
-232699.867   161.046   -35.70   58.01
-232412.098   149.770   -39.18   50.64
-232124.313   139.756   -34.79   35.53
-231836.514   136.575   -11.05   33.35
-231548.700   132.962   -12.55   30.67
-231260.871   136.637    12.76   33.73
-230973.026   146.205    33.24   38.10
-230685.167   156.060    34.23   45.59
-230397.293   155.987    -0.25   46.16
-230109.404   157.045     3.67   46.71
-229821.500   159.083     7.08   46.53
-229533.581   153.271   -20.18   41.54
-229245.647   145.865   -25.72   38.01
-228957.698   138.364   -26.04   32.79
-228669.734   142.940    15.89   34.82
-228381.755   143.986     3.63   34.56
-228093.761   145.728     6.05   39.52
-227805.752   150.071    15.08   41.20
-227517.728   149.548    -1.81   37.79
-227229.689   147.265    -7.93   36.57
-226941.635   140.414   -23.78   34.49
-226653.566   131.624   -30.51   29.34
-226365.482   124.593   -24.40   25.50
-226077.383   118.140   -22.40   18.13
-225789.269   112.783   -18.59   11.15
-225501.140   110.474    -8.01    6.81
-225212.996   110.492     0.06    6.44
-224924.836   111.713     4.24    7.69
-224636.662   113.345     5.66    9.02
-224348.473   114.383     3.60   10.17
-224060.269   114.862     1.66   11.82
-223772.050   116.506     5.70   14.82
-223483.815   117.001     1.72   15.17
-223195.566   120.922    13.60   20.00
-222907.302   131.501    36.69   38.60
-222619.022   152.981    74.50   66.50
-222330.728   180.374    95.00   88.94
-222042.418   208.977    99.19   97.31
-221754.094   233.880    86.36  103.30
-221465.754   266.397   112.75  101.32
-221177.400   289.832    81.26   91.15
-220889.030   300.712    37.72   83.07
-220600.645   297.577   -10.87   86.03
-220312.245   284.609   -44.96   93.02
-220023.830   254.393  -104.75   89.11
-219735.400   235.526   -65.40   73.38
-219446.955   220.271   -52.88   67.51
-219158.495   209.046   -38.90   61.47
-218870.019   208.889    -0.55   56.73
-218581.529   205.304   -12.42   56.57
-218293.024   204.369    -3.24   60.67
-218004.503   193.623   -37.24   64.00
-217715.967   176.523   -59.25   58.18
-217427.417   157.497   -65.93   48.37
-217138.851   143.089   -49.92   37.45
-216850.270   133.037   -34.83   31.71
-216561.674   129.698   -11.57   33.31
-216273.062   121.037   -30.00   25.07
-215984.436   117.139   -13.50   18.08
-215695.795   115.465    -5.80   13.60
-215407.138   117.126     5.75   14.69
-215118.466   122.080    17.16   16.95
-214829.780   129.516    25.75   21.93
-214541.078   143.786    49.42   31.53
-214252.361   161.637    61.82   50.01
-213963.628   194.654   114.33   84.73
-213674.881   243.045   167.56  127.63
-213386.118   280.774   130.63  143.36
-213097.341   309.741   100.29  157.79
-212808.548   321.494    40.69  159.23
-212519.740   334.365    44.56  157.42
-212230.917   306.800   -95.42  150.24
-211942.079   287.122   -68.12  132.38
-211653.225   261.992   -86.99  108.07
-211364.357   247.378   -50.58   81.57
-211075.473   256.422    31.30   80.81
-210786.574   279.060    78.34   88.16
-210497.660   301.534    77.77   87.57
-210208.731   312.580    38.23   77.64
-209919.786   316.259    12.73   72.32
-209630.826   303.440   -44.35   79.75
-209341.852   283.540   -68.85   82.39
-209052.862   263.593   -69.01   77.72
-208763.856   246.065   -60.64   64.43
-208474.836   235.139   -37.80   57.25
-208185.800   224.175   -37.92   54.47
-207896.750   214.384   -33.87   54.76
-207607.684   207.996   -22.10   55.30
-207318.602   199.521   -29.31   52.56
-207029.506   188.414   -38.41   54.06
-206740.394   174.054   -49.66   52.50
-206451.267   156.139   -61.95   37.84
-206162.125   148.228   -27.35   29.78
-205872.968   140.948   -25.17   22.11
-205583.795   135.907   -17.43   15.96
-205294.608   135.511    -1.37   14.93
-205005.405   134.354    -4.00   14.21
-204716.187   134.992     2.20   14.74
-204426.953   134.889    -0.36   15.38
-204137.704   134.056    -2.88   18.06
-203848.440   134.310     0.88   24.81
-203559.161   145.516    38.73   42.29
-203269.867   149.727    14.55   45.16
-202980.557   155.211    18.95   45.69
-202691.232   154.608    -2.08   45.96
-202401.892   150.111   -15.54   46.39
-202112.537   140.440   -33.42   43.34
-201823.166   127.471   -44.81   38.64
-201533.780   116.433   -38.14   33.96
-201244.379   100.845   -53.85   18.49
-200954.962    93.397   -25.73   13.23
-200665.530    89.140   -14.71   11.20
-200376.083    87.045    -7.24   10.65
-200086.621    85.418    -5.62    9.99
-199797.143    85.440     0.08    9.91
-199507.650    87.802     8.16   11.26
-199218.142    92.859    17.46   14.33
-198928.619    99.422    22.66   18.45
-198639.080   104.354    17.03   19.45
-198349.526   108.889    15.66   21.45
-198059.956   115.817    23.92   23.83
-197770.371   122.757    23.96   25.23
-197480.771   133.668    37.67   29.95
-197191.156   147.900    49.13   41.05
-196901.525   178.756   106.52   70.60
-196611.879   216.097   128.90   95.74
-196322.218   265.211   169.53  123.66
-196032.541   316.918   178.47  130.71
-195742.849   369.345   180.94  117.31
-195453.142   402.834   115.58  105.56
-195163.420   415.743    44.55   96.41
-194873.682   408.669   -24.41   99.88
-194583.928   380.433   -97.43  103.11
-194294.160   338.269  -145.49   88.22
-194004.376   294.830  -149.88   67.11
-193714.576   268.504   -90.83   64.49
-193424.762   245.653   -78.83   63.85
-193134.931   231.907   -47.42   57.29
-192845.086   229.315    -8.94   58.44
-192555.225   250.116    71.75   86.73
-192265.349   274.111    82.77  103.45
-191975.458   292.469    63.31  101.83
-191685.551   318.205    88.76   84.98
-191395.629   342.389    83.40   69.16
-191106.022   347.563    17.87   70.74
-190819.352   340.465   -24.76   70.03
-190532.668   333.654   -23.76   62.71
-190245.969   330.755   -10.11   64.85
-189959.254   321.124   -33.59   68.35
-189672.525   307.116   -48.85   69.94
-189385.781   306.713    -1.41   67.94
-189099.021   313.137    22.40   78.33
-188812.247   315.175     7.11   80.09
-188525.458   322.771    26.48   81.66
-188238.654   328.389    19.58   82.35
-187951.834   334.040    19.70   85.66
-187665.000   331.162   -10.03   91.29
-187378.151   308.653   -78.45  103.20
-187091.287   280.153   -99.33  105.04
-186804.407   250.516  -103.29  105.84
-186517.513   221.743  -100.27  105.71
-186230.604   196.197   -89.03  101.20
-185943.679   173.002   -80.83   95.89
-185656.740   148.897   -83.99   77.31
-185369.785   134.176   -51.29   66.69
-185082.816   116.235   -62.51   51.04
-184795.832   107.937   -28.91   47.84
-184508.832    97.274   -37.15   37.64
-184221.818    98.653     4.81   38.62
-183934.788    95.726   -10.20   29.16
-183647.743    97.190     5.10   27.55
-183360.684   102.683    19.13   32.45
-183073.609   109.190    22.66   31.85
-182786.519   117.300    28.25   33.50
-182499.414   112.577   -16.45   38.53
-182212.294   102.116   -36.43   39.79
-181925.159    92.772   -32.53   39.07
-181638.009    84.161   -29.98   33.57
-181350.844    76.883   -25.34   21.82
-181063.664    72.874   -13.96   14.40
-180776.469    71.897    -3.40   10.84
-180489.259    73.971     7.22   10.60
-180202.033    73.986     0.05   10.32
-179914.793    76.521     8.82    9.14
-179627.537    78.550     7.06    9.31
-179340.267    78.739     0.66    9.90
-179052.981    78.683    -0.20   11.17
-178765.680    77.345    -4.66   10.71
-178478.364    76.050    -4.50   11.31
-178191.033    74.205    -6.42   10.60
-177903.687    72.486    -5.98   10.18
-177616.326    70.966    -5.29   10.05
-177328.949    71.056     0.31   10.23
-177041.558    69.903    -4.01    9.39
-176754.151    70.240     1.17    8.90
-176466.729    72.211     6.86    9.76
-176179.293    75.418    11.15   11.95
-175891.841    79.384    13.80   12.97
-175604.374    83.962    15.92   13.77
-175316.891    87.877    13.61   12.71
-175029.394    90.683     9.76   11.08
-174741.882    90.583    -0.35   11.86
-174454.354    88.668    -6.66   13.17
-174166.811    83.668   -17.39   16.13
-173879.253    76.609   -24.54   18.15
-173591.680    69.001   -26.45   18.08
-173304.092    64.065   -17.16   15.96
-173016.489    60.471   -12.50   13.90
-172728.870    58.389    -7.24   12.08
-172441.236    57.683    -2.45   11.83
-172153.588    58.277     2.07   12.05
-171865.924    61.378    10.78   11.23
-171578.244    63.560     7.58   10.15
-171290.550    63.095    -1.62    8.98
-171002.840    63.283     0.65    8.54
-170715.116    64.842     5.42    8.39
-170427.376    66.065     4.25    8.66
-170139.621    68.504     8.47   10.11
-169851.850    71.697    11.10   11.09
-169564.065    75.726    14.00   12.44
-169276.264    81.560    20.27   13.55
-168988.449    84.698    10.90   14.48
-168700.617    89.250    15.81   14.72
-168412.771    91.741     8.65   14.31
-168124.910    97.054    18.46   14.39
-167837.033   102.054    17.37   15.91
-167549.141   106.002    13.71   16.04
-167261.234   107.922     6.67   14.90
-166973.312   111.315    11.78   12.70
-166685.374   111.153    -0.56   12.88
-166397.422   108.877    -7.90   15.46
-166109.454   104.235   -16.12   17.39
-165821.470    96.987   -25.16   18.06
-165533.472    89.781   -25.02   16.24
-165245.458    84.340   -18.89   14.56
-164957.429    78.862   -19.02   11.40
-164669.385    74.771   -14.20   10.85
-164381.326    69.474   -18.39   10.03
-164093.251    66.772    -9.38   10.31
-163805.161    63.655   -10.82   10.29
-163517.056    60.335   -11.52   11.13
-163228.936    56.132   -14.59   11.58
-162940.800    50.168   -20.70   10.44
-162652.649    45.389   -16.58    8.52
-162364.483    43.046    -8.13    6.96
-162076.301    42.325    -2.50    5.94
-161788.104    45.242    10.12   11.94
-161499.892    50.139    16.99   15.66
-161211.665    55.340    18.04   16.80
-160923.423    61.035    19.75   15.77
-160635.165    65.271    14.69   13.93
-160346.892    67.580     8.01   12.10
-160058.603    65.713    -6.47   12.73
-159770.299    61.235   -15.53   14.98
-159481.980    55.254   -20.74   16.47
-159193.646    49.168   -21.11   14.42
-158905.296    45.669   -12.13   11.32
-158616.931    44.948    -2.50   11.52
-158328.551    44.986     0.13   11.75
-158040.156    46.198     4.20   12.26
-157751.745    48.175     6.86   11.56
-157463.318    49.234     3.67   10.57
-157174.877    49.973     2.56    8.66
-156886.420    48.883    -3.78    8.54
-156597.948    47.311    -5.45    8.25
-156309.460    45.683    -5.64    9.17
-156020.958    42.712   -10.30    9.67
-155732.439    40.849    -6.46    9.52
-155443.906    37.235   -12.53    8.79
-155155.357    33.595   -12.61    8.18
-154866.793    30.374   -11.16    7.82
-154578.213    27.011   -11.65    7.62
-154289.618    24.426    -8.96    7.51
-154001.008    21.354   -10.64    6.11
-153712.383    18.756    -9.00    4.24
-153423.742    17.205    -5.37    2.68
-153135.085    16.538    -2.31    1.96
-152846.414    16.407    -0.45    2.15
-152557.726    17.097     2.39    3.37
-152269.024    18.065     3.35    4.08
-151980.306    18.772     2.45    4.16
-151691.573    19.565     2.75    4.42
-151402.824    20.410     2.93    4.76
-151114.060    21.918     5.22    5.22
-150825.281    22.608     2.39    5.23
-150536.486    22.981     1.29    5.28
-150247.676    23.597     2.13    5.35
-149958.851    24.340     2.57    5.23
-149670.010    25.220     3.05    5.04
-149381.153    25.727     1.75    4.77
-149092.282    25.728     0.00    4.89
-148803.395    24.596    -3.92    5.84
-148514.492    22.569    -7.02    6.48
-148225.574    20.364    -7.63    6.61
-147936.641    17.639    -9.43    5.18
-147647.692    16.565    -3.71    4.20
-147358.728    16.448    -0.41    3.53
-147069.748    16.668     0.76    4.02
-146780.753    17.698     3.56    4.58
-146491.742    18.433     2.54    5.31
-146202.716    19.292     2.97    6.72
-145913.675    20.669     4.76    7.62
-145624.618    22.065     4.83    8.26
-145335.546    22.563     1.72    8.54
-145046.458    23.021     1.58    8.74
-144757.355    23.041     0.07    8.63
-144468.236    22.526    -1.78    8.35
-144179.102    20.852    -5.79    7.54
-143889.952    18.962    -6.53    6.56
-143600.787    17.742    -4.22    5.84
-143311.607    16.847    -3.09    5.51
-143022.411    16.107    -2.56    4.91
-142733.199    14.948    -4.01    4.38
-142443.973    14.563    -1.33    4.87
-142154.730    14.161    -1.39    5.12
-141865.472    13.469    -2.39    4.73
-141576.199    12.583    -3.06    4.13
-141286.910    11.973    -2.11    3.40
-140997.606    11.227    -2.58    2.72
-140708.286    10.756    -1.63    2.38
-140418.950    10.190    -1.96    2.24
-140129.600     9.511    -2.35    2.12
-139840.233     9.072    -1.52    1.83
-139550.851     8.374    -2.41    1.58
-139261.454     8.065    -1.07    1.28
-138972.041     7.683    -1.32    1.41
-138682.613     7.325    -1.24    1.58
-138393.169     6.918    -1.40    1.72
-138103.709     6.335    -2.01    2.26
-137814.234     5.795    -1.86    2.30
-137524.744     5.426    -1.28    2.20
-137235.238     5.161    -0.91    2.06
-136945.716     5.095    -0.23    2.04
-136656.179     5.131     0.12    1.93
-136366.626     5.474     1.19    2.09
-136077.058     5.625     0.52    1.88
-135787.474     5.624    -0.00    1.72
-135497.875     5.556    -0.23    1.80
-135208.260     5.811     0.88    1.77
-134918.630     5.862     0.17    1.93
-134628.984     6.271     1.41    1.89
-134339.322     6.227    -0.15    1.85
-134049.645     6.625     1.37    2.15
-133759.952     6.797     0.59    2.05
-133470.244     7.040     0.84    1.84
-133180.520     6.886    -0.53    1.97
-132890.781     7.056     0.59    1.95
-132601.026     6.977    -0.27    1.79
-132311.255     6.728    -0.86    1.82
-132021.469     6.448    -0.97    1.68
-131731.668     6.389    -0.20    1.61
-131441.850     6.698     1.07    1.65
-131152.017     6.854     0.54    1.79
-130862.169     6.997     0.49    1.75
-130572.305     7.153     0.54    1.69
-130282.425     7.359     0.71    1.97
-129992.529     7.175    -0.63    2.22
-129702.618     7.397     0.76    2.30
-129412.692     7.611     0.74    2.38
-129122.750     7.987     1.30    2.43
-128834.772     8.109     0.42    2.36
-128548.137     8.056    -0.19    2.33
-128261.487     8.459     1.41    1.85
-127974.821     8.330    -0.45    1.91
-127688.141     8.354     0.09    1.79
-127401.445     8.168    -0.65    1.82
-127114.734     8.234     0.23    1.72
-126828.008     8.407     0.61    1.63
-126541.267     8.234    -0.61    1.69
-126254.510     8.116    -0.41    1.53
-125967.738     8.006    -0.38    1.63
-125680.951     7.925    -0.28    1.89
-125394.149     7.799    -0.44    2.09
-125107.331     7.403    -1.38    2.08
-124820.498     7.147    -0.90    1.98
-124533.650     6.993    -0.54    1.99
-124246.787     6.826    -0.58    1.84
-123959.908     6.787    -0.13    1.67
-123673.015     6.653    -0.47    1.52
-123386.105     6.743     0.31    1.64
-123099.181     7.011     0.94    1.86
-122812.242     7.049     0.13    1.77
-122525.287     7.248     0.69    1.73
-122238.317     7.155    -0.32    1.76
-121951.331     7.176     0.07    1.74
-121664.330     7.289     0.39    1.62
-121377.315     7.168    -0.42    1.79
-121090.283     7.077    -0.32    1.85
-120803.237     7.036    -0.14    1.84
-120516.175     7.054     0.06    1.80
-120229.098     7.147     0.32    1.88
-119942.006     7.232     0.30    1.91
-119654.898     7.147    -0.30    2.00
-119367.775     7.050    -0.33    1.86
-119080.637     7.092     0.14    1.80
-118793.483     7.001    -0.32    1.80
-118506.314     7.016     0.05    1.64
-118219.130     7.190     0.61    1.78
-117931.930     7.077    -0.39    1.79
-117644.716     6.958    -0.41    1.83
-117357.485     6.911    -0.16    1.81
-117070.240     6.771    -0.49    1.86
-116782.979     6.668    -0.36    1.63
-116495.703     6.639    -0.10    1.60
-116208.412     6.624    -0.05    1.64
-115921.105     6.784     0.56    1.76
-115633.783     6.979     0.68    1.85
-115346.445     7.190     0.74    1.91
-115059.092     7.226     0.12    1.86
-114771.724     7.384     0.55    1.82
-114484.341     7.280    -0.36    1.81
-114196.942     7.095    -0.64    1.63
-113909.527     6.962    -0.46    1.65
-113622.098     6.795    -0.58    1.56
-113334.653     6.697    -0.34    1.41
-113047.193     7.089     1.36    4.02
-112759.717     7.103     0.05    4.07
-112472.226     7.137     0.12    4.16
-112184.719     7.183     0.16    4.14
-111897.198     7.183     0.00    4.10
-111609.660     7.256     0.26    4.09
-111322.108     6.626    -2.19    1.81
-111034.540     6.526    -0.35    2.03
-110746.957     6.397    -0.45    1.99
-110459.358     6.393    -0.01    1.91
-110171.744     6.683     1.01    1.58
-109884.114     6.536    -0.51    1.60
-109596.469     6.608     0.25    1.58
-109308.809     6.756     0.51    1.63
-109021.133     6.753    -0.01    1.76
-108733.442     6.813     0.21    1.93
-108445.735     6.584    -0.80    2.13
-108158.013     6.683     0.34    2.21
-107870.276     6.757     0.26    2.22
-107582.523     6.595    -0.57    2.09
-107294.755     6.638     0.15    2.10
-107006.971     7.097     1.60    2.32
-106719.172     7.612     1.79    2.39
-106431.357     7.741     0.45    2.20
-106143.527     7.830     0.31    2.02
-105855.682     7.596    -0.81    2.06
-105567.821     7.365    -0.80    1.95
-105279.945     7.227    -0.48    1.90
-104992.053     6.859    -1.28    1.59
-104704.146     6.597    -0.91    1.39
-104416.223     6.697     0.35    1.38
-104128.285     6.712     0.05    1.38
-103840.331     6.609    -0.36    1.37
-103552.362     6.638     0.10    1.49
-103264.378     6.787     0.52    1.51
-102976.377     6.948     0.56    1.46
-102688.362     6.937    -0.04    1.35
-102400.331     6.828    -0.38    1.34
-102112.285     6.886     0.20    1.33
-101824.223     6.900     0.05    1.34
-101536.145     6.813    -0.30    1.48
-101248.052     6.754    -0.20    1.61
-100959.944     6.624    -0.45    1.58
-100671.820     6.425    -0.69    1.55
-100383.680     6.226    -0.69    1.61
-100095.525     6.060    -0.58    1.64
 -99807.355     5.847    -0.74    1.46
 -99519.169     5.997     0.52    1.45
 -99230.968     5.897    -0.35    1.35
 -98942.751     5.892    -0.02    1.33
 -98654.518     5.962     0.24    1.47
 -98366.270     5.966     0.01    1.41
 -98078.007     6.097     0.45    1.46
 -97789.728     6.254     0.55    1.48
 -97501.433     6.256     0.01    1.62
 -97213.123     6.418     0.56    1.64
 -96924.797     6.653     0.82    1.62
 -96636.456     6.728     0.26    1.61
 -96348.099     6.712    -0.06    1.67
 -96059.727     6.847     0.47    1.77
 -95771.339     6.918     0.25    1.83
 -95482.936     6.897    -0.07    1.81
 -95194.517     6.926     0.10    1.79
 -94906.082     6.828    -0.34    1.74
 -94617.632     6.907     0.27    1.73
 -94329.166     7.006     0.35    1.54
 -94040.685     7.369     1.26    1.50
 -93752.188     7.349    -0.07    1.58
 -93463.676     7.345    -0.02    1.42
 -93175.148     7.176    -0.59    1.44
 -92886.604     7.359     0.64    1.36
 -92598.045     7.389     0.10    1.37
 -92309.471     7.315    -0.25    1.41
 -92020.880     7.271    -0.15    1.33
 -91732.275     7.250    -0.07    1.36
 -91443.653     7.387     0.47    1.44
 -91155.016     7.359    -0.10    1.41
 -90866.363     7.712     1.22    1.53
 -90577.695     9.784     7.18    9.46
 -90289.011    16.847    24.46   27.41
 -90000.312    29.563    44.04   46.03
 -89711.597    37.550    27.66   52.02
 -89422.866    54.175    57.57   62.68
 -89134.119    69.054    51.53   69.09
 -88845.357    82.811    47.64   74.31
 -88556.580    86.306    12.10   74.89
 -88267.787    81.983   -14.97   70.57
 -87978.978    86.880    16.95   71.16
 -87690.153    97.504    36.78   69.38
 -87401.313    95.845    -5.74   66.27
 -87112.457    84.915   -37.84   52.32
 -86823.586    76.556   -28.93   49.74
 -86534.699    74.422    -7.39   50.79
 -86245.796    70.162   -14.75   52.76
 -85956.878    45.918   -83.91   36.41
 -85667.944    33.937   -41.47   31.40
 -85378.994    26.271   -26.53   28.97
 -85090.028    19.900   -22.05   25.73
 -84801.047    14.569   -18.45   17.27
 -84512.051    10.021   -15.73    7.30
 -84223.038     8.451    -5.43    1.25
 -83934.010     8.540     0.31    1.27
 -83644.966     8.639     0.34    1.25
 -83355.907     8.578    -0.21    1.10
 -83066.832     8.521    -0.20    1.20
 -82777.741     8.340    -0.63    1.99
 -82488.635     8.364     0.08    2.22
 -82199.512     8.472     0.37    2.35
 -81910.374     8.205    -0.92    2.37
 -81621.221     8.374     0.59    2.43
 -81332.052     8.310    -0.22    2.36
 -81042.867     8.122    -0.65    1.95
 -80753.666     8.211     0.31    1.80
 -80464.449     7.929    -0.98    1.62
 -80175.217     7.883    -0.16    1.77
 -79885.969     7.911     0.10    1.83
 -79596.706     7.815    -0.33    1.83
 -79307.426     7.977     0.56    1.72
 -79018.131     8.071     0.32    1.71
 -78728.820     8.011    -0.21    1.80
 -78439.494     8.364     1.22    1.94
 -78150.152     8.741     1.30    2.05
 -77860.794     9.401     2.28    2.26
 -77571.420    10.111     2.45    2.29
 -77282.030    10.563     1.56    2.27
 -76992.625    11.065     1.73    2.12
 -76703.204    11.548     1.67    1.95
 -76413.767    12.103     1.92    2.13
 -76124.315    12.669     1.95    2.43
 -75834.846    13.161     1.70    2.53
 -75545.362    13.859     2.41    2.54
 -75255.862    14.300     1.52    2.61
 -74966.347    15.131     2.87    2.85
 -74676.815    15.742     2.11    3.07
 -74387.268    17.124     4.77    3.71
 -74097.705    18.538     4.88    4.87
 -73808.126    23.140    15.89   13.84
 -73518.532    27.554    15.24   17.03
 -73228.922    31.509    13.65   17.73
 -72939.295    35.580    14.06   18.52
 -72649.653    41.080    18.99   20.67
 -72359.996    48.668    26.19   26.28
 -72070.322    56.973    28.67   29.91
 -71780.633    60.405    11.85   30.19
 -71490.928    66.263    20.22   30.57
 -71201.207    73.311    24.33   30.87
 -70911.470    82.036    30.11   30.99
 -70621.717    89.086    24.33   30.62
 -70331.949    90.992     6.58   30.29
 -70042.164    90.454    -1.85   28.99
 -69752.364    87.697    -9.51   29.86
 -69462.548    80.586   -24.54   31.26
 -69172.716    74.426   -21.25   29.81
 -68882.869    66.889   -26.00   19.94
 -68593.005    64.310    -8.90   15.51
 -68303.126    64.592     0.97   15.94
 -68013.231    66.915     8.01   19.97
 -67723.320    69.219     7.95   21.12
 -67433.393    67.711    -5.20   22.09
 -67143.450    63.469   -14.63   22.41
 -66853.746    59.065   -15.20   23.28
 -66567.147    54.403   -16.26   23.42
 -66280.534    48.001   -22.34   18.84
 -65993.905    44.698   -11.52   15.26
 -65707.260    43.176    -5.31   15.42
 -65420.600    42.411    -2.67   15.85
 -65133.925    43.655     4.34   17.45
 -64847.234    43.083    -1.99   17.86
 -64560.528    43.176     0.32   17.52
 -64273.806    43.286     0.38   17.05
 -63987.069    44.536     4.36   17.76
 -63700.316    46.563     7.07   17.55
 -63413.548    44.698    -6.51   15.87
 -63126.764    42.726    -6.88   12.01
 -62839.965    44.113     4.84   11.61
 -62553.150    46.973     9.97   14.39
 -62266.320    56.811    34.30   27.31
 -61979.475    73.536    58.30   39.84
 -61692.614    83.397    34.37   41.35
 -61405.737    96.845    46.87   43.08
 -61118.845   102.506    19.73   42.84
 -60831.938   108.074    19.41   40.03
 -60545.015   109.252     4.11   36.62
 -60258.077   113.436    14.58   36.64
 -59971.123   120.440    24.41   38.38
 -59684.153   133.565    45.73   45.43
 -59397.168   142.958    32.73   45.72
 -59110.168   153.036    35.11   45.24
 -58823.152   163.698    37.15   39.70
 -58536.120   167.511    13.29   40.90
 -58249.073   165.556    -6.81   42.70
 -57962.010   162.477   -10.73   47.21
 -57674.932   147.326   -52.77   47.27
 -57387.839   134.668   -44.09   49.06
 -57100.730   119.971   -51.19   48.97
 -56813.605   108.198   -41.00   47.85
 -56526.465    99.220   -31.26   43.03
 -56239.309    95.240   -13.86   37.48
 -55952.138   100.083    16.86   47.78
 -55664.951   109.859    34.04   55.97
 -55377.748   120.668    37.63   55.67
 -55090.530   125.378    16.40   51.52
 -54803.297   131.228    20.37   47.75
 -54516.048   131.506     0.97   46.14
 -54228.783   125.889   -19.55   49.23
 -53941.503   114.826   -38.51   50.38
 -53654.207   102.869   -41.62   47.27
 -53366.896    89.060   -48.06   43.09
 -53079.569    71.933   -59.60   31.09
 -52792.226    64.139   -27.12   28.59
 -52504.868    59.354   -16.65   27.92
 -52217.495    54.212   -17.89   26.68
 -51930.105    51.335   -10.01   21.87
 -51642.700    49.031    -8.02   16.77
 -51355.280    49.523     1.71   18.33
 -51067.844    51.625     7.31   21.68
 -50780.392    52.407     2.72   22.74
 -50492.925    53.477     3.72   25.03
 -50205.442    59.183    19.85   31.85
 -49917.944    57.595    -5.52   28.89
 -49630.430    62.563    17.28   30.55
 -49342.900    60.451    -7.35   29.27
 -49055.355    60.326    -0.44   26.25
 -48767.794    59.840    -1.69   24.23
 -48480.217    59.436    -1.40   22.17
 -48192.625    61.389     6.79   24.26
 -47905.017    61.021    -1.28   26.56
 -47617.394    54.756   -21.78   25.01
 -47329.755    50.937   -13.28   24.33
 -47042.100    45.477   -18.98   22.33
 -46754.430    38.697   -23.57   18.58
 -46466.744    34.097   -15.99   14.97
 -46179.042    30.569   -12.26   12.89
 -45891.325    26.992   -12.43   10.63
 -45603.592    24.021   -10.32    9.59
 -45315.843    21.092   -10.18    7.40
 -45028.079    21.168     0.26    7.56
 -44740.299    21.176     0.03    6.33
 -44452.503    21.140    -0.12    5.86
 -44164.692    20.936    -0.71    5.50
 -43876.865    21.443     1.76    5.24
 -43589.022    22.698     4.36    5.59
 -43301.164    23.845     3.98    5.14
 -43013.290    23.459    -1.34    4.95
 -42725.400    23.418    -0.14    5.13
 -42437.495    24.154     2.56    5.69
 -42149.573    24.784     2.19    5.77
 -41861.637    25.993     4.20    5.87
 -41573.684    28.373     8.27    6.85
 -41285.716    30.948     8.94    7.89
 -40997.732    34.550    12.51   10.49
 -40709.732    39.800    18.23   17.30
 -40421.717    46.786    24.25   23.71
 -40133.686    55.183    29.15   30.29
 -39845.639    62.219    24.43   31.00
 -39557.577    65.655    11.93   29.91
 -39269.499    65.126    -1.84   31.79
 -38981.405    59.683   -18.89   34.41
 -38693.295    51.653   -27.87   35.27
 -38405.170    43.454   -28.46   30.71
 -38117.028    35.465   -27.72   21.90
 -37828.871    30.105   -18.60   18.75
 -37540.699    25.002   -17.71   11.10
 -37252.510    22.405    -9.01    5.05
 -36964.306    21.854    -1.91    4.67
 -36676.086    21.235    -2.15    4.37
 -36387.851    20.168    -3.70    4.47
 -36099.599    19.654    -1.78    4.59
 -35811.332    18.697    -3.32    4.97
 -35523.049    16.669    -7.04    5.27
 -35234.751    15.440    -4.26    4.89
 -34946.436    13.911    -5.30    4.12
 -34658.106    12.845    -3.70    3.58
 -34369.760    11.948    -3.11    3.35
 -34081.398    10.962    -3.42    3.13
 -33793.020    10.050    -3.16    2.99
 -33504.627     9.016    -3.59    2.58
 -33216.218     8.234    -2.71    2.33
 -32927.793     7.969    -0.92    2.18
 -32639.352     7.465    -1.74    2.15
 -32350.896     7.139    -1.13    2.05
 -32062.423     7.183     0.15    1.82
 -31773.935     7.006    -0.61    1.68
 -31485.431     7.086     0.28    1.78
 -31196.911     7.315     0.79    1.73
 -30908.376     7.277    -0.13    1.87
 -30619.824     7.639     1.26    1.88
 -30331.257     7.983     1.19    2.23
 -30042.674     8.248     0.92    2.32
 -29754.075     8.727     1.66    2.40
 -29465.460     9.145     1.45    2.34
 -29176.830     9.567     1.46    2.20
 -28888.183     9.581     0.05    2.52
 -28599.521     9.668     0.30    2.80
 -28310.843     9.583    -0.30    2.96
 -28022.149     9.269    -1.09    3.20
 -27733.439     9.521     0.87    5.12
 -27444.713     9.477    -0.15    5.29
 -27155.972     9.608     0.45    5.32
 -26867.215     9.026    -2.02    5.36
 -26578.441     8.584    -1.53    5.20
 -26289.652     7.973    -2.12    3.27
 -26000.847     7.583    -1.35    2.57
 -25712.026     7.596     0.05    2.34
 -25423.190     7.384    -0.73    2.12
 -25134.337     7.315    -0.24    2.23
 -24845.469     7.235    -0.28    1.93
 -24556.584     7.083    -0.53    1.81
 -24267.684     6.908    -0.60    1.81
 -23978.768     6.755    -0.53    1.85
 -23689.836     6.597    -0.55    1.74
 -23400.888     6.548    -0.17    1.81
 -23111.924     6.459    -0.31    1.77
 -22822.944     6.300    -0.55    1.53
 -22533.948     6.183    -0.41    1.50
 -22244.937     6.401     0.76    1.71
 -21955.909     6.808     1.41    2.23
 -21666.866     7.097     1.00    2.39
 -21377.806     7.625     1.83    2.79
 -21088.731     8.374     2.59    2.94
 -20799.640     9.011     2.20    3.11
 -20510.533    10.006     3.44    3.69
 -20221.410    11.198     4.12    4.25
 -19932.271    11.683     1.68    4.81
 -19643.116    12.979     4.48    5.26
 -19353.945    13.969     3.42    5.59
 -19064.758    15.139     4.05    5.53
 -18775.555    15.399     0.90    5.91
 -18486.337    16.086     2.37    5.88
 -18197.102    16.697     2.11    5.84
 -17907.851    18.340     5.68    6.43
 -17618.585    19.415     3.72    7.38
 -17329.302    21.126     5.91    8.26
 -17040.003    23.306     7.54    8.81
 -16750.689    26.742    11.87   10.84
 -16461.358    29.592     9.85   13.64
 -16172.012    35.832    21.57   19.50
 -15882.649    40.828    17.26   25.28
 -15593.271    45.597    16.48   32.83
 -15303.877    47.500     6.57   35.95
 -15014.466    44.739    -9.54   34.49
 -14725.040    40.712   -13.91   31.70
 -14435.597    32.786   -27.38   20.29
 -14146.139    26.131   -22.99    9.92
 -13856.664    24.378    -6.05    5.73
 -13567.174    23.770    -2.10    4.87
 -13277.667    23.060    -2.45    4.66
 -12988.145    22.454    -2.09    4.52
 -12698.607    22.554     0.35    4.03
 -12409.052    22.951     1.37    3.82
 -12119.481    24.433     5.12    4.49
 -11829.895    25.354     3.18    4.93
 -11540.292    24.983    -1.28    5.43
 -11250.674    24.297    -2.37    5.39
 -10961.039    23.277    -3.52    5.43
 -10671.388    22.769    -1.76    6.25
 -10381.722    23.031     0.90    9.39
 -10092.039    24.459     4.93   13.70
  -9802.340    25.095     2.19   14.76
  -9512.625    27.815     9.39   15.84
  -9222.894    30.457     9.12   15.94
  -8933.147    31.542     3.74   14.87
  -8643.384    32.940     4.82   14.59
  -8353.605    31.263    -5.79   13.97
  -8063.810    29.414    -6.38   13.51
  -7773.998    27.160    -7.78   12.88
  -7484.171    24.889    -7.84   12.42
  -7194.328    23.469    -4.90   10.60
  -6904.468    22.340    -3.89    9.49
  -6614.592    23.626     4.44   11.71
  -6324.701    24.811     4.09   12.01
  -6034.793    26.712     6.56   12.67
  -5744.869    27.046     1.15   12.49
  -5454.929    27.918     3.01   15.14
  -5164.973    28.292     1.29   17.06
  -4875.001    27.526    -2.64   18.43
  -4586.932    26.426    -3.82   18.46
  -4300.370    22.926   -12.21   15.11
  -4013.792    19.944   -10.41   12.80
  -3727.199    17.580    -8.25   12.32
  -3440.590    15.802    -6.20   12.89
  -3153.965    14.845    -3.34   13.16
  -2867.324    12.554    -7.99   13.02
  -2580.668     9.954    -9.07   11.44
  -2293.996     6.472   -12.15    5.25
  -2007.309     4.497    -6.89    3.72
  -1720.605     3.611    -3.09    4.00
  -1433.886     2.359    -4.37    3.92
  -1147.152     1.563    -2.78    3.70
   -860.402     0.399    -4.06    2.33
   -573.636    -0.317    -2.50    0.00
   -286.854    -0.217     0.35    0.84
     -0.056     0.063     0.98    1.39
    286.757     0.540     1.66    2.12
    573.586     1.140     2.09    2.61
    860.430     1.926     2.74    2.82
   1147.291     2.516     2.06    2.87
   1434.167     3.359     2.94    2.81
   1721.058     4.050     2.41    2.56
   2007.966     4.654     2.10    2.10
   2294.889     4.826     0.60    1.50
   2581.828     4.769    -0.20    1.54
   2868.783     4.526    -0.85    1.56
   3155.753     4.383    -0.50    1.58
   3442.739     4.190    -0.67    1.61
   3729.741     4.050    -0.49    1.61
   4016.759     4.036    -0.05    1.49
   4303.792     3.900    -0.47    1.35
   4590.841     3.940     0.14    1.38
   4877.906     3.969     0.10    1.44
   5164.987     3.954    -0.05    1.46
   5452.083     4.036     0.28    1.34
   5739.195     4.011    -0.09    1.33
   6026.323     3.933    -0.27    1.32
   6313.467     3.756    -0.61    1.31
   6600.627     3.712    -0.16    1.34
   6887.802     3.712     0.00    1.33
   7174.993     3.783     0.25    1.33
   7462.200     3.784     0.01    1.47
   7749.423     3.845     0.21    1.57
   8036.661     3.815    -0.10    1.65
   8323.915     3.977     0.56    1.63
   8611.185     4.050     0.26    1.61
   8898.471     3.936    -0.40    1.66
   9185.773     3.655    -0.98    1.59
   9473.091     3.354    -1.05    1.53
   9760.424     3.378     0.08    1.50
  10047.773     3.712     1.16    1.78
  10335.138     4.271     1.94    2.02
  10622.519     4.756     1.69    2.15
  10909.915     5.153     1.38    2.17
  11197.328     5.883     2.54    2.29
  11484.756     6.838     3.32    2.31
  11772.200     7.926     3.78    2.77
  12059.660     9.277     4.70    3.80
  12347.136    11.462     7.60    4.82
  12634.627    13.857     8.33    5.43
  12922.135    16.325     8.58    6.31
  13209.658    19.830    12.19    7.14
  13497.197    24.369    15.78   11.45
  13784.752    31.570    25.04   18.56
  14072.323    36.411    16.84   18.51
  14359.910    39.813    11.83   17.57
  14647.512    42.697    10.03   16.40
  14935.131    43.610     3.17   14.43
  15222.765    43.977     1.27   13.10
  15510.415    43.595    -1.33   11.75
  15798.082    43.240    -1.23   10.95
  16085.764    43.232    -0.03   10.98
  16373.461    42.954    -0.97   10.76
  16661.175    43.269     1.09   10.10
  16948.905    45.554     7.94    9.98
  17236.650    47.567     6.99    9.86
  17524.412    48.918     4.70   10.01
  17812.189    51.065     7.46    9.48
  18099.982    53.126     7.16    9.08
  18387.792    56.091    10.30    8.07
  18675.617    57.497     4.88    7.48
  18963.458    55.443    -7.14    9.45
  19251.315    52.973    -8.58   10.67
  19539.187    49.451   -12.23   11.32
  19827.076    46.683    -9.62   10.11
  20114.981    43.889    -9.71    8.74
  20402.901    43.654    -0.81    8.12
  20690.838    45.401     6.07    8.87
  20978.790    48.111     9.41    8.45
  21266.759    51.514    11.82    8.44
  21554.743    55.311    13.19    8.52
  21842.743    57.581     7.88    7.91
  22130.760    57.903     1.12    8.29
  22418.792    56.492    -4.90    8.94
  22706.840    55.440    -3.65   10.33
  22994.904    53.401    -7.08   10.86
  23282.984    51.354    -7.11   10.58
  23571.080    50.640    -2.48    9.12
  23859.192    50.569    -0.25    8.82
  24147.320    50.190    -1.31    8.00
  24435.464    49.080    -3.85    7.77
  24723.624    46.580    -8.68    8.50
  25011.800    42.726   -13.37   10.75
  25299.992    38.783   -13.68   10.98
  25588.200    35.454   -11.55    9.21
  25876.424    33.940    -5.25    6.95
  26164.664    33.219    -2.50    6.59
  26452.920    33.248     0.10    6.42
  26741.192    35.065     6.30    6.22
  27029.479    37.095     7.04    5.95
  27317.783    38.506     4.90    5.76
  27606.103    39.083     2.00    5.83
  27894.439    39.097     0.05    5.97
  28182.791    39.111     0.05    6.38
  28471.159    38.954    -0.54    6.87
  28759.543    38.364    -2.05    7.05
  29047.943    37.962    -1.39    7.03
  29336.359    36.889    -3.72    6.20
  29624.791    37.256     1.27    5.98
  29913.239    38.483     4.25    6.12
  30201.703    39.964     5.14    5.97
  30490.184    41.711     6.06    5.36
  30778.680    43.497     6.19    4.88
  31067.192    44.784     4.46    4.80
  31355.720    45.563     2.70    4.61
  31644.265    45.198    -1.27    4.99
  31932.825    44.538    -2.29    5.02
  32221.402    44.739     0.70    4.97
  32509.994    44.556    -0.63    4.79
  32798.603    44.697     0.49    4.83
  33087.228    45.472     2.68    4.60
  33375.868    47.492     7.00    3.99
  33664.525    49.139     5.71    3.90
  33953.198    49.624     1.68    3.87
  34241.887    49.436    -0.65    4.48
  34530.592    48.739    -2.42    5.36
  34819.314    47.502    -4.28    6.24
  35108.051    46.611    -3.09    6.12
  35396.804    45.697    -3.17    5.85
  35685.574    45.248    -1.55    5.48
  35974.359    45.962     2.47    5.28
  36263.161    46.653     2.39    4.79
  36551.979    47.069     1.44    4.34
  36840.813    47.683     2.13    3.79
  37129.663    47.669    -0.05    3.66
  37418.529    47.283    -1.34    3.61
  37707.411    46.486    -2.76    3.82
  37996.310    45.624    -2.98    3.87
  38285.224    45.269    -1.23    3.97
  38574.155    45.683     1.43    4.05
  38863.102    45.354    -1.14    3.91
  39152.065    44.886    -1.62    4.19
  39441.044    44.183    -2.43    4.67
  39730.039    43.311    -3.02    5.11
  40019.051    41.854    -5.04    5.34
  40308.078    39.948    -6.60    5.07
  40597.122    38.454    -5.17    4.91
  40886.182    37.168    -4.45    4.33
  41175.258    34.852    -8.01    5.40
  41464.350    32.915    -6.70    5.49
  41753.458    31.190    -5.97    5.51
  42042.583    29.530    -5.74    5.35
  42331.724    27.474    -7.11    4.49
  42620.881    26.271    -4.16    4.01
  42910.054    25.297    -3.37    3.98
  43199.243    24.755    -1.87    3.99
  43488.448    24.950     0.67    4.52
  43777.670    25.240     1.00    4.75
  44066.908    25.530     1.00    5.30
  44356.162    25.940     1.42    5.60
  44645.432    26.977     3.58    5.31
  44934.719    27.198     0.76    4.94
  45224.021    27.169    -0.10    4.56
  45513.340    26.908    -0.90    4.11
  45802.675    26.783    -0.43    3.84
  46092.027    26.269    -1.78    3.73
  46381.394    25.480    -2.73    4.14
  46670.778    24.552    -3.21    4.11
  46960.178    23.521    -3.56    4.31
  47249.594    22.109    -4.88    4.33
  47539.026    21.569    -1.87    4.14
  47828.475    20.540    -3.55    3.68
  48117.940    19.683    -2.96    3.81
  48407.421    18.387    -4.48    3.83
  48696.919    16.784    -5.54    3.56
  48986.432    15.771    -3.50    3.44
  49275.962    14.638    -3.91    2.90
  49565.508    13.477    -4.01    2.58
  49855.071    12.755    -2.49    2.42
  50144.649    12.054    -2.42    2.42
  50434.244    11.586    -1.62    2.28
  50723.856    11.500    -0.30    2.30
  51013.483    11.422    -0.27    2.36
  51303.127    11.089    -1.15    2.35
  51592.787    10.624    -1.60    2.37
  51882.463    10.462    -0.56    2.53
  52172.156    10.514     0.18    2.37
  52461.865    10.263    -0.87    2.21
  52751.590    10.238    -0.08    2.23
  53041.332    10.105    -0.46    2.22
  53331.089    10.095    -0.04    2.30
  53620.864     9.653    -1.52    2.23
  53910.654     9.538    -0.40    2.30
  54200.461     9.469    -0.24    2.28
  54490.284     9.331    -0.48    2.04
  54780.123     9.183    -0.51    2.09
  55069.979     8.612    -1.97    2.31
  55359.851     8.118    -1.71    2.47
  55649.739     7.727    -1.35    2.45
  55939.644     7.286    -1.52    2.43
  56229.565     6.811    -1.64    2.29
  56519.502     6.415    -1.37    2.08
  56809.456     6.292    -0.43    2.06
  57099.426     6.407     0.40    2.12
  57389.316     6.830     1.46    2.68
  57675.834     7.523     2.42    3.24
  57962.368     8.256     2.56    4.22
  58248.918    10.095     6.42    6.21
  58535.484    11.511     4.94    7.28
  58822.066    13.218     5.96    7.66
  59108.664    14.469     4.36    7.48
  59395.277    14.726     0.90    7.05
  59681.907    14.483    -0.85    6.64
  59968.552    13.640    -2.94    5.44
  60255.213    12.727    -3.19    4.45
  60541.890    12.477    -0.87    3.61
  60828.584    12.854     1.32    3.81
  61115.293    13.598     2.60    3.83
  61402.018    14.190     2.06    3.55
  61688.758    14.669     1.67    3.07
  61975.515    14.998     1.15    2.61
  62262.288    14.811    -0.65    2.56
  62549.077    13.903    -3.17    2.93
  62835.881    12.727    -4.10    3.00
  63122.702    11.609    -3.90    2.65
  63409.538    10.668    -3.28    2.40
  63696.391    10.204    -1.62    2.39
  63983.259     9.426    -2.71    2.32
  64270.144     8.836    -2.06    2.42
  64557.044     8.401    -1.51    2.40
  64843.960     8.176    -0.79    2.13
  65130.893     8.418     0.85    2.28
  65417.841     8.433     0.05    2.19
  65704.805     8.948     1.79    2.36
  65991.785     9.383     1.52    2.32
  66278.782     9.781     1.39    2.10
  66565.794     9.810     0.10    2.01
  66852.822     9.483    -1.14    1.98
  67139.866     8.936    -1.90    2.10
  67426.926     7.977    -3.34    2.67
  67714.002     6.698    -4.46    3.16
  68001.094     6.071    -2.18    3.32
  68288.203     4.933    -3.96    3.32
  68575.327     3.711    -4.26    2.92
  68862.467     2.886    -2.87    2.45
  69149.623     2.224    -2.30    1.70
  69436.795     1.852    -1.30    1.01
  69723.983     1.683    -0.59    0.00
  70011.188     1.683     0.00    0.00
  70298.408     1.683     0.00    0.00
  70585.644     1.683     0.00    0.00
  70872.896     1.683     0.00    0.00
  71160.165     1.683     0.00    0.00
  71447.449     1.683     0.00    0.00
  71734.749     1.683     0.00    0.00
  72022.066     1.683     0.00    0.00
  72309.398     1.683     0.00    0.00
  72596.747     1.683     0.00    0.00
  72884.111     1.683     0.00    0.00
  73171.492     1.683     0.00    0.00
  73458.889     1.683     0.00    0.00
  73746.301     1.683     0.00    0.00
  74033.730     1.683     0.00    0.00
  74321.175     1.683     0.00    0.00
  74608.636     1.683     0.00    0.00
  74896.113     1.683     0.00    0.00
  75183.606     1.683     0.00    0.00
  75471.116     1.683     0.00    0.00
  75758.641     1.683     0.00    0.00
  76046.182     1.683     0.00    0.00
  76333.740     1.683     0.00    0.00
  76621.313     1.683     0.00    0.00
  76908.903     1.683     0.00    0.00
  77196.509     1.683     0.00    0.00
  77484.131     1.683     0.00    0.00
  77771.769     1.683     0.00    0.00
  78059.423     1.683     0.00    0.00
  78347.093     1.683     0.00    0.00
  78634.779     1.683     0.00    0.00
  78922.482     1.683     0.00    0.00
  79210.200     1.683     0.00    0.00
  79497.935     1.683     0.00    0.00
  79785.686     1.683     0.00    0.00
  80073.453     1.683     0.00    0.00
  80361.236     1.683     0.00    0.00
  80649.035     1.683     0.00    0.00
  80936.850     1.683     0.00    0.00
  81224.682     1.683     0.00    0.00
  81512.530     1.683     0.00    0.00
  81800.393     1.683     0.00    0.00
  82088.273     1.683     0.00    0.00
  82376.170     1.683     0.00    0.00
  82664.082     1.683     0.00    0.00
  82952.010     1.683     0.00    0.00
  83239.955     1.683     0.00    0.00
  83527.916     1.683     0.00    0.00
  83815.893     1.683     0.00    0.00
  84103.886     1.683     0.00    0.00
  84391.895     1.683     0.00    0.00
  84679.921     1.683     0.00    0.00
  84967.963     1.683     0.00    0.00
  85256.021     1.683     0.00    0.00
  85544.095     1.683     0.00    0.00
  85832.185     1.683     0.00    0.00
  86120.292     1.683     0.00    0.00
  86408.414     1.683     0.00    0.00
  86696.553     1.683     0.00    0.00
  86984.708     1.683     0.00    0.00
  87272.880     1.683     0.00    0.00
  87561.067     1.683     0.00    0.00
  87849.271     1.683     0.00    0.00
  88137.491     1.683     0.00    0.00
  88425.727     1.683     0.00    0.00
  88713.980     1.683     0.00    0.00
  89002.249     1.683     0.00    0.00
  89290.534     1.683     0.00    0.00
  89578.835     1.683     0.00    0.00
  89867.152     1.683     0.00    0.00
  90155.486     1.683     0.00    0.00
  90443.836     1.683     0.00    0.00
  90732.202     1.683     0.00    0.00
  91020.584     1.683     0.00    0.00
  91308.983     1.683     0.00    0.00
  91597.398     1.683     0.00    0.00
  91885.829     1.683     0.00    0.00
  92174.277     1.683     0.00    0.00
  92462.741     1.683     0.00    0.00
  92751.221     1.683     0.00    0.00
  93039.717     1.683     0.00    0.00
  93328.230     1.683     0.00    0.00
  93616.759     1.683     0.00    0.00
  93905.304     1.683     0.00    0.00
  94193.865     1.683     0.00    0.00
  94482.443     1.683     0.00    0.00
  94771.037     1.683     0.00    0.00
  95059.648     1.683     0.00    0.00
  95348.275     1.683     0.00    0.00
  95636.918     1.683     0.00    0.00
  95925.577     1.815     0.46    0.62
  96214.253     1.940     0.43    0.99
  96502.945     2.077     0.48    1.16
  96791.653     2.054    -0.08    1.13
  97080.377     1.997    -0.20    0.88
  97369.118     2.134     0.47    1.28
  97657.876     2.169     0.12    1.54
  97946.649     2.256     0.30    1.68
  98235.439     2.242    -0.05    1.71
  98524.246     2.242     0.00    1.82
  98813.068     2.211    -0.10    1.81
  99101.907     2.429     0.75    1.98
  99390.763     2.497     0.23    2.13
  99679.634     2.469    -0.10    1.98
  99968.523     2.528     0.21    1.93
 100257.427     2.540     0.04    1.86
 100546.348     2.786     0.85    2.02
 100835.285     3.095     1.07    2.04
 101124.239     3.134     0.13    2.01
 101413.208     2.967    -0.58    1.92
 101702.195     2.869    -0.34    1.97
 101991.197     2.993     0.43    2.10
 102280.217     2.886    -0.37    2.15
 102569.252     2.840    -0.16    2.24
 102858.304     2.712    -0.44    2.10
 103147.372     2.683    -0.10    1.99
 103436.457     2.950     0.93    1.96
 103725.558     3.121     0.59    1.83
 104014.675     3.026    -0.33    1.66
 104303.809     3.058     0.11    1.65
 104592.960     3.153     0.33    1.81
 104882.126     3.080    -0.25    1.85
 105171.309     3.161     0.28    1.88
 105460.509     3.219     0.20    1.86
 105749.725     3.232     0.05    1.90
 106038.957     3.303     0.24    1.93
 106328.206     3.269    -0.12    2.08
 106617.471     3.303     0.12    2.02
 106906.753     3.433     0.45    2.00
 107196.051     3.389    -0.15    2.23
 107485.366     3.565     0.61    2.29
 107774.697     3.769     0.70    2.35
 108064.045     3.669    -0.34    2.25
 108353.409     3.740     0.25    2.29
 108642.789     3.753     0.05    2.19
 108932.186     3.725    -0.10    2.14
 109221.599     3.509    -0.75    2.13
 109511.029     3.124    -1.33    2.19
 109800.475     2.969    -0.54    2.06
 110089.938     2.979     0.03    2.02
 110379.417     2.754    -0.78    1.71
 110668.913     3.011     0.89    1.73
 110958.425     3.183     0.59    1.60
 111247.954     3.219     0.13    1.65
 111537.499     3.183    -0.13    1.63
 111827.061     3.227     0.15    1.55
 112116.639     3.212    -0.05    1.64
 112406.234     3.283     0.24    1.67
 112695.845     3.134    -0.52    1.62
 112985.473     3.183     0.17    1.74
 113275.117     3.288     0.36    1.72
 113564.778     3.349     0.21    1.81
 113854.455     3.303    -0.16    1.84
 114144.149     3.183    -0.41    1.86
 114433.859     2.871    -1.08    1.92
 114723.586     2.641    -0.80    1.90
 115013.329     2.291    -1.21    1.66
 115303.089     2.401     0.38    1.77
 115592.866     2.611     0.73    1.69
 115882.659     2.580    -0.11    1.72
 116172.468     2.497    -0.29    1.77
 116462.295     2.653     0.54    1.72
 116752.137     2.317    -1.16    1.56
 117041.996     2.049    -0.92    1.43
 117331.872     1.891    -0.54    1.50
 117621.765     1.697    -0.67    1.44
 117911.673     1.640    -0.20    1.40
 118201.599     1.536    -0.36    1.49
 118491.541     1.552     0.06    1.43
 118781.500     1.506    -0.16    1.43
 119071.475     1.540     0.12    1.41
 119361.467     1.556     0.06    1.49
 119649.730     1.556     0.00    1.56
 119936.214     1.429    -0.44    1.43
 120222.714     1.697     0.93    1.48
 120509.230     1.889     0.67    1.38
 120795.763     1.918     0.10    1.28
 121082.311     1.915    -0.01    1.16
 121368.876     1.944     0.10    1.21
 121655.457     1.964     0.07    1.26
 121942.054     1.911    -0.19    1.26
 122228.667     1.738    -0.61    1.27
 122515.296     1.655    -0.29    1.21
 122801.942     1.712     0.20    1.26
 123088.603     1.609    -0.36    1.31
 123375.281     1.669     0.21    1.47
 123661.975     1.770     0.35    1.53
 123948.685     2.054     0.99    1.56
 124235.411     2.063     0.03    1.74
 124522.153     2.299     0.82    1.73
 124808.912     2.246    -0.19    1.70
 125095.687     2.140    -0.37    1.69
 125382.477     1.874    -0.93    1.73
 125669.284     1.668    -0.72    1.77
 125956.108     1.451    -0.76    1.57
 126242.947     1.269    -0.64    1.36
 126529.802     1.134    -0.47    1.32
 126816.674     1.063    -0.25    1.29
 127103.562     0.852    -0.74    1.21
 127390.466     0.795    -0.20    1.12
 127677.386     0.624    -0.60    1.05
 127964.323     0.639     0.05    1.05
 128251.276     0.486    -0.54    0.92
 128538.245     0.462    -0.08    0.91
 128825.230     0.454    -0.03    0.89
 129112.231     0.511     0.20    0.90
 129399.249     0.575     0.22    0.90
 129686.282     0.528    -0.16    0.86
 129973.332     0.569     0.14    0.89
 130260.399     0.639     0.24    1.03
 130547.481     0.584    -0.19    0.99
 130834.580     0.683     0.34    1.01
 131121.695     0.781     0.34    1.06
 131408.826     0.808     0.09    1.20
 131695.973     0.833     0.09    1.20
 131983.137     0.697    -0.48    1.03
 132270.317     0.641    -0.19    0.91
 132557.513     0.580    -0.21    0.93
 132844.725     0.639     0.20    0.97
 133131.954     0.654     0.05    1.07
 133419.199     0.668     0.05    1.00
 133706.460     0.641    -0.09    0.98
 133993.737     0.540    -0.35    0.97
 134281.031     0.502    -0.13    0.98
 134568.341     0.598     0.33    0.95
 134855.667     0.669     0.25    1.02
 135143.010     0.741     0.25    0.97
 135430.369     0.897     0.54    1.01
 135717.744     1.124     0.79    1.07
 136005.135     1.283     0.55    0.98
 136292.543     1.433     0.52    1.03
 136579.967     1.642     0.73    1.15
 136867.407     1.626    -0.05    1.22
 137154.864     1.669     0.15    1.26
 137442.337     1.639    -0.10    1.34
 137729.826     1.415    -0.78    1.42
 138017.331     1.227    -0.65    1.52
 138304.853     1.031    -0.68    1.42
 138592.392     0.810    -0.77    1.25
 138879.946     0.753    -0.20    1.21
 139167.517     0.683    -0.24    1.10
 139455.104     0.612    -0.24    1.15
 139742.708     0.440    -0.60    0.98
 140030.327     0.292    -0.52    0.89
 140317.964     0.248    -0.15    0.90
 140605.616     0.212    -0.12    0.89
 140893.285     0.162    -0.18    0.84
 141180.970     0.063    -0.34    0.76
 141468.672     0.030    -0.11    0.56
 141756.390     0.016    -0.05    0.53
 142044.124    -0.021    -0.13    0.52
 142331.875    -0.008     0.05    0.55
 142619.642    -0.064    -0.19    0.53
 142907.425    -0.067    -0.01    0.56
 143195.225    -0.050     0.06    0.58
 143483.041    -0.021     0.10    0.60
 143770.873    -0.060    -0.14    0.57
 144058.722    -0.074    -0.05    0.55
 144346.588    -0.064     0.04    0.53
 144634.469     0.050     0.40    0.64
 144922.367     0.054     0.01    0.62
 145210.282     0.016    -0.13    0.61
 145498.213     0.080     0.22    0.72
 145786.160     0.197     0.41    0.79
 146074.124     0.176    -0.07    0.77
 146362.104     0.288     0.39    0.82
 146650.100     0.274    -0.05    0.80
 146938.113     0.226    -0.17    0.77
 147226.142     0.103    -0.43    0.58
 147514.188     0.105     0.01    0.62
 147802.250     0.065    -0.14    0.67
 148090.329     0.154     0.31    0.76
 148378.424     0.021    -0.46    1.09
 148666.536     0.021    -0.00    1.19
 148954.663     0.016    -0.02    1.19
 149242.808    -0.013    -0.10    1.15
 149530.969    -0.038    -0.09    1.09
 149819.146     0.097     0.47    1.15
 150107.340     0.277     0.62    1.35
 150395.550     0.472     0.68    1.19
 150683.776     0.544     0.25    1.14
 150972.020     0.599     0.19    1.16
 151260.279     0.641     0.14    1.18
 151548.555     0.528    -0.39    1.17
 151836.848     0.418    -0.38    1.00
 152125.157     0.283    -0.47    0.81
 152413.482     0.161    -0.42    0.70
 152701.824     0.097    -0.22    0.71
 152990.183     0.030    -0.23    0.67
 153278.557    -0.046    -0.26    0.64
 153566.949    -0.071    -0.09    0.57
 153855.357    -0.039     0.11    0.59
 154143.781    -0.042    -0.01    0.57
 154432.222     0.095     0.47    0.67
 154720.680     0.111     0.06    0.67
 155009.153     0.063    -0.17    0.66
 155297.644     0.119     0.20    0.71
 155586.151     0.126     0.02    0.77
 155874.674     0.217     0.32    0.90
 156163.214     0.126    -0.32    0.88
 156451.771     0.132     0.02    0.92
 156740.344     0.198     0.23    0.92
 157028.934     0.234     0.12    0.93
 157317.540     0.147    -0.30    0.87
 157606.162     0.097    -0.17    0.73
 157894.802     0.011    -0.30    0.61
 158183.457     0.011     0.00    0.61
 158472.130     0.007    -0.02    0.55
 158760.819     0.069     0.21    0.64
 159049.524     0.036    -0.11    0.64
 159338.246     0.036     0.00    0.66
 159626.985     0.111     0.26    0.77
 159915.740     0.054    -0.20    0.73
 160204.511     0.021    -0.12    0.72
 160493.300    -0.021    -0.15    0.66
 160782.105     0.154     0.61    0.85
 161070.926     0.300     0.51    0.98
 161359.764     0.354     0.19    0.99
 161648.619     0.462     0.37    1.05
 161937.490     0.640     0.62    1.11
 162226.378     0.598    -0.14    1.11
 162515.282     0.560    -0.13    1.04
 162804.203     0.558    -0.01    1.06
 163093.140     0.345    -0.74    0.92
 163382.095     0.306    -0.13    0.81
 163671.065     0.254    -0.18    0.79
 163960.053     0.271     0.06    0.80
 164249.057     0.354     0.29    0.86
 164538.078     0.322    -0.11    0.84
 164827.115     0.327     0.02    0.84
 165116.169     0.311    -0.05    0.95
 165405.239     0.308    -0.01    0.98
 165694.326     0.242    -0.23    1.00
 165983.430     0.089    -0.53    0.91
 166272.551     0.045    -0.15    0.80
 166561.688     0.011    -0.12    0.77
 166850.842    -0.021    -0.11    0.80
 167140.012    -0.078    -0.19    0.75
 167429.199    -0.137    -0.20    0.66
 167718.403    -0.235    -0.34    0.62
 168007.623    -0.245    -0.03    0.63
 168296.860    -0.347    -0.35    0.49
 168586.114    -0.389    -0.15    0.52
 168875.384    -0.346     0.15    0.59
 169164.671    -0.374    -0.10    0.53
 169453.975    -0.346     0.10    0.56
 169743.295    -0.262     0.29    0.55
 170032.633    -0.260     0.01    0.54
 170321.986    -0.114     0.50    0.63
 170611.357    -0.067     0.16    0.63
 170900.744    -0.042     0.09    0.59
 171190.148    -0.031     0.04    0.64
 171479.568    -0.123    -0.32    0.62
 171769.006    -0.162    -0.14    0.65
 172058.460    -0.078     0.29    0.82
 172347.930     0.049     0.44    0.90
 172637.418     0.154     0.36    0.93
 172926.922     0.198     0.15    0.91
 173216.443     0.132    -0.23    0.85
 173505.980     0.169     0.13    0.82
 173795.535    -0.007    -0.61    0.71
 174085.106    -0.190    -0.63    0.51
 174374.694    -0.205    -0.05    0.52
 174664.298    -0.189     0.05    0.54
 174953.919    -0.100     0.31    0.66
 175243.557    -0.089     0.04    0.64
 175533.212    -0.097    -0.03    0.54
 175822.884    -0.081     0.05    0.52
 176112.572    -0.060     0.07    0.53
 176402.277    -0.098    -0.13    0.56
 176691.999    -0.030     0.24    0.74
 176981.738    -0.046    -0.06    0.76
 177271.493     0.065     0.38    0.75
 177561.265     0.111     0.16    0.83
 177851.054     0.161     0.17    0.85
 178140.860     0.288     0.44    0.92
 178430.682     0.363     0.26    0.96
 178720.521     0.464     0.35    0.95
 179010.377     0.554     0.31    1.01
 179300.250     0.583     0.10    1.01
 179590.140     0.536    -0.16    0.93
 179880.046     0.407    -0.44    0.87
 180169.970     0.340    -0.23    0.87
 180459.910     0.204    -0.47    0.83
 180749.866     0.204     0.00    0.81
 181039.840     0.218     0.05    0.81
 181329.831     0.132    -0.30    0.72
 181619.838     0.077    -0.19    0.75
 181906.475     0.036    -0.14    0.71
 182192.938    -0.097    -0.46    0.59
 182479.417    -0.219    -0.43    0.68
 182765.913    -0.303    -0.30    0.64
 183052.425    -0.444    -0.49    0.58
 183338.953    -0.564    -0.42    0.60
 183625.497    -0.637    -0.25    0.73
 183912.058    -0.917    -0.98    0.95
 184198.636    -0.989    -0.25    0.97
 184485.229    -1.023    -0.12    0.93
 184771.839    -1.074    -0.18    0.97
 185058.466    -1.103    -0.10    0.98
 185345.108    -1.148    -0.16    0.99
 185631.767    -1.074     0.26    0.98
 185918.443    -1.103    -0.10    0.96
 186205.135    -1.060     0.15    0.93
 186491.843    -0.937     0.43    0.92
 186778.568    -0.955    -0.06    0.97
 187065.309    -0.832     0.43    0.94
 187352.066    -0.674     0.55    1.32
 187638.840    -0.655     0.07    1.50
 187925.630    -0.571     0.29    1.59
 188212.437    -0.345     0.79    1.58
 188499.260    -0.205     0.49    1.55
 188786.099    -0.078     0.44    1.46
 189072.955     0.026     0.36    1.13
 189359.827     0.124     0.34    1.18
 189646.716     0.349     0.79    0.98
 189933.621     0.526     0.61    0.91
 190220.543     0.641     0.40    0.95
 190507.481     0.739     0.34    0.94
 190794.435     0.866     0.44    1.15
 191081.406     1.007     0.49    1.17
 191368.393     1.007    -0.00    1.18
 191655.397     1.074     0.23    1.17
 191942.417     1.183     0.38    1.19
 192229.454     1.197     0.05    1.11
 192516.507     0.983    -0.75    1.04
 192803.576     0.908    -0.26    0.97
 193090.662     0.780    -0.45    1.04
 193377.765     0.753    -0.09    1.23
 193664.883     0.586    -0.58    1.28
 193952.019     0.443    -0.50    1.30
 194239.171     0.300    -0.50    1.32
 194526.339     0.109    -0.67    1.26
 194813.524    -0.131    -0.84    0.97
 195100.725    -0.117     0.05    1.06
 195387.943    -0.190    -0.26    0.84
 195675.177    -0.317    -0.44    0.78
 195962.428    -0.371    -0.19    0.90
 196249.695    -0.444    -0.25    0.98
 196536.979    -0.491    -0.16    1.01
 196824.279    -0.494    -0.01    0.88
 197111.596    -0.486     0.03    1.00
 197398.929    -0.578    -0.32    1.04
 197686.279    -0.599    -0.07    1.02
 197973.645    -0.810    -0.74    1.07
 198261.028    -0.810     0.00    1.16
 198548.427    -0.754     0.20    1.14
 198835.843    -0.824    -0.25    1.09
 199123.276    -0.766     0.20    1.04
 199410.725    -0.788    -0.07    1.07
 199698.190    -0.803    -0.05    1.07
 199985.672    -0.866    -0.22    1.12
 200273.171    -1.021    -0.54    1.05
 200560.686    -1.053    -0.11    1.02
 200848.217    -1.112    -0.20    0.97
 201135.766    -1.060     0.18    0.97
 201423.330    -0.965     0.33    0.93
 201710.912    -0.891     0.26    0.94
 201998.510    -0.746     0.50    0.86
 202286.124    -0.766    -0.07    0.83
 202573.755    -0.689     0.27    0.82
 202861.403    -0.543     0.51    0.74
 203149.067    -0.431     0.39    0.67
 203436.747    -0.456    -0.09    0.74
 203724.445    -0.388     0.24    0.57
 204012.159    -0.361     0.09    0.55
 204299.889    -0.288     0.25    0.57
 204587.636    -0.303    -0.05    0.52
 204875.400    -0.247     0.20    0.59
 205163.180    -0.123     0.43    0.66
 205450.977    -0.057     0.23    0.67
 205738.791    -0.021     0.12    0.68
 206026.621     0.035     0.20    0.76
 206314.468     0.040     0.02    0.78
 206602.331     0.095     0.19    0.81
 206890.211     0.118     0.08    0.87
 207178.107     0.011    -0.37    0.79
 207466.021     0.035     0.08    0.85
 207753.951    -0.046    -0.28    0.82
 208041.897    -0.046     0.00    0.82
 208329.860    -0.092    -0.16    0.80
 208617.840    -0.089     0.01    0.76
 208905.836    -0.103    -0.05    0.68
 209193.849    -0.200    -0.34    0.64
 209481.879    -0.231    -0.11    0.58
 209769.925    -0.203     0.10    0.60
 210057.988    -0.178     0.09    0.70
 210346.068    -0.064     0.40    0.71
 210634.164     0.040     0.36    0.80
 210922.277     0.105     0.23    0.82
 211210.407     0.269     0.57    0.94
 211498.554     0.300     0.11    0.96
 211786.717     0.374     0.26    0.98
 212074.896     0.556     0.63    1.17
 212363.093     0.669     0.39    1.24
 212651.306     1.007     1.17    1.35
 212939.536     0.974    -0.11    1.32
 213227.782     0.922    -0.18    1.26
 213516.045     0.897    -0.09    1.18
 213804.325     1.021     0.43    1.29
 214092.622     1.109     0.31    1.30
 214380.935     1.292     0.63    1.29
 214669.265     1.183    -0.38    1.21
 214957.612     1.169    -0.05    1.22
 215245.975     1.077    -0.32    1.18
 215534.355     1.141     0.22    1.17
 215822.752     1.311     0.59    1.34
 216111.166     1.148    -0.57    1.36
 216399.596     1.169     0.07    1.36
 216688.043     1.242     0.25    1.39
 216976.507     1.252     0.04    1.37
 217264.988     0.993    -0.90    1.20
 217553.485     0.791    -0.70    1.13
 217841.999     0.822     0.11    1.13
 218130.530     0.626    -0.68    1.04
 218419.077     0.374    -0.88    0.93
 218707.642     0.419     0.16    0.96
 218996.223     0.359    -0.21    0.95
 219284.821     0.486     0.44    1.04
 219573.435     0.391    -0.33    1.04
 219862.067     0.395     0.01    1.06
 220150.715     0.426     0.11    1.11
 220439.380     0.299    -0.44    1.04
 220728.061     0.271    -0.10    1.05
 221016.760     0.176    -0.33    0.96
 221305.475     0.155    -0.07    0.84
 221594.207     0.234     0.27    0.87
 221882.956     0.377     0.50    0.93
 222171.722     0.483     0.37    0.97
 222460.505     0.561     0.27    1.02
 222749.304     0.766     0.71    1.29
 223038.120     0.886     0.41    1.41
 223326.953     0.828    -0.20    1.45
 223615.803     0.790    -0.13    1.47
 223904.669     0.962     0.60    1.55
