#    3.465   0.174  11.365 ;Mean Elev.(m), Avg Gradient(m/km), RMS Gradient(m/km) - SRTM1     
#   -3.556   0.324  13.083 ;Mean Elev.(m), Avg Gradient(m/km), RMS Gradient(m/km) - ASTER GDEM
#    6.694   0.145  13.150 ;Mean Elev.(m), Avg Gradient(m/km), RMS Gradient(m/km) - GMTED2010 
   1 117.223169  30.535926    10.514    10.421  3 54665.43103026 28.068
   3 117.223044  30.536182    11.507    11.601  3 54685.26231790 29.686
   4 117.225458  30.536226    10.889    10.912  3 54695.17795999 29.531
   5 117.228172  30.535922    11.960    12.044  4 54705.09359973 28.009
   6 117.224830  30.535768    12.806    12.812  4 54715.00925143 31.596
   7 117.220717  30.535556    12.450    12.449  3 54724.92490151 28.793
   8 117.216834  30.534683    11.096    11.355  3 54734.84054951 30.366
   9 117.214477  30.534998    10.979    11.135  3 54744.75619609 28.395
  10 117.214117  30.535725    10.650    10.470  3 54754.67184221 30.805
  11 117.215862  30.534356    10.335    10.410  3 54764.58748787 30.534
  12 117.216303  30.534335    10.352    10.284  3 54774.50313040 30.848
  13 117.216079  30.534625    10.881    10.960  3 54784.41877033 30.534
  14 117.216979  30.535114    10.453    10.306  3 54794.33440872 30.607
  15 117.220319  30.535555    10.511    10.548  4 54804.25004679 33.519
  16 117.224233  30.536002    10.469    10.483  3 54814.16568462 28.075
  17 117.224685  30.535652    10.361    10.389  4 54824.08132992 29.727
  18 117.220723  30.536108    10.276    10.210  3 54833.99696985 30.200
  19 117.217462  30.535157    10.128    10.269  3 54843.91262001 33.544
  20 117.215787  30.534716    10.281    10.228  3 54853.82826908 29.816
  21 117.215898  30.534297    10.112    10.045  3 54863.74391788 29.380
  22 117.215760  30.534790     9.668     9.780  3 54873.65956613 30.728
  23 117.215573  30.534938    10.149    10.068  3 54883.57521200 31.146
  24 117.213909  30.535588    11.379    11.214  3 54893.49085426 32.949
  25 117.212451  30.534713    10.764    10.745  3 54903.40649425 32.340
  26 117.211839  30.535305    10.838    10.724  3 54913.32213299 30.441
  27 117.213170  30.535838    10.814    10.797  3 54923.23777135 32.750
  28 117.216970  30.535245    10.817    10.595  3 54933.15340949 30.423
  29 117.220710  30.535870    10.617    10.494  3 54943.06904553 30.817
  30 117.223656  30.536178    10.475    10.484  3 54952.98467958 29.178
  31 117.221757  30.535918    10.383    10.302  3 54962.90032338 26.977
  32 117.218888  30.536384    10.356    10.343  3 54972.81597155 31.889
  33 117.219329  30.535483    10.097    10.177  4 54982.73161913 34.787
  35 117.220292  30.536297    10.332    10.333  3 55002.56291215 32.134
  36 117.219123  30.535899    11.342    11.032  3 55012.47855640 32.572
  37 117.218498  30.534633    11.625    11.563  3 55022.39419953 31.758
  38 117.218647  30.534563    10.887    10.972  3 55032.30984184 31.176
  39 117.220299  30.534852    11.645    11.657  3 55042.22548368 31.129
  40 117.223377  30.535651    11.853    11.858  3 55052.14112416 31.425
  41 117.225860  30.534827    12.183    12.240  3 55062.05676272 32.190
  42 117.222959  30.535680    11.645    11.551  3 55071.97240583 28.843
  43 117.218131  30.535344    11.334    11.437  3 55081.88805414 28.909
  44 117.214773  30.535469    10.948    10.775  3 55091.80370064 29.954
  45 117.214789  30.534122    10.965    10.966  3 55101.71934709 27.994
  46 117.215000  30.535660    10.526    10.525  3 55111.63499252 29.874
  47 117.216707  30.535068    10.341    10.428  3 55121.55063636 29.648
  48 117.217412  30.534406    10.531    10.586  3 55131.46627731 28.260
  49 117.216554  30.534571    10.445    10.503  3 55141.38191611 28.856
  50 117.216193  30.535694    10.527    10.393  3 55151.29755435 32.508
  51 117.219501  30.534945    10.478    10.449  3 55161.21319366 31.198
  52 117.223281  30.535805    10.422    10.444  3 55171.12883239 30.638
  53 117.226400  30.536664    10.711    10.571  3 55181.04446959 30.838
  54 117.223806  30.535609    10.478    10.483  4 55190.96011877 32.330
  55 117.219375  30.535441    10.298    10.302  4 55200.87576893 32.162
  56 117.216663  30.535618    10.343    10.342  3 55210.79141829 30.461
  57 117.216718  30.535297    10.185    10.103  3 55220.70706738 29.858
  58 117.216338  30.535655    10.183    10.138  3 55230.62271513 32.208
  59 117.216059  30.535723    10.297    10.262  3 55240.53835973 32.948
  60 117.214514  30.535217    10.394    10.443  3 55250.45400075 30.457
  61 117.212376  30.535440    12.072    12.587  3 55260.36963951 32.160
  62 117.212861  30.535044    11.107    11.118  3 55270.28527803 32.780
  63 117.215274  30.535213    11.229    11.197  4 55280.20091670 32.724
  64 117.219405  30.534568    11.023    10.936  3 55290.11655449 30.421
  65 117.222839  30.535575    10.828    10.700  3 55300.03218953 30.179
  66 117.221296  30.535466    10.937    11.000  3 55309.94783507 31.700
  67 117.218330  30.535486    10.447    10.475  4 55319.86348067 35.268
  68 117.216249  30.535968    11.080    11.352  3 55329.77912494 32.377
  69 117.217589  30.534509    11.909    11.945  3 55339.69476947 30.122
  70 117.219451  30.535240    12.480    12.493  4 55349.61041328 32.954
  71 117.220854  30.536343    12.121    12.245  3 55359.52605493 31.789
  72 117.221665  30.535239    13.266    13.265  3 55369.44169485 31.460
  73 117.222041  30.534708    14.456    14.361  3 55379.35733328 35.611
  74 117.222858  30.535488    14.246    14.369  4 55389.27297096 34.779
  75 117.225526  30.535979    14.663    14.750  3 55399.18860800 34.164
  76 117.226503  30.535125    14.587    14.593  3 55409.10425471 30.863
  77 117.223287  30.535357    14.058    14.044  3 55419.01990523 33.409
  78 117.219504  30.534555    12.832    12.882  3 55428.93555249 34.362
  79 117.215815  30.535195    12.256    12.353  3 55438.85119663 33.067
  80 117.214893  30.535170    12.327    12.367  3 55448.76683954 30.807
  81 117.215881  30.535562    12.029    12.166  3 55458.68248210 32.718
  82 117.217473  30.536293    11.902    11.968  3 55468.59812383 34.520
  83 117.219798  30.535714    11.720    11.665  3 55478.51376264 32.167
  84 117.221670  30.535442    11.408    11.441  4 55488.42939845 31.980
  85 117.223114  30.535630    10.881    10.719  4 55498.34503208 31.348
  86 117.223300  30.536337    10.759    10.506  3 55508.26067070 30.798
  87 117.221748  30.535635    10.958    10.867  3 55518.17632125 29.009
  88 117.221862  30.534691    11.008    10.850  3 55528.09197116 28.500
  89 117.221137  30.534967    12.491    11.421  3 55538.00761885 28.741
  90 117.219995  30.534965     9.917     9.999  3 55547.92326423 33.451
  91 117.218320  30.535053    10.455    10.408  3 55557.83890758 31.449
  92 117.217822  30.535482    11.755    10.718  4 55567.75454991 33.327
  93 117.219471  30.534973    10.389    10.288  3 55577.67019171 30.893
  94 117.220967  30.535210    10.615    10.175  3 55587.58583115 30.205
  95 117.222420  30.535594    10.145    10.100  3 55597.50146749 32.088
  96 117.223326  30.535722    10.312    10.274  3 55607.41710112 30.687
  97 117.225318  30.534827    10.358    10.327  3 55617.33273332 28.334
  98 117.224521  30.535009    10.511    10.492  3 55627.24837823 28.826
  99 117.222569  30.535598    10.328    10.337  3 55637.16402991 28.956
 100 117.221177  30.535768    10.738    10.502  3 55647.07967974 29.534
 101 117.219820  30.534648    10.144    10.160  3 55656.99532695 31.064
 102 117.218045  30.535417    10.117    10.163  4 55666.91096932 30.833
 103 117.218079  30.535407    10.035    10.067  4 55676.82660890 28.948
 104 117.219719  30.536209     9.945    10.218  3 55686.74224636 31.588
 105 117.223596  30.535126    10.372    10.059  3 55696.65788310 27.712
 106 117.227734  30.534926     7.380     6.359  3 55706.57351834 34.245
 107 117.225146  30.536633    10.188    10.152  3 55716.48916746 29.209
 108 117.223428  30.534784    11.028    10.960  3 55726.40481608 30.545
 109 117.221039  30.535764    12.511    12.481  4 55736.32046250 31.977
 110 117.219991  30.536192    11.717    11.748  3 55746.23610803 31.780
 111 117.219832  30.536304    11.698    11.692  3 55756.15175193 31.670
 112 117.220525  30.535895    11.363    11.477  3 55766.06739356 30.192
 113 117.221137  30.535095    11.254    11.384  3 55775.98303235 24.961
 114 117.220928  30.536017     9.821     9.091  3 55785.89866771 32.926
 115 117.223235  30.535665    13.388    10.661  4 55795.81430138 30.550
 116 117.224744  30.536343    10.860    10.940  3 55805.72994100 28.079
 117 117.225221  30.535064    10.394    10.398  3 55815.64559006 28.054
 118 117.224414  30.535783    10.530    10.442  4 55825.56123585 28.749
 119 117.223574  30.536055    14.250    10.572  3 55835.47687726 27.474
 120 117.223388  30.535758    10.259    10.328  3 55845.39251547 28.920
 121 117.225255  30.535820    10.250    10.211  4 55855.30815130 28.393
 122 117.227128  30.535012    10.250    10.257  3 55865.22379233 27.024
 123 117.225117  30.535037    10.089    10.142  3 55875.13944549 28.143
 124 117.224437  30.534933     9.984     9.924  3 55885.05509315 28.740
 125 117.223768  30.536253    10.317    10.168  3 55894.97073454 28.145
 126 117.225367  30.536337    10.253    10.345  3 55904.88637097 28.161
 127 117.225953  30.535540    10.436    10.360  4 55914.80201232 27.191
 128 117.222366  30.535816    10.211    10.130  3 55924.71766569 29.370
 129 117.221159  30.534726    10.064    10.064  3 55934.63331624 28.281
 130 117.219144  30.535500    10.209    10.204  4 55944.54896167 31.754
 131 117.217507  30.535910    10.445    10.259  3 55954.46460289 29.162
 132 117.217533  30.534719    10.440    10.292  3 55964.38024195 30.607
 133 117.218767  30.534714    10.310    10.360  3 55974.29587959 31.073
 134 117.222673  30.534742    10.559    10.536  3 55984.21151656 30.610
 135 117.227481  30.535624    10.685    10.513  3 55994.12715123 31.054
 136 117.224963  30.535580    10.544    10.549  4 56004.04280247 31.137
 137 117.220595  30.535480    10.743    10.497  4 56013.95845127 32.655
 138 117.216605  30.536100    10.476    10.596  3 56023.87409658 32.982
 139 117.216910  30.534595    11.331    11.324  3 56033.78974012 28.569
 140 117.219469  30.535469     9.963    10.155  3 56043.70538110 33.338
 141 117.223220  30.535519     9.991     9.820  3 56053.62101956 36.998
 142 117.226282  30.536220    11.613    11.549  3 56063.53665443 31.790
 143 117.226476  30.534863    12.234    12.228  3 56073.45229656 33.013
 144 117.222109  30.535571    12.513    12.524  4 56083.36794579 32.723
 145 117.220140  30.536031    12.885    12.964  3 56093.28359306 32.149
 146 117.220980  30.535324    12.268    12.309  4 56103.19923875 33.253
 147 117.221488  30.535444    12.592    12.585  3 56113.11486990 33.652
 148 117.222361  30.535024    12.977    13.006  3 56123.03050901 32.551
 149 117.222809  30.535660    13.787    13.802  3 56132.94614395 34.579
 150 117.222817  30.535531    14.001    14.043  4 56142.86178170 38.342
 151 117.220583  30.534841    14.171    14.173  3 56152.77743206 36.292
 152 117.220293  30.535233    12.970    12.929  3 56162.69308071 32.391
 153 117.221094  30.535842    12.117    12.095  3 56172.60872737 30.066
 154 117.222356  30.535209    11.732    11.807  3 56182.52436948 30.714
 155 117.221775  30.535360    11.086    11.030  4 56192.44000757 30.783
 156 117.221180  30.535626    10.625    10.536  3 56202.35564311 29.226
 157 117.223776  30.535742    10.617    10.605  4 56212.27127738 28.627
 158 117.229383  30.535881    14.765    10.742  3 56222.18691018 28.858
 159 117.228619  30.535311    10.420    10.495  3 56232.10256535 29.351
 160 117.226185  30.535393    10.385    10.440  3 56242.01821796 28.390
 161 117.222977  30.535058    11.839    12.289  3 56251.93386623 27.918
 162 117.221092  30.534708    11.335    11.417  3 56261.84950984 29.157
 163 117.221131  30.534715    11.591    11.647  3 56271.76515125 29.380
 164 117.222420  30.535015    11.316    10.706  3 56281.68079233 30.675
 165 117.220083  30.536392    11.173    11.601  3 56291.59644374 36.205
 166 117.218575  30.535186    11.664    11.779  4 56301.51209128 30.945
 167 117.216835  30.534361    11.148    11.378  3 56311.42773459 27.650
 168 117.215319  30.535500    10.684    10.505  3 56321.34337558 30.392
 169 117.216926  30.534732    10.600    10.582  3 56331.25901687 30.548
 170 117.219759  30.535231    10.953    10.846  4 56341.17465764 32.606
 171 117.223406  30.535835    10.677    10.727  4 56351.09029623 33.252
 172 117.225357  30.534809    10.588    10.612  3 56361.00593588 28.861
 173 117.220412  30.535240    11.224    11.227  4 56370.92158535 32.662
 174 117.216722  30.534500    11.243    11.387  3 56380.83723228 30.298
 175 117.215951  30.534641    11.012    10.765  3 56390.75287685 30.059
 176 117.218158  30.535922    11.712    11.902  3 56400.66851966 30.724
 177 117.222008  30.535704    10.841    10.607  4 56410.58416016 29.657
 178 117.225160  30.536266    10.846    10.683  3 56420.49979564 30.487
 179 117.226619  30.535305    15.769    10.971  3 56430.41543289 29.864
 180 117.220687  30.536182    11.642    11.651  3 56440.33108520 31.724
 181 117.217416  30.536254    12.117    12.109  3 56450.24673560 32.278
 182 117.217222  30.535543    11.744    11.795  3 56460.16238433 30.195
 183 117.217621  30.534455    13.237    13.356  3 56470.07802991 30.034
 184 117.217684  30.534786    12.359    12.318  3 56479.99367136 35.238
 185 117.218089  30.535146    11.504    11.715  4 56489.90930878 33.128
 186 117.220187  30.535234    11.195    11.145  4 56499.82494367 33.431
 187 117.223700  30.536497    10.623    10.651  3 56509.74057691 31.546
 188 117.226998  30.534902    10.197    10.170  3 56519.65621901 30.397
 189 117.224926  30.535313     9.035     9.110  3 56529.57187195 36.051
 190 117.223149  30.535457    10.612    10.634  3 56539.48752095 26.564
 191 117.220702  30.535515     8.039     6.989  3 56549.40316574 32.175
 192 117.218668  30.535597    10.889    10.919  4 56559.31880841 29.435
 193 117.218578  30.536254    10.444    10.321  3 56569.23445043 31.354
 194 117.221598  30.536055    11.084    11.147  3 56579.15009175 26.466
 195 117.226318  30.536262    10.296    10.249  3 56589.06572938 26.913
 196 117.226766  30.536501    10.233    10.174  3 56598.98137395 27.096
 197 117.223242  30.534820    10.176    10.024  3 56608.89702512 27.763
 198 117.220242  30.535233    10.567    10.900  3 56618.81267083 27.954
 199 117.219993  30.534869     7.709     8.918  3 56628.72831353 32.802
 200 117.221563  30.535604     8.502     9.518  4 56638.64395304 32.054
 201 117.222599  30.535338    10.342    10.142  4 56648.55959691 29.893
 202 117.218834  30.536249     9.706     9.802  3 56658.47524770 32.102
 203 117.216811  30.535113    10.437    10.486  4 56668.39089508 28.664
 204 117.215850  30.535865    10.209    10.000  3 56678.30654001 27.732
 205 117.217411  30.535482     4.789     4.660  3 56688.22218421 45.454
 206 117.219608  30.535768    10.125    10.138  4 56698.13782606 30.766
 207 117.222728  30.535403    10.423    10.410  3 56708.05346352 27.762
 208 117.223278  30.536242    10.464    10.391  3 56717.96910120 31.575
 210 117.216729  30.534661     8.409     9.826  3 56737.80040269 33.597
 211 117.216461  30.535692    10.160    10.133  3 56747.71604741 30.858
 212 117.219795  30.535399    10.939    10.946  4 56757.63168812 29.696
 213 117.224614  30.535308    10.778    10.591  3 56767.54732294 28.596
 214 117.223999  30.535538    10.033     9.892  3 56777.46296721 31.917
 215 117.219127  30.534948    11.505    11.563  3 56787.37862287 28.089
 216 117.214143  30.535947    10.833    10.580  3 56797.29427486 31.132
 217 117.213365  30.534278    11.265    11.218  3 56807.20992266 29.071
 218 117.214753  30.534327    11.248    11.488  3 56817.12556429 28.973
 219 117.216554  30.534954    10.758    10.658  3 56827.04120231 28.508
 221 117.221932  30.536504    12.356    12.276  3 56846.87246854 30.254
 222 117.220712  30.535637    13.254    13.266  3 56856.78811873 33.399
 223 117.219643  30.535257    13.572    13.609  3 56866.70377175 36.114
 224 117.218384  30.535257    12.274    12.292  3 56876.61942325 32.945
 225 117.217009  30.534807    11.576    11.485  3 56886.53507169 30.748
 226 117.214931  30.535222    11.612    11.679  3 56896.45071719 30.596
 227 117.213810  30.535344    11.697    11.805  3 56906.36636006 30.754
 228 117.215055  30.534232    11.547    11.651  3 56916.28200147 34.646
 229 117.217315  30.535932    11.131    10.845  3 56926.19764070 33.712
 230 117.221766  30.536042    10.987    11.067  3 56936.11327719 32.017
 231 117.227274  30.535635    10.786    10.781  4 56946.02890862 27.449
 232 117.223953  30.534921     8.621     9.618  3 56955.94456120 33.142
 233 117.220003  30.535235    10.488    10.373  4 56965.86021004 33.231
 234 117.218325  30.536153    11.207    11.381  3 56975.77585440 31.195
 235 117.220450  30.535285    10.841    10.557  3 56985.69149484 31.546
 236 117.224111  30.535797    10.419    10.470  4 56995.60712954 32.388
 237 117.224969  30.535406    10.415    10.456  3 57005.52277171 28.863
 238 117.220277  30.535001    11.217    11.455  3 57015.43842614 30.423
 239 117.216434  30.536270    10.413    10.333  3 57025.35407629 32.795
 240 117.216999  30.534706    10.654    10.552  3 57035.26972548 30.702
 241 117.218361  30.535429    11.148    11.230  4 57045.18537188 30.113
 242 117.219703  30.536384    11.119    11.430  3 57055.10101522 31.235
 243 117.221569  30.534732    10.011     9.994  3 57065.01665415 31.469
 244 117.221844  30.536470    11.019    11.134  3 57074.93228747 30.535
 245 117.225825  30.535542    10.521    10.485  3 57084.84791821 30.405
 246 117.223934  30.535085    10.339    10.333  3 57094.76357196 29.892
 247 117.221950  30.534707    10.472    10.454  3 57104.67922820 31.785
 248 117.220763  30.535523    11.558    11.677  4 57114.59487989 32.312
 249 117.220213  30.535211    11.223    10.894  3 57124.51052567 31.582
 250 117.219495  30.534864    11.471    11.369  3 57134.42616620 30.587
 251 117.220120  30.535883    11.043    10.879  3 57144.34180232 31.592
 252 117.223965  30.534808    10.426    10.662  3 57154.25743675 30.806
 253 117.226598  30.535710    10.712    10.744  4 57164.17307398 32.543
 254 117.222685  30.536485    10.741    10.734  3 57174.08873059 32.191
 255 117.219656  30.535591    12.596    12.595  4 57184.00438418 32.217
 256 117.216294  30.535901    13.926    13.886  3 57193.92003348 34.352
 257 117.214520  30.535877    13.953    13.958  3 57203.83568046 33.013
 258 117.215754  30.535160    13.541    13.560  3 57213.75131437 33.747
 259 117.218760  30.535388    12.635    12.659  4 57223.66695801 36.407
 260 117.221512  30.535447    12.215    12.319  3 57233.58259987 33.458
 261 117.222604  30.535424    11.445    11.341  4 57243.49823860 33.330
 262 117.222612  30.535943    11.160    11.335  3 57253.41387470 29.131
 263 117.224470  30.535545    10.770    10.765  4 57263.32950983 29.924
 264 117.227365  30.536195    10.659    10.634  3 57273.24514745 28.103
 265 117.225751  30.536468    10.477    10.494  3 57283.16080483 27.923
 266 117.224461  30.535406    10.413    10.484  4 57293.07645993 29.987
 267 117.221380  30.535124    11.275    11.382  3 57302.99211124 29.858
 268 117.217700  30.535206    11.038    11.116  4 57312.90775853 32.375
 269 117.215456  30.534535    10.655    10.493  3 57322.82340268 29.264
 270 117.215517  30.535176    10.741    10.731  3 57332.73904454 31.294
 271 117.218583  30.535037    10.824    10.659  3 57342.65468471 32.198
 272 117.216750  30.535470    10.816    10.518  3 57352.57033642 32.949
 273 117.217050  30.534811    11.183    11.304  3 57362.48598056 30.933
 274 117.216601  30.535229    11.052    11.133  3 57372.40162126 30.823
 275 117.217103  30.536025    11.176    11.388  3 57382.31726037 32.537
 276 117.220039  30.536418    11.150    11.319  3 57392.23289950 33.703
 277 117.225771  30.534782    10.648    10.533  3 57402.14853845 29.001
 278 117.227666  30.535216    10.753    10.722  3 57412.06418180 29.737
 279 117.224267  30.534827    10.285    10.569  3 57421.97983383 31.916
 280 117.219003  30.536379    11.365    11.632  3 57431.89548249 32.972
 281 117.217361  30.534734    10.631    10.492  3 57441.81113002 32.136
 282 117.218039  30.535025    10.341    10.336  3 57451.72677640 32.273
 283 117.220187  30.535166    11.115    10.686  3 57461.64242124 32.270
 284 117.222947  30.535621    10.280    10.276  3 57471.55806255 32.227
 285 117.224056  30.536524    10.533    10.528  3 57481.47369972 31.729
 286 117.224772  30.535715    10.563    10.488  3 57491.38933422 30.537
 287 117.226515  30.536008    11.448    11.543  3 57501.30496678 32.764
 288 117.225058  30.536204    12.081    11.959  3 57511.22061487 31.776
 289 117.222580  30.535560    12.537    12.600  4 57521.13627057 33.097
 290 117.220712  30.535611    12.554    12.565  4 57531.05192367 33.371
 291 117.218508  30.535907    12.331    12.253  3 57540.96757334 33.871
 292 117.216411  30.536101    12.817    12.797  3 57550.88322003 34.718
 293 117.216100  30.534795    13.450    13.401  3 57560.79886551 33.605
 294 117.216616  30.535284    14.036    13.982  4 57570.71451005 37.771
 295 117.218271  30.536099    15.795    15.874  3 57580.63015436 37.697
 296 117.221111  30.535071    15.396    15.397  3 57590.54579742 36.501
 297 117.222031  30.534839    14.363    14.371  3 57600.46143745 34.437
