-272798.824   336.476     0.00   33.42
-272509.213   338.883     8.31   34.35
-272219.587   342.100    11.11   32.71
-271929.948   342.065    -0.12   32.94
-271640.294   339.795    -7.84   33.78
-271350.627   335.584   -14.53   37.42
-271060.945   318.199   -60.00   52.65
-270771.249   302.670   -53.59   61.20
-270481.539   281.280   -73.82   58.51
-270191.815   269.854   -39.43   52.76
-269902.077   266.365   -12.04   49.06
-269612.324   269.796    11.84   51.61
-269322.558   278.781    31.00   50.89
-269032.778   297.584    64.87   44.40
-268742.983   302.862    18.21   35.53
-268453.174   301.478    -4.77   38.21
-268163.351   288.676   -44.16   45.93
-267873.514   277.533   -38.44   57.53
-267583.663   257.986   -67.42   65.36
-267293.798   229.474   -98.34   57.81
-267003.919   207.145   -77.01   49.35
-266714.025   183.846   -80.35   33.94
-266424.118   170.145   -47.25   26.28
-266134.196   162.720   -25.60   20.51
-265844.260   159.898    -9.73   17.70
-265556.679   161.930     7.06   19.15
-265269.738   166.043    14.33   22.26
-264982.782   171.645    19.52   23.63
-264695.813   178.391    23.51   26.52
-264408.831   192.736    49.97   39.92
-264121.834   208.393    54.54   50.45
-263834.824   226.824    64.21   53.90
-263547.799   242.060    53.07   55.67
-263260.761   257.993    55.50   54.41
-262973.710   275.463    60.85   50.99
-262686.644   288.658    45.96   40.82
-262399.564   298.407    33.95   34.36
-262112.471   302.975    15.90   34.92
-261825.364   302.997     0.08   35.88
-261538.243   305.692     9.38   41.34
-261251.108   306.104     1.43   52.70
-260963.959   298.612   -26.08   59.98
-260676.796   294.933   -12.81   60.90
-260389.620   295.448     1.79   58.17
-260102.430   293.542    -6.64   53.10
-259815.225   289.060   -15.60   49.42
-259528.007   284.114   -17.21   39.19
-259240.776   284.915     2.79   37.52
-258953.530   291.689    23.58   36.55
-258666.270   299.554    27.37   37.96
-258378.997   305.069    19.19   40.40
-258091.709   318.412    46.44   43.70
-257804.408   328.645    35.61   45.98
-257517.093   342.074    46.73   48.52
-257229.764   352.273    35.49   45.29
-256942.421   356.402    14.37   44.28
-256655.065   370.008    47.34   47.90
-256367.694   378.236    28.62   45.66
-256080.310   386.902    30.15   42.16
-255792.911   387.417     1.79   41.94
-255505.499   387.935     1.80   42.14
-255218.073   391.303    11.71   43.16
-254930.633   395.960    16.20   44.06
-254643.179   403.074    24.74   43.85
-254355.711   409.857    23.59   44.93
-254068.229   425.938    55.93   50.59
-253780.733   448.363    77.98   58.56
-253493.223   472.094    82.52   63.30
-253205.700   491.417    67.19   68.18
-252918.162   510.589    66.66   75.41
-252630.611   543.689   115.09   74.36
-252343.046   556.205    43.52   72.40
-252055.466   564.997    30.56   71.47
-251767.873   565.060     0.22   80.08
-251480.266   551.960   -45.54   89.97
-251192.645   528.606   -81.18   99.45
-250905.010   492.482  -125.56  101.81
-250617.361   442.004  -175.45   94.28
-250329.698   413.251   -99.94   87.37
-250042.021   393.089   -70.07   73.65
-249754.331   389.004   -14.20   72.27
-249466.626   394.169    17.95   83.81
-249178.907   422.808    99.52  105.04
-248891.175   457.930   122.04  108.36
-248603.428   492.471   120.02   89.31
-248315.667   514.182    75.43   64.89
-248027.893   502.130   -41.87   74.30
-247740.104   472.539  -102.80   99.72
-247452.302   418.213  -188.72  127.07
-247164.485   363.968  -188.43  129.05
-246876.655   310.049  -187.29  119.04
-246588.811   260.148  -173.33   90.10
-246300.952   217.458  -148.27   49.11
-246013.080   201.766   -54.50   31.95
-245725.194   191.566   -35.42   17.71
-245437.293   186.378   -18.02   15.00
-245149.379   186.251    -0.44   16.15
-244861.450   188.363     7.33   18.87
-244573.508   190.855     8.65   20.56
-244285.552   190.874     0.06   21.99
-243997.581   189.327    -5.37   21.62
-243709.597   190.735     4.89   21.72
-243421.599   203.587    44.61   45.46
-243133.586   216.258    43.99   69.53
-242845.560   238.551    77.38   94.77
-242557.520   255.646    59.34   98.06
-242269.465   266.751    38.54   94.60
-241981.397   283.342    57.58   91.41
-241693.314   296.443    45.47   85.37
-241405.218   315.539    66.27   80.90
-241117.107   342.957    95.15   81.21
-240828.983   363.258    70.45   73.02
-240540.844   391.493    97.97   57.26
-240252.691   399.523    27.86   52.12
-239964.525   396.402   -10.83   62.49
-239676.344   384.630   -40.84   74.31
-239388.149   361.933   -78.74   79.32
-239099.940   343.303   -64.63   79.02
-238811.717   323.551   -68.52   69.36
-238523.481   309.099   -50.13   57.61
-238235.230   308.658    -1.53   56.59
-237946.964   327.311    64.70   65.68
-237658.685   345.190    62.01   66.98
-237370.392   369.190    83.23   66.63
-237082.085   389.885    71.77   70.49
-236793.764   414.782    86.33   70.43
-236505.428   441.827    93.78   73.70
-236217.079   464.997    80.34   79.03
-235928.715   497.130   111.41   88.64
-235640.337   511.099    48.43   88.71
-235351.946   516.320    18.10   86.38
-235063.540   497.676   -64.63  103.32
-234775.120   463.357  -118.97  126.33
-234486.686   420.677  -147.94  138.59
-234198.238   378.474  -146.28  145.57
-233909.776   313.766  -224.28  104.76
-233621.299   277.690  -125.03   67.66
-233332.809   255.074   -78.38   29.46
-233044.304   251.049   -13.95   18.84
-232755.786   257.554    22.54   22.84
-232467.253   268.545    38.09   26.21
-232178.706   281.751    45.76   29.12
-231890.145   299.497    61.49   32.47
-231601.570   316.342    58.36   40.11
-231312.981   338.428    76.52   54.80
-231024.377   374.034   123.35   83.48
-230735.760   423.870   172.64  111.97
-230447.128   489.810   228.41  148.68
-230158.483   558.599   238.27  172.28
-229869.823   634.751   263.76  171.02
-229581.149   688.493   186.14  161.84
-229292.461   741.151   182.37  160.30
-229003.758   747.751    22.86  159.94
-228715.042   752.348    15.92  159.50
-228426.311   747.618   -16.38  155.60
-228137.566   756.512    30.80  145.89
-227848.807   783.587    93.74  126.76
-227560.034   787.190    12.48  110.32
-227271.247   796.074    30.76   94.10
-226982.446   795.148    -3.21   80.53
-226693.630   789.915   -18.12   77.51
-226404.800   783.530   -22.10   89.24
-226115.956   788.154    16.00  104.65
-225827.098   783.840   -14.93  124.27
-225538.226   791.433    26.28  138.45
-225249.339   819.428    96.89  150.40
-224960.439   849.015   102.40  140.96
-224671.524   894.228   156.46  139.20
-224382.595   939.515   156.71  144.59
-224093.651   986.094   161.17  155.76
-223804.694  1062.004   262.66  164.95
-223515.722  1121.372   205.41  174.75
-223226.737  1197.151   262.18  187.67
-222937.736  1270.898   255.13  185.00
-222648.722  1339.512   237.36  166.04
-222359.694  1382.736   149.52  132.47
-222070.651  1407.736    86.48  102.37
-221781.594  1427.303    67.68   79.06
-221492.523  1425.781    -5.26   79.33
-221203.438  1417.628   -28.20   86.89
-220914.338  1402.490   -52.35   88.21
-220625.224  1367.676  -120.39  107.33
-220336.096  1323.794  -151.75  141.79
-220046.954  1261.412  -215.71  184.72
-219757.798  1179.333  -283.81  193.81
-219468.627  1108.258  -245.74  177.74
-219179.442  1043.828  -222.76  162.91
-218890.243   985.446  -201.84  154.95
-218601.029   936.467  -169.32  147.57
-218311.801   895.094  -143.02  147.99
-218022.560   857.289  -130.68  146.65
-217733.303   811.049  -159.83  132.94
-217444.033   777.828  -114.83  130.31
-217154.748   732.643  -156.17  141.57
-216865.449   675.939  -195.97  156.69
-216576.136   613.363  -216.26  163.57
-216286.808   549.930  -219.20  161.80
-215997.466   494.028  -193.17  156.09
-215708.110   440.587  -184.66  129.95
-215418.740   410.843  -102.77  107.41
-215129.355   390.705   -69.58   83.95
-214839.956   382.060   -29.87   64.57
-214550.543   389.885    27.03   67.42
-214261.116   418.422    98.58   96.36
-213971.674   463.243   154.83  130.87
-213682.218   526.587   218.80  153.49
-213392.747   591.874   225.50  159.57
-213103.263   646.296   187.96  140.02
-212813.764   687.295   141.59  110.47
-212524.251   705.318    62.24   96.56
-212234.723   707.004     5.82   87.02
-211945.181   699.105   -27.28   88.16
-211655.625   680.339   -64.80   88.47
-211366.054   653.705   -91.96   85.24
-211076.469   629.084   -85.01   89.05
-210786.870   595.971  -114.32   94.36
-210497.257   572.467   -81.14   94.76
-210207.629   563.333   -31.53   93.35
-209917.987   550.797   -43.27   87.41
-209628.330   558.471    26.49  102.03
-209338.659   593.258   120.07  126.35
-209048.974   633.363   138.42  125.53
-208759.275   677.471   152.23  110.83
-208469.561   696.482    65.61  100.64
-208179.833   706.109    33.22  100.05
-207890.090   685.032   -72.73  111.98
-207600.333   659.251   -88.96  105.49
-207310.562   633.135   -90.11   95.21
-207020.776   614.587   -64.00   90.74
-206730.976   597.823   -57.83   86.21
-206441.162   581.333   -56.89   79.78
-206151.333   551.094  -104.32   85.32
-205861.490   523.266   -95.99   93.80
-205571.633   501.677   -74.47   98.62
-205281.761   495.228   -22.25   94.47
-204991.875   492.721    -8.64   88.00
-204701.974   500.779    27.79   93.93
-204412.059   519.691    65.22  101.51
-204122.130   539.378    67.89   94.73
-203832.186   563.313    82.54   79.63
-203543.218   576.339    45.07   74.62
-203256.323   582.258    20.63   75.16
-202969.415   562.942   -67.32   93.35
-202682.493   515.258  -166.16  112.35
-202395.557   466.721  -169.13  106.67
-202108.606   434.587  -111.97   88.06
-201821.642   419.032   -54.19   76.32
-201534.663   411.691   -25.58   64.28
-201247.671   415.074    11.79   70.95
-200960.664   424.407    32.52   78.34
-200673.643   454.809   105.90   83.03
-200386.609   475.720    72.84   79.53
-200099.560   477.099     4.80   79.20
-199812.497   470.520   -22.92   77.76
-199525.420   448.527   -76.60   66.07
-199238.329   432.796   -54.78   64.49
-198951.224   416.643   -56.25   68.54
-198664.105   401.074   -54.22   65.73
-198376.971   381.900   -66.77   58.17
-198089.824   374.133   -27.04   60.02
-197802.663   368.661   -19.05   57.18
-197515.487   362.933   -19.94   51.92
-197228.297   361.569    -4.75   46.31
-196941.094   361.597     0.10   40.22
-196653.876   373.868    42.72   40.34
-196366.644   383.258    32.69   43.10
-196079.398   389.051    20.16   42.25
-195792.138   386.258    -9.72   47.26
-195504.863   369.751   -57.45   56.93
-195217.575   348.997   -72.23   57.80
-194930.272   329.508   -67.82   57.50
-194642.956   307.099   -77.98   45.32
-194355.625   294.124   -45.15   37.36
-194068.280   293.633    -1.71   38.88
-193780.921   304.030    36.18   44.73
-193493.548   321.383    60.38   54.71
-193206.160   348.397    93.98   61.01
-192918.759   370.781    77.87   65.25
-192631.343   396.422    89.20   64.79
-192343.914   406.582    35.34   62.87
-192056.470   406.457    -0.43   72.21
-191769.012   401.572   -16.99   76.45
-191481.539   390.501   -38.51   77.34
-191194.053   375.205   -53.20   69.00
-190906.553   367.551   -26.62   64.08
-190619.038   364.094   -12.02   58.70
-190331.509   360.582   -12.21   56.83
-190043.966   350.130   -36.34   59.19
-189756.409   336.393   -47.76   66.58
-189468.838   322.192   -49.37   66.95
-189181.252   311.348   -37.70   63.21
-188893.652   298.335   -45.24   54.56
-188606.039   294.692   -12.67   52.85
-188318.410   293.313    -4.79   53.92
-188030.768   300.303    24.30   59.00
-187743.112   310.691    36.11   69.15
-187455.441   315.794    17.74   74.49
-187167.756   319.215    11.89   75.84
-186880.057   325.905    23.25   76.63
-186592.344   324.442    -5.08   73.98
-186304.617   315.954   -29.50   72.12
-186016.875   308.236   -26.82   64.26
-185729.119   289.378   -65.53   57.34
-185441.349   279.236   -35.24   51.95
-185153.565   267.215   -41.77   46.66
-184865.767   261.387   -20.25   46.05
-184577.954   251.148   -35.57   37.22
-184290.127   245.941   -18.09   33.79
-184002.286   252.288    22.05   40.00
-183714.431   268.215    55.32   56.98
-183426.561   288.022    68.80   68.63
-183138.677   298.574    36.65   69.14
-182850.779   307.311    30.34   69.73
-182562.867   307.854     1.88   71.91
-182274.940   306.493    -4.73   73.23
-181987.000   297.645   -30.72   72.56
-181699.044   282.207   -53.60   59.17
-181411.075   272.751   -32.83   48.77
-181123.092   271.574    -4.08   49.20
-180835.094   283.372    40.96   51.36
-180547.082   299.030    54.36   54.13
-180259.056   315.702    57.88   56.23
-179971.015   330.497    51.36   63.13
-179682.960   346.118    54.22   68.94
-179394.891   356.118    34.71   64.87
-179106.808   366.925    37.51   65.90
-178818.710   372.751    20.22   63.90
-178530.598   374.868     7.35   66.21
-178242.472   371.016   -13.37   63.42
-177954.332   372.357     4.65   59.87
-177666.177   378.213    20.32   61.89
-177378.008   393.986    54.73   67.55
-177089.824   410.604    57.66   69.05
-176801.627   425.960    53.28   69.67
-176513.415   457.486   109.37   78.20
-176225.189   494.674   129.00   90.77
-175936.948   518.039    81.05   96.98
-175648.693   532.933    51.66  100.10
-175360.424   542.574    33.44  102.11
-175072.141   554.868    42.64   97.47
-174783.843   549.437   -18.84  100.35
-174495.531   530.780   -64.70   96.61
-174207.204   506.397   -84.56   82.72
-173918.864   487.948   -63.97   88.80
-173630.509   473.357   -50.59   89.07
-173342.139   466.751   -22.91   89.14
-173053.755   473.910    24.82   97.88
-172765.357   492.228    63.51  104.42
-172476.945   503.398    38.72  110.36
-172188.518   532.489   100.85  119.74
-171900.077   573.872   143.45  130.08
-171611.622   612.493   133.87  129.31
-171323.152   643.971   109.11  121.29
-171034.668   659.310    53.16  109.40
-170746.169   653.751   -19.27  109.90
-170457.657   628.089   -88.93  123.95
-170169.129   589.720  -132.96  123.94
-169880.588   554.827  -120.91  115.94
-169592.032   525.318  -102.25  117.14
-169303.462   511.493   -47.90  128.51
-169014.877   492.251   -66.67  131.24
-168726.278   461.542  -106.39  130.99
-168437.665   432.765   -99.69  133.59
-168149.037   391.043  -144.53  124.53
-167860.395   368.857   -76.85  108.29
-167571.738   347.004   -75.69   81.87
-167283.067   340.182   -23.63   77.88
-166994.382   351.990    40.90   84.06
-166705.682   373.676    75.11   88.87
-166416.968   398.852    87.19   80.98
-166128.240   419.828    72.64   70.15
-165839.497   414.412   -18.75   75.75
-165550.740   389.913   -84.83   86.89
-165261.968   345.089  -155.20   90.70
-164973.182   308.359  -127.17   81.46
-164684.381   287.169   -73.37   77.01
-164395.566   277.079   -34.93   72.80
-164106.737   277.154     0.26   87.63
-163817.893   286.782    33.33   96.49
-163529.035   301.074    49.47   99.53
-163240.163   305.105    13.95   90.03
-162951.275   304.417    -2.38   84.29
-162662.374   301.936    -8.59   78.24
-162373.458   304.128     7.58   73.71
-162084.528   288.945   -52.54   69.23
-161795.583   279.969   -31.06   67.48
-161506.624   276.589   -11.70   71.79
-161217.650   279.917    11.52   69.95
-160928.662   283.330    11.81   69.25
-160639.659   279.508   -13.23   71.91
-160350.642   292.548    45.11   88.45
-160061.611   326.221   116.49   92.04
-159772.565   366.656   139.87  101.67
-159483.504   402.854   125.21  105.13
-159194.430   433.288   105.27  108.02
-158905.340   456.442    80.08  104.12
-158616.236   468.151    40.50  108.67
-158327.118   479.074    37.78  109.24
-158037.985   479.780     2.44  113.54
-157748.838   479.132    -2.24  108.42
-157459.676   473.398   -19.83  107.07
-157170.500   490.515    59.19   98.08
-156881.309   507.881    60.04   88.38
-156592.104   516.608    30.17   75.90
-156302.884   529.971    46.20   69.29
-156013.650   531.649     5.80   68.86
-155724.402   531.141    -1.76   71.77
-155435.138   520.587   -36.48   76.84
-155145.861   502.160   -63.69   89.24
-154856.568   473.635   -98.59   96.63
-154567.262   459.693   -48.19   93.40
-154277.941   458.079    -5.58   95.85
-153988.605   462.692    15.94  109.27
-153699.254   496.028   115.19  132.35
-153409.890   535.751   137.26  134.49
-153120.510   568.811   114.23  111.24
-152831.117   581.324    43.23   92.01
-152541.708   572.251   -31.35   89.42
-152252.285   550.766   -74.22   88.81
-151962.848   521.648  -100.59   83.97
-151673.396   490.889  -106.25   74.91
-151383.929   476.023   -51.35   65.12
-151094.448   454.601   -73.99   59.67
-150804.953   438.604   -55.25   63.97
-150515.442   424.622   -48.29   73.99
-150225.918   411.318   -45.95   77.74
-149936.378   386.825   -84.58   77.52
-149646.825   364.489   -77.13   83.25
-149357.256   342.105   -77.29   88.72
-149067.673   321.383   -71.55   88.96
-148778.076   296.676   -85.30   87.43
-148488.463   270.836   -89.21   85.17
-148198.837   251.898   -65.38   82.56
-147909.195   218.676  -114.69   74.53
-147619.540   191.796   -92.79   63.65
-147329.869   169.674   -76.36   57.92
-147040.184   148.913   -71.66   49.64
-146750.485   128.796   -69.43   39.84
-146460.770   117.084   -40.42   33.76
-146171.042   108.295   -30.33   20.92
-145881.298   102.433   -20.23   15.60
-145591.540    99.978    -8.47   14.13
-145301.768    99.982     0.01   11.80
-145011.980   102.990    10.38   14.28
-144722.179   105.855     9.89   18.60
-144432.362   111.070    17.99   27.98
-144142.531   113.983    10.05   34.62
-143852.686   116.166     7.53   34.77
-143562.825   116.296     0.45   33.79
-143272.950   112.423   -13.36   21.69
-142983.061   110.885    -5.30   18.17
-142693.157   108.707    -7.51   14.92
-142403.238   109.108     1.38   15.25
-142113.304   109.388     0.97   14.95
-141823.356   108.797    -2.04   14.64
-141533.394   109.427     2.17   14.94
-141246.076   109.266    -0.56   12.84
-140959.213   112.721    12.04   14.97
-140672.335   113.751     3.59   12.59
-140385.443   117.594    13.39   13.89
-140098.536   119.852     7.87   12.89
-139811.615   122.917    10.68   12.61
-139524.680   125.251     8.13   12.12
-139237.731   126.829     5.50   11.26
-138950.767   128.766     6.75   12.25
-138663.790   132.265    12.19   14.34
-138376.797   136.867    16.03   16.48
-138089.791   143.548    23.28   18.91
-137802.770   151.990    29.41   25.80
-137515.735   163.604    40.46   27.44
-137228.685   172.182    29.88   27.25
-136941.621   181.190    31.38   24.73
-136654.543   186.930    19.99   23.74
-136367.451   188.374     5.03   24.25
-136080.344   184.060   -15.03   27.91
-135793.223   181.139   -10.17   27.59
-135506.088   184.530    11.81   32.87
-135218.938   192.366    27.29   46.00
-134931.774   200.539    28.46   51.83
-134644.595   205.523    17.36   52.69
-134357.403   208.148     9.14   49.00
-134070.196   212.824    16.28   46.63
-133782.974   213.019     0.68   42.80
-133495.738   203.079   -34.60   34.03
-133208.488   194.874   -28.56   20.42
-132921.224   195.327     1.58   16.70
-132633.945   198.751    11.92   17.32
-132346.652   208.458    33.79   22.51
-132059.344   224.691    56.49   38.36
-131772.022   252.437    96.56   67.14
-131484.686   279.461    94.04   79.15
-131197.335   305.721    91.38   80.41
-130909.970   329.812    83.82   75.77
-130622.590   342.030    42.51   66.88
-130335.197   346.173    14.41   59.87
-130047.788   343.781    -8.32   57.52
-129760.366   332.207   -40.26   57.13
-129472.929   319.997   -42.47   58.12
-129185.477   305.691   -49.76   56.02
-128898.012   284.335   -74.28   48.77
-128610.531   260.310   -83.56   52.66
-128323.037   245.182   -52.61   60.41
-128035.528   227.839   -60.31   64.02
-127748.004   208.533   -67.14   62.18
-127460.467   191.501   -59.23   49.68
-127172.914   178.113   -46.55   32.58
-126885.348   173.320   -16.67   26.46
-126597.767   175.221     6.61   30.33
-126310.171   183.296    28.07   36.71
-126022.561   196.951    47.47   41.91
-125734.937   198.490     5.35   39.30
-125447.298   199.482     3.45   38.65
-125159.645   200.461     3.40   36.57
-124871.978   200.467     0.02   38.85
-124584.295   200.720     0.88   43.33
-124296.599   199.145    -5.48   41.90
-124008.888   201.889     9.54   39.79
-123721.163   215.971    48.94   50.94
-123433.423   232.960    59.03   68.32
-123145.669   254.351    74.33   86.61
-122857.900   289.486   122.08  106.24
-122570.117   331.079   144.51  109.63
-122282.319   366.357   122.57  112.24
-121994.507   410.397   153.00  111.58
-121706.680   443.957   116.59  116.50
-121418.839   509.542   227.83  137.97
-121130.984   553.708   153.42  128.40
-120843.114   592.295   134.03  113.99
-120555.229   610.475    63.15   92.94
-120267.330   611.646     4.07   73.18
-119979.417   593.251   -63.89   78.78
-119691.489   563.868  -102.04   84.84
-119403.547   522.079  -145.12   96.70
-119115.590   482.359  -137.92  108.84
-118827.618   438.822  -151.17  119.83
-118539.632   394.954  -152.31  116.38
-118251.632   344.810  -174.09   95.06
-117963.617   315.170  -102.90   85.68
-117675.588   296.927   -63.33   80.00
-117387.544   284.751   -42.27   82.39
-117099.485   276.084   -30.08   82.70
-116811.412   269.936   -21.34   73.47
-116523.325   269.854    -0.29   67.99
-116235.223   278.810    31.08   67.65
-115947.107   291.228    43.10   71.56
-115658.976   309.094    62.00   87.53
-115370.830   348.105   135.37  124.22
-115082.670   402.229   187.81  157.67
-114794.495   449.765   164.94  167.12
-114506.306   492.721   149.04  170.95
-114218.103   526.706   117.91  159.75
-113929.884   558.843   111.49  151.29
-113641.652   566.478    26.49  146.91
-113353.404   590.130    82.05  134.17
-113065.142   618.497    98.40  116.59
-112776.866   648.530   104.17  112.31
-112488.575   679.542   107.56  104.97
-112200.269   696.378    58.39  102.00
-111911.949   717.305    72.58   82.74
-111623.615   718.796     5.17   81.34
-111335.265   721.930    10.87   82.93
-111046.902   725.582    12.66   99.00
-110758.523   718.810   -23.48  119.62
-110470.130   728.303    32.92  143.68
-110181.723   738.157    34.16  171.34
-109893.301   776.184   131.83  200.83
-109604.864   814.274   132.05  198.07
-109316.413   818.177    13.53  196.16
-109027.947   848.520   105.18  176.96
-108739.466   865.074    57.38  169.59
-108450.971   866.379     4.52  146.22
-108162.462   864.310    -7.17  137.20
-107873.937   874.618    35.73  136.69
-107585.398   889.719    52.33  122.04
-107296.845   925.030   122.36  137.57
-107008.277   946.721    75.16  156.52
-106719.694   984.475   130.82  180.96
-106431.097  1040.229   193.17  201.61
-106142.485  1102.393   215.37  210.88
-105853.858  1167.796   226.58  200.04
-105565.217  1205.813   131.70  172.00
-105276.561  1242.148   125.86  148.97
-104987.891  1232.674   -32.82  140.33
-104699.206  1204.041   -99.18  152.96
-104410.506  1160.113  -152.14  158.56
-104121.792  1088.584  -247.73  153.77
-103833.063  1029.960  -203.03  149.38
-103544.319   979.721  -173.98  139.79
-103255.561   934.145  -157.82  137.20
-102966.788   894.539  -137.14  137.15
-102678.000   852.900  -144.17  141.62
-102389.198   816.333  -126.61  146.53
-102100.381   781.493  -120.62  147.32
-101811.549   738.839  -147.67  146.80
-101522.703   694.811  -152.41  149.36
-101233.842   656.372  -133.06  150.23
-100944.967   604.751  -178.68  148.73
-100656.076   552.428  -181.10  144.68
-100367.171   499.781  -182.21  142.21
-100078.252   456.542  -149.64  130.99
 -99789.318   429.879   -92.27  106.70
 -99500.369   414.064   -54.73   97.84
 -99211.405   396.520   -60.71   94.26
 -98922.427   379.868   -57.62   96.28
 -98633.433   345.197  -119.96   95.95
 -98344.426   322.854   -77.30   94.31
 -98055.403   289.694  -114.72   99.23
 -97766.366   261.045   -99.11   86.33
 -97477.314   239.030   -76.16   63.06
 -97188.248   229.048   -34.53   44.84
 -96899.166   235.560    22.52   48.71
 -96610.070   253.751    62.92   58.96
 -96320.960   276.179    77.57   66.56
 -96031.834   297.179    72.63   64.58
 -95742.694   302.177    17.28   59.77
 -95453.539   290.104   -41.75   64.85
 -95164.370   275.843   -49.31   72.20
 -94875.185   256.199   -67.93   63.92
 -94585.986   245.274   -37.77   62.71
 -94296.772   225.925   -66.90   56.70
 -94007.544   214.208   -40.51   52.41
 -93718.300   204.497   -33.57   51.97
 -93429.042   202.199    -7.95   48.92
 -93139.770   193.474   -30.16   49.98
 -92850.482   184.796   -29.99   53.98
 -92561.180   171.145   -47.18   52.38
 -92271.863   157.589   -46.85   41.36
 -91982.531   150.359   -24.99   37.36
 -91693.184   151.780     4.91   42.70
 -91403.823   151.530    -0.86   44.02
 -91114.447   149.658    -6.47   47.00
 -90825.056   143.160   -22.45   48.34
 -90535.650   135.064   -27.97   52.92
 -90246.230   121.273   -47.65   56.22
 -89956.794   103.708   -60.68   51.98
 -89667.344    88.971   -50.91   37.90
 -89377.880    80.836   -28.10   27.05
 -89088.400    84.527    12.75   39.83
 -88798.906    93.001    29.27   56.47
 -88509.396   108.765    54.45   69.68
 -88219.872   116.868    27.99   70.10
 -87930.334   121.490    15.96   68.07
 -87640.780   119.910    -5.46   69.78
 -87351.212   114.898   -17.31   70.60
 -87061.628   100.692   -49.05   60.02
 -86772.030    93.798   -23.80   42.45
 -86482.417   103.706    34.21   55.95
 -86192.790   149.618   158.51  110.81
 -85903.147   210.519   210.25  148.73
 -85613.490   282.244   247.60  163.75
 -85323.818   359.148   265.47  165.78
 -85034.131   450.045   313.75  138.71
 -84744.429   496.023   158.70  103.24
 -84454.712   513.630    60.77   97.06
 -84164.981   486.577   -93.37  122.90
 -83875.235   448.004  -133.12  146.21
 -83585.473   394.388  -185.02  158.62
 -83295.697   334.288  -207.39  129.03
 -83005.906   277.691  -195.29   77.72
 -82716.101   242.433  -121.65   55.39
 -82426.280   218.705   -81.87   56.35
 -82136.445   184.855  -116.78   65.80
 -81846.594   159.898   -86.10   70.71
 -81556.729   137.012   -78.95   71.94
 -81266.849   116.868   -69.48   66.13
 -80976.954    92.012   -85.74   31.75
 -80687.044    83.569   -29.12   17.18
 -80397.120    86.333     9.53   19.77
 -80107.180    92.407    20.95   26.16
 -79817.226    98.393    20.64   25.19
 -79527.256   107.780    32.37   25.16
 -79238.455   119.128    39.29   31.29
 -78951.633   132.474    46.53   37.00
 -78664.796   151.692    67.00   48.74
 -78377.945   178.657    94.00   73.48
 -78091.079   219.060   140.83  114.97
 -77804.199   284.577   228.36  159.70
 -77517.304   351.494   233.23  181.72
 -77230.395   419.649   237.54  191.77
 -76943.471   474.978   192.82  178.62
 -76656.533   531.692   197.64  148.46
 -76369.580   564.305   113.64  117.00
 -76082.612   582.054    61.85   91.40
 -75795.630   573.229   -30.75   73.19
 -75508.634   549.004   -84.40   73.57
 -75221.623   516.417  -113.53   93.84
 -74934.597   480.557  -124.93  111.93
 -74647.557   436.437  -153.70  118.02
 -74360.502   396.266  -139.93  123.32
 -74073.433   355.478  -142.08  126.16
 -73786.349   303.751  -180.17  119.75
 -73499.251   256.501  -164.57  103.57
 -73212.138   231.997   -85.34   85.94
 -72925.010   215.407   -57.77   71.82
 -72637.868   218.417    10.48   84.33
 -72350.711   227.039    30.02   92.11
 -72063.540   240.074    45.39   92.28
 -71776.354   241.751     5.84   93.11
 -71489.154   227.523   -49.53  101.95
 -71201.939   208.722   -65.46  111.30
 -70914.709   181.379   -95.19  116.46
 -70627.465   149.910  -109.55  114.49
 -70340.206   108.795  -143.12   88.23
 -70052.933    77.704  -108.22   47.53
 -69765.645    58.854   -65.61   23.68
 -69478.342    52.205   -23.14   15.27
 -69191.025    55.308    10.80   26.24
 -68903.693    68.408    45.59   51.43
 -68616.346    95.572    94.53   84.29
 -68328.985   125.422   103.87   99.86
 -68041.610   154.542   101.32  107.04
 -67754.219   179.675    87.45  101.48
 -67466.814   175.614   -14.13   99.87
 -67179.395   165.601   -34.84   99.10
 -66891.960   157.452   -28.35   96.70
 -66604.512   147.933   -33.12  100.07
 -66317.048   141.200   -23.42  100.86
 -66029.570   145.403    14.62  111.17
 -65742.077   152.120    23.36  124.78
 -65454.570   157.810    19.79  130.58
 -65167.048   142.001   -54.98  124.56
 -64879.511   135.840   -21.42  123.25
 -64591.960   121.001   -51.60  106.08
 -64304.394   111.079   -34.50   77.34
 -64016.813   113.765     9.34   67.01
 -63729.218   148.690   121.43  109.27
 -63441.608   216.207   234.74  146.95
 -63153.983   301.705   297.24  177.19
 -62866.344   390.064   307.17  196.04
 -62578.690   487.624   339.14  197.40
 -62291.021   549.975   216.73  154.04
 -62003.337   563.351    46.49  134.67
 -61715.639   535.601   -96.45  161.72
 -61427.927   463.960  -248.99  204.52
 -61140.199   377.614  -300.08  219.30
 -60852.457   287.335  -313.73  193.70
 -60564.700   201.074  -299.76  144.60
 -60276.929   139.572  -213.71   88.48
 -59989.143   101.258  -133.13   48.42
 -59701.342    82.301   -65.86   27.47
 -59413.526    70.587   -40.70   13.89
 -59125.696    65.751   -16.80    8.33
 -58837.851    64.720    -3.58    6.92
 -58549.991    67.854    10.88   12.52
 -58262.116    85.648    61.81   43.27
 -57974.227   124.551   135.13   95.80
 -57686.323   167.707   149.89  120.21
 -57398.405   213.251   158.17  126.10
 -57110.471   256.810   151.27  108.98
 -56822.523   260.282    12.06  109.84
 -56534.560   243.870   -56.99  124.26
 -56246.583   201.041  -148.72  140.28
 -55958.590   147.606  -185.53  123.89
 -55670.583   104.322  -150.28   91.84
 -55382.561    73.661  -106.45   48.82
 -55094.525    57.692   -55.44    1.69
 -54806.473    58.674     3.41    3.83
 -54518.407    65.842    24.88   20.10
 -54230.327    92.467    92.42   66.17
 -53942.231   137.957   157.89  103.65
 -53654.121   177.879   138.56  113.25
 -53365.995   215.354   130.06  110.45
 -53077.856   243.721    98.45   93.28
 -52789.701   268.766    86.91   70.73
 -52501.531   282.948    49.21   73.54
 -52213.347   268.030   -51.76   77.38
 -51925.148   230.942  -128.68   90.33
 -51636.934   197.145  -117.26  102.54
 -51348.706   163.157  -117.92  105.96
 -51060.463   131.839  -108.65  106.68
 -50772.204    84.616  -163.81   80.02
 -50483.931    55.719  -100.24   44.88
 -50195.644    40.427   -53.04   25.33
 -49907.341    33.971   -22.39   13.20
 -49619.024    32.852    -3.88   10.89
 -49330.692    35.265     8.37   12.22
 -49042.345    41.045    20.04   14.71
 -48753.983    57.222    56.10   36.20
 -48465.606    81.402    83.85   61.09
 -48177.215   124.311   148.78  102.37
 -47888.809   182.273   200.96  130.26
 -47600.387   239.925   199.88  133.09
 -47311.952   290.136   174.08  117.38
 -47023.501   324.486   119.08   83.82
 -46735.035   340.133    54.24   55.95
 -46446.555   338.643    -5.16   49.33
 -46158.060   332.448   -21.47   51.33
 -45869.550   320.721   -40.64   54.59
 -45581.025   314.751   -20.69   58.97
 -45292.485   299.336   -53.42   65.67
 -45003.930   281.490   -61.85   68.08
 -44715.361   258.194   -80.73   80.79
 -44426.776   216.993  -142.76   99.92
 -44138.177   180.610  -126.06  111.13
 -43849.563   138.457  -146.05  106.35
 -43560.934    99.945  -133.43   92.00
 -43272.290    79.446   -71.01   74.57
 -42983.632    73.279   -21.36   63.25
 -42694.958    90.045    58.08   79.90
 -42406.270   131.908   145.01  103.36
 -42117.566   183.902   180.09  114.22
 -41828.848   228.467   154.35  120.92
 -41540.115   290.049   213.28  110.85
 -41251.367   327.707   130.41  111.26
 -40962.604   344.365    57.68  108.56
 -40673.827   355.354    38.05  102.17
 -40385.034   352.295   -10.59  105.80
 -40096.226   343.243   -31.34  105.78
 -39807.404   325.933   -59.93  103.26
 -39518.567   302.957   -79.54   94.61
 -39229.714   284.363   -64.37   80.46
 -38940.847   266.779   -60.87   82.72
 -38651.965   237.055  -102.89   92.52
 -38363.068   197.851  -135.70   84.10
 -38074.156   159.228  -133.68   57.68
 -37785.229   145.630   -47.07   52.47
 -37496.288   138.560   -24.47   42.93
 -37207.331   139.721     4.02   40.78
 -36918.359   162.287    78.09   68.50
 -36629.373   196.922   119.85  103.16
 -36340.371   247.589   175.31  128.71
 -36051.355   300.015   181.39  127.33
 -35762.323   334.296   118.60  110.99
 -35473.277   347.796    46.70  108.27
 -35184.215   351.693    13.48  121.05
 -34895.139   327.591   -83.37  135.87
 -34606.048   291.479  -124.91  141.12
 -34316.942   249.810  -144.13  124.33
 -34027.821   209.855  -138.19   91.16
 -33738.684   193.887   -55.23   83.98
 -33449.533   179.243   -50.64   81.91
 -33160.367   175.467   -13.06   83.60
 -32871.186   163.184   -42.48   80.24
 -32581.990   152.865   -35.68   71.09
 -32292.779   140.128   -44.04   56.88
 -32003.553   132.308   -27.04   46.85
 -31714.312   124.766   -26.08   38.25
 -31425.056   116.012   -30.26   29.78
 -31135.785   117.221     4.18   38.79
 -30846.500   113.794   -11.85   33.66
 -30557.199   127.651    47.90   58.55
 -30267.883   147.965    70.21   85.15
 -29978.552   177.824   103.20  107.93
 -29689.206   225.560   164.97  124.32
 -29399.845   267.296   144.23  118.38
 -29110.469   282.387    52.15  113.82
 -28821.078   301.922    67.50  109.97
 -28531.672   319.677    61.35  111.67
 -28242.251   324.136    15.41  116.39
 -27952.815   340.094    55.13  118.29
 -27663.364   367.243    93.79  120.24
 -27373.898   408.554   142.71  100.44
 -27084.416   424.569    55.32   89.52
 -26794.920   416.407   -28.19   97.82
 -26505.409   386.333  -103.88  121.02
 -26215.883   328.808  -198.68  146.60
 -25926.341   263.986  -223.87  152.51
 -25636.785   186.843  -266.41  120.37
 -25347.214   135.574  -177.05   95.39
 -25057.627   103.443  -110.95   70.43
 -24768.026    86.975   -56.86   52.48
 -24478.409    84.824    -7.42   59.29
 -24188.777    84.070    -2.61   62.45
 -23899.131    80.330   -12.91   61.42
 -23609.469    76.497   -13.23   62.17
 -23319.792    63.942   -43.34   56.65
 -23030.100    54.437   -32.81   47.49
 -22740.393    45.606   -30.48   35.25
 -22450.671    38.606   -24.16   30.46
 -22160.934    35.527   -10.63   30.00
 -21871.181    27.780   -26.74   24.57
 -21581.414    24.160   -12.49   23.73
 -21291.632    18.339   -20.09   21.13
 -21001.834    13.366   -17.16   17.54
 -20712.021    10.236   -10.80   12.98
 -20422.194     7.451    -9.61    4.35
 -20132.351     6.512    -3.24    2.51
 -19842.493     6.310    -0.70    2.39
 -19552.620     6.351     0.14    2.70
 -19262.731     6.645     1.01    3.43
 -18972.828     6.442    -0.70    4.09
 -18682.910     6.058    -1.32    4.19
 -18392.976     5.345    -2.46    4.13
 -18103.027     4.823    -1.80    3.70
 -17813.064     4.821    -0.01    4.06
 -17523.085     4.978     0.54    3.77
 -17233.091     5.872     3.08    4.61
 -16945.960     6.927     3.68    5.23
 -16659.170     8.721     6.26    5.96
 -16372.365     9.694     3.39    5.91
 -16085.546    10.508     2.84    5.79
 -15798.712    10.913     1.41    5.70
 -15511.863    10.942     0.10    5.53
 -15225.000    10.512    -1.50    5.61
 -14938.121    10.720     0.73    5.67
 -14651.228    11.124     1.41    5.49
 -14364.320    11.184     0.21    5.20
 -14077.398    11.184     0.00    5.10
 -13790.460    12.023     2.93    5.32
 -13503.508    13.279     4.38    5.33
 -13216.541    14.142     3.01    5.27
 -12929.559    15.857     5.98    5.17
 -12642.563    16.795     3.27    4.96
 -12355.552    18.628     6.39    5.25
 -12068.525    20.942     8.06    7.94
 -11781.485    24.113    11.05    9.13
 -11494.429    27.446    11.61    9.83
 -11207.358    30.407    10.31   10.45
 -10920.273    34.089    12.82   11.40
 -10633.173    45.986    41.44   25.90
 -10346.058    63.084    59.55   50.14
 -10058.928    87.736    85.85   72.36
  -9771.784   107.781    69.81   77.95
  -9484.624   123.839    55.92   81.85
  -9197.450   132.994    31.88   87.53
  -8910.261   127.316   -19.77   91.97
  -8623.057   111.582   -54.78   95.72
  -8335.838    84.721   -93.52   92.30
  -8048.605    57.417   -95.06   81.46
  -7761.356    40.475   -58.98   62.58
  -7474.093    24.186   -56.71   38.16
  -7186.815    13.979   -35.53   15.00
  -6899.522    10.136   -13.38    5.57
  -6612.215     9.064    -3.73    3.83
  -6324.892     8.707    -1.24    4.20
  -6037.555     8.902     0.68    5.10
  -5750.202     9.721     2.85    5.98
  -5462.835    13.736    13.97   16.21
  -5175.453    15.678     6.76   18.70
  -4888.056    14.836    -2.93   18.82
  -4600.644    12.780    -7.15   17.07
  -4313.218    12.515    -0.92   17.08
  -4025.776     9.751    -9.62   10.07
  -3738.320    11.569     6.33   13.27
  -3450.849    14.177     9.07   15.88
  -3163.363    18.854    16.27   17.53
  -2875.862    21.608     9.58   17.48
  -2588.346    23.939     8.11   16.00
  -2300.815    24.519     2.02   14.98
  -2013.269    22.545    -6.86   13.83
  -1725.709    18.858   -12.82   12.97
  -1438.133    14.148   -16.38   11.09
  -1150.543     9.574   -15.90    8.89
   -862.937     7.094    -8.63    8.44
   -575.317     5.187    -6.63    7.77
   -287.682     3.228    -6.81    6.61
     -0.032     3.368     0.49    6.34
    287.633     3.251    -0.41    5.91
    575.313     3.569     1.11    5.83
    863.008     4.810     4.31    6.23
   1150.717     5.569     2.64    6.38
   1438.442     6.707     3.96    6.43
   1726.182     7.594     3.08    6.16
   2013.936     8.279     2.38    5.89
   2301.706     8.692     1.43    5.54
   2589.490     8.631    -0.21    5.30
   2877.289     9.030     1.39    4.97
   3165.104     9.243     0.74    4.55
   3452.933     9.451     0.72    4.81
   3740.777     9.638     0.65    5.38
   4028.636     9.378    -0.90    5.58
   4316.511     8.986    -1.36    6.18
   4604.400     8.631    -1.23    6.29
   4892.304     7.554    -3.74    6.14
   5180.223     6.960    -2.06    5.87
   5468.157     6.049    -3.16    5.83
   5756.106     5.780    -0.93    5.84
   6044.070     6.139     1.25    6.01
   6332.048     6.522     1.33    6.07
   6620.042     7.041     1.80    6.31
   6908.051     6.902    -0.48    6.35
   7196.075     7.677     2.69    6.65
   7484.114     8.019     1.19    6.45
   7772.168     7.649    -1.28    6.25
   8060.237     7.722     0.25    5.97
   8348.321     7.589    -0.46    5.79
   8636.419     7.616     0.10    5.72
   8924.533     7.887     0.94    5.94
   9212.662     8.354     1.62    5.92
   9500.806     8.448     0.33    5.65
   9788.965     8.545     0.34    5.53
  10077.139     8.467    -0.27    5.22
  10365.328     8.327    -0.49    5.36
  10653.532     8.519     0.67    5.01
  10941.751     8.765     0.85    4.72
  11229.985     8.720    -0.16    4.68
  11518.234     8.780     0.21    4.61
  11806.498     8.643    -0.48    4.27
  12094.777     8.589    -0.19    4.20
  12383.071     9.113     1.82    4.30
  12671.381    10.374     4.37    4.94
  12959.705    12.213     6.38    6.49
  13248.044    14.813     9.02    8.25
  13536.398    18.618    13.20    9.99
  13824.768    22.212    12.46   11.28
  14113.152    24.780     8.90   11.84
  14401.552    28.838    14.07   13.37
  14689.967    32.251    11.83   14.38
  14978.396    31.939    -1.08   17.16
  15266.841    31.221    -2.49   17.15
  15555.301    31.258     0.13   17.72
  15843.776    29.986    -4.41   15.56
  16132.266    33.212    11.18   17.62
  16420.771    35.542     8.07   19.33
  16709.291    41.838    21.82   25.82
  16997.826    48.128    21.80   29.17
  17286.377    54.765    23.00   30.59
  17574.942    59.978    18.06   30.29
  17863.523    62.413     8.44   27.72
  18152.118    63.751     4.64   26.05
  18440.729    68.351    15.94   25.65
  18729.355    76.608    28.61   31.67
  19017.996    91.054    50.05   42.06
  19306.652   100.706    33.44   41.11
  19595.323   102.560     6.42   39.48
  19884.009   103.870     4.54   38.85
  20172.711   106.228     8.17   42.12
  20461.427    96.942   -32.17   43.03
  20750.159    88.427   -29.49   41.57
  21038.906    76.885   -39.97   31.46
  21327.668    73.079   -13.18   29.06
  21616.445    68.128   -17.15   28.25
  21905.237    64.363   -13.04   27.51
  22194.045    63.868    -1.71   28.19
  22482.867    62.885    -3.40   29.25
  22771.705    61.504    -4.78   28.97
  23060.558    57.736   -13.05   28.58
  23349.426    52.766   -17.21   26.17
  23638.309    49.221   -12.27   27.28
  23927.207    45.796   -11.86   26.87
  24216.120    45.049    -2.58   26.38
  24505.049    43.139    -6.61   21.83
  24793.993    42.148    -3.43   18.59
  25082.952    40.900    -4.32   17.78
  25371.926    38.084    -9.74   18.80
  25660.915    37.208    -3.03   18.66
  25949.920    33.512   -12.79   15.17
  26238.940    30.887    -9.08   11.02
  26527.974    29.633    -4.34    7.41
  26817.025    30.691     3.66    7.83
  27106.090    32.515     6.31    8.60
  27395.170    33.665     3.98    8.71
  27684.266    34.635     3.35    8.28
  27973.377    34.751     0.40    8.30
  28262.503    33.527    -4.23    8.28
  28551.644    34.060     1.84    8.02
  28840.801    34.614     1.92    8.33
  29129.972    38.265    12.63   10.29
  29419.159    40.394     7.36   10.61
  29708.361    41.486     3.78   10.14
  29997.579    41.997     1.77    9.91
  30286.811    44.084     7.22   10.72
  30576.059    43.630    -1.57   10.21
  30865.322    43.133    -1.72    9.31
  31154.601    43.720     2.03    9.97
  31443.894    44.694     3.36   10.70
  31733.203    46.994     7.95   14.61
  32022.527    48.316     4.57   14.58
  32311.866    52.692    15.12   19.03
  32601.221    58.557    20.27   25.32
  32890.591    61.457    10.02   26.94
  33179.976    68.345    23.80   30.55
  33469.376    76.208    27.17   30.69
  33758.792    90.140    48.14   38.33
  34048.223   108.780    64.41   45.26
  34337.669   124.971    55.94   49.92
  34627.130   136.675    40.43   50.53
  34916.607   135.008    -5.76   48.81
  35206.099   134.339    -2.31   51.33
  35495.606   120.515   -47.75   49.90
  35785.128   106.694   -47.74   41.41
  36074.666    92.287   -49.76   24.95
  36364.219    84.635   -26.43   18.07
  36653.788    77.545   -24.49   11.99
  36943.371    75.219    -8.03   12.19
  37232.970    72.677    -8.78   12.35
  37522.585    69.165   -12.13   12.28
  37812.214    65.128   -13.94   11.69
  38101.859    60.922   -14.52   10.21
  38391.519    57.560   -11.61    9.27
  38681.195    54.060   -12.08    8.40
  38970.886    51.630    -8.39    7.45
  39260.592    49.933    -5.86    6.69
  39550.313    49.427    -1.74    6.59
  39840.050    49.823     1.37    6.89
  40129.802    51.216     4.81    7.01
  40419.570    51.894     2.34    6.47
  40709.353    52.539     2.23    5.13
  40999.151    51.236    -4.49    5.97
  41288.964    49.566    -5.76    6.24
  41578.793    47.692    -6.47    6.32
  41868.637    47.461    -0.80    5.82
  42158.497    47.751     1.00    6.02
  42448.372    49.422     5.77    7.87
  42738.262    52.582    10.90    8.56
  43028.168    56.574    13.77   10.21
  43318.089    63.520    23.96   14.58
  43608.025    68.287    16.44   13.90
  43897.977    71.359    10.60   12.64
  44187.944    73.796     8.40   11.33
  44477.927    74.765     3.34   10.53
  44767.924    75.413     2.23   10.60
  45056.627    75.690     0.96   12.25
  45343.372    75.545    -0.51   11.53
  45630.132    76.452     3.16   12.84
  45916.907    77.663     4.22   15.77
  46203.697    80.620    10.31   21.29
  46490.502    80.620     0.00   21.22
  46777.322    78.676    -6.78   21.39
  47064.157    76.766    -6.66   20.15
  47351.007    70.707   -21.13   11.84
  47637.872    68.917    -6.24   11.29
  47924.752    66.780    -7.45   10.00
  48211.647    66.648    -0.46    9.77
  48498.557    68.432     6.22   10.33
  48785.482    71.244     9.80   10.06
  49072.422    75.294    14.11   10.86
  49359.378    80.023    16.48   10.29
  49646.348    82.795     9.66    8.81
  49933.333    83.691     3.12    8.42
  50220.333    83.736     0.16    8.67
  50507.348    83.536    -0.70   10.78
  50794.378    83.591     0.19   12.04
  51081.423    86.351     9.61   18.89
  51368.484    91.722    18.71   24.78
  51655.559    97.648    20.64   30.41
  51942.649   106.054    29.28   34.87
  52229.755   107.212     4.04   33.79
  52516.875   112.533    18.53   36.08
  52804.011   114.461     6.71   30.78
  53091.161   117.849    11.80   32.77
  53378.327   118.243     1.37   27.98
  53665.508   123.113    16.96   27.37
  53952.703   125.751     9.18   23.76
  54239.914   130.675    17.15   23.46
  54527.140   137.280    23.00   26.61
  54814.381   145.294    27.90   28.45
  55101.637   150.479    18.05   30.26
  55388.908   151.251     2.69   30.31
  55676.194   148.810    -8.50   31.19
  55963.496   144.442   -15.20   33.38
  56250.812   135.674   -30.52   34.56
  56538.144   127.023   -30.11   33.31
  56825.490   118.810   -28.59   29.49
  57112.852   110.781   -27.94   26.33
  57400.229   106.679   -14.27   22.30
  57687.621   104.722    -6.81   22.02
  57975.028   103.157    -5.45   20.62
  58262.450   100.208   -10.26   19.36
  58549.887    99.945    -0.92   18.63
  58837.339    96.471   -12.08   18.31
  59124.807    94.857    -5.62   18.98
  59412.289    90.591   -14.84   19.58
  59699.787    89.722    -3.02   22.77
  59987.300    89.407    -1.09   28.94
  60274.828    89.461     0.19   31.59
  60562.371    92.508    10.60   35.35
  60849.929    89.130   -11.75   31.87
  61137.502    84.015   -17.78   27.97
  61425.091    76.945   -24.59   19.76
  61712.694    73.432   -12.21   16.08
  62000.313    68.379   -17.57   12.20
  62287.947    64.142   -14.73   10.01
  62575.596    62.104    -7.09    8.62
  62863.261    62.378     0.95    8.94
  63150.940    65.280    10.09   12.44
  63438.635    72.333    24.52   19.88
  63726.344    79.618    25.32   24.80
  64014.069    90.442    37.62   32.00
  64301.809   104.508    48.89   38.77
  64589.565   116.694    42.35   45.80
  64877.335   127.417    37.27   50.38
  65165.121   134.437    24.39   55.35
  65452.921   135.913     5.13   58.00
  65740.737   131.706   -14.62   58.71
  66028.569   125.108   -22.92   55.41
  66316.415   117.094   -27.84   48.63
  66604.277   109.303   -27.07   39.24
  66892.153   106.589    -9.43   32.86
  67180.045   104.398    -7.61   27.95
  67467.953   109.034    16.11   31.99
  67755.875   110.883     6.42   32.95
  68043.813   115.618    16.45   39.37
  68331.765   116.236     2.15   39.95
  68619.734   120.722    15.58   41.00
  68907.717   122.577     6.44   40.57
  69195.715   121.649    -3.22   37.45
  69483.729   118.497   -10.95   34.72
  69771.758   121.633    10.89   35.65
  70059.802   127.872    21.66   42.87
  70347.862   132.194    15.00   43.92
  70635.936   138.794    22.91   46.51
  70924.026   146.963    28.36   47.16
  71212.131   161.128    49.17   52.67
  71500.252   176.339    52.80   62.41
  71788.387   191.363    52.14   67.57
  72076.538   211.104    68.51   66.95
  72364.704   232.482    74.19   68.65
  72652.886   253.015    71.26   66.61
  72941.082   271.751    65.01   59.08
  73229.294   279.388    26.50   57.97
  73517.522   283.177    13.15   52.01
  73805.764   280.676    -8.68   54.13
  74094.022   275.721   -17.19   57.73
  74382.295   269.887   -20.24   62.86
  74670.583   265.229   -16.16   68.67
  74958.887   253.663   -40.12   76.49
  75247.206   241.094   -43.60   84.71
  75535.540   229.664   -39.64   90.44
  75823.889   218.694   -38.05   89.00
  76112.254   213.160   -19.19   89.44
  76400.634   198.471   -50.94   82.30
  76689.030   184.069   -49.94   71.16
  76977.440   176.986   -24.56   67.89
  77265.866   170.794   -21.47   60.68
  77554.308   165.012   -20.05   54.91
  77842.764   157.049   -27.61   50.84
  78131.236   152.363   -16.25   48.94
  78419.723   162.118    33.82   62.95
  78708.226   164.811     9.33   72.18
  78996.744   186.530    75.28   92.73
  79285.277   202.398    55.00  102.27
  79573.826   229.303    93.25  114.33
  79862.390   254.079    85.87  120.27
  80150.969   266.608    43.42  112.99
  80439.563   279.557    44.87  106.22
  80728.173   278.471    -3.76  102.79
  81016.799   275.393   -10.67   99.48
  81305.439   286.186    37.40   99.68
  81594.095   294.365    28.34  111.86
  81882.767   309.780    53.40  116.26
  82171.453   325.413    54.15  119.40
  82460.155   337.618    42.28  120.46
  82748.873   370.184   112.80  121.44
  83037.606   375.221    17.45  124.28
  83326.354   410.427   121.93  126.32
  83615.117   419.045    29.85  135.79
  83903.896   425.548    22.52  139.15
  84192.691   435.157    33.27  140.70
  84481.500   449.236    48.75  142.99
  84770.325   467.915    64.68  147.25
  85059.166   467.957     0.14  159.46
  85348.022   461.363   -22.83  152.88
  85636.893   456.494   -16.86  145.06
  85925.780   446.122   -35.90  131.72
  86214.682   440.677   -18.85  118.07
  86503.599   441.169     1.70  119.91
  86792.532   442.413     4.31  128.96
  87081.480   448.463    20.94  134.72
  87370.444   438.148   -35.70  139.13
  87659.423   467.288   100.85  145.71
  87948.418   493.471    90.61  145.49
  88237.428   518.094    85.20  144.64
  88526.453   537.994    68.86  135.35
  88815.494   548.997    38.07  114.39
  89104.550   551.990    10.35   88.41
  89393.622   553.589     5.53   75.77
  89682.709   533.034   -71.11   69.25
  89971.812   502.979  -103.97   73.42
  90260.930   475.465   -95.17   70.05
  90550.063   452.060   -80.96   68.87
  90839.212   432.809   -66.58   70.22
  91128.377   420.220   -43.54   79.59
  91417.556   395.523   -85.41   81.00
  91706.752   372.913   -78.19   88.85
  91995.962   341.587  -108.32   89.14
  92285.189   311.122  -105.34   86.77
  92574.430   284.479   -92.12   81.35
  92863.688   261.417   -79.73   76.84
  93152.960   246.794   -50.56   73.03
  93442.248   232.751   -48.55   68.74
  93731.552   222.885   -34.10   65.48
  94020.871   215.243   -26.42   65.34
  94310.206   204.099   -38.52   65.00
  94599.556   197.878   -21.50   71.25
  94888.921   190.179   -26.61   64.88
  95178.303   185.465   -16.29   60.09
  95467.699   176.427   -31.23   51.72
  95757.111   165.825   -36.64   44.59
  96046.539   160.192   -19.47   37.69
  96335.982   158.194    -6.90   31.87
  96625.441   152.809   -18.60   28.57
  96914.915   150.610    -7.60   30.27
  97204.404   146.403   -14.53   26.08
  97493.910   143.545    -9.87   22.32
  97783.430   142.978    -1.96   21.09
  98072.967   146.145    10.94   22.85
  98362.518   153.867    26.67   30.60
  98652.086   169.997    55.71   41.97
  98941.669   190.638    71.28   51.33
  99231.267   210.892    69.94   56.50
  99520.881   235.677    85.59   60.04
  99810.510   260.383    85.31   64.78
 100100.155   283.034    78.21   71.71
 100389.816   302.280    66.45   75.35
 100679.492   312.680    35.91   73.52
 100969.184   325.751    45.12   73.13
 101258.891   342.089    56.40   68.95
 101548.614   349.706    26.29   69.00
 101838.352   350.133     1.47   65.28
 102128.106   350.163     0.10   60.74
 102417.876   361.442    38.93   63.24
 102707.661   371.971    36.34   65.63
 102997.462   383.446    39.60   66.63
 103287.278   391.694    28.46   62.03
 103577.110   391.968     0.95   65.21
 103866.957   374.482   -60.33   81.62
 104156.821   352.192   -76.91   82.58
 104446.699   332.273   -68.72   77.83
 104736.593   314.908   -59.91   67.05
 105026.503   310.793   -14.19   65.28
 105316.429   319.417    29.75   71.99
 105606.370   337.883    63.69   74.19
 105896.327   370.599   112.84   79.98
 106186.299   388.357    61.24   79.68
 106476.287   404.104    54.31   74.94
 106766.291   409.618    19.02   66.70
 107056.310   412.736    10.75   66.37
 107343.337   405.151   -26.43   66.10
 107630.049   399.765   -18.79   66.08
 107916.777   398.504    -4.40   74.03
 108203.519   411.378    44.90   80.08
 108490.277   416.486    17.82   75.71
 108777.051   428.130    40.61   69.37
 109063.839   435.192    24.63   66.14
 109350.643   456.385    73.90   79.22
 109637.462   476.139    68.88   88.79
 109924.296   506.851   107.08   94.33
 110211.145   544.148   130.04  101.87
 110498.010   581.527   130.31  115.30
 110784.889   625.383   152.89  124.34
 111071.784   671.915   162.21  127.85
 111358.695   697.836    90.36  123.32
 111645.620   708.151    35.95  119.70
 111932.561   703.372   -16.66  118.73
 112219.517   680.883   -78.38  122.33
 112506.489   656.707   -84.25  117.81
 112793.475   635.417   -74.19   96.69
 113080.477   603.442  -111.42   88.32
 113367.494   595.501   -27.67   85.09
 113654.526   581.403   -49.12   85.77
 113941.574   564.215   -59.89   85.04
 114228.637   546.165   -62.88   82.49
 114515.715   526.345   -69.05   76.85
 114802.809   500.883   -88.70   75.13
 115089.918   479.413   -74.79   75.48
 115377.042   458.296   -73.55   70.11
 115664.181   444.885   -46.71   65.32
 115951.336   439.128   -20.05   60.84
 116238.506   423.186   -55.52   60.64
 116525.691   404.365   -65.54   55.93
 116812.892   390.936   -46.76   54.04
 117100.108   374.677   -56.62   44.44
 117387.339   364.795   -34.41   34.86
 117674.585   360.691   -14.29   27.81
 117961.847   365.084    15.29   36.04
 118249.124   388.084    80.07   58.44
 118536.417   415.133    94.16   72.50
 118823.725   463.390   167.98  105.10
 119111.048   510.422   163.71  122.66
 119398.386   560.983   175.98  131.67
 119685.740   611.295   175.11  131.23
 119973.109   637.591    91.52  118.05
 120260.494   656.339    65.24  100.56
 120547.893   671.808    53.83   87.41
 120835.309   657.939   -48.26   82.27
 121122.739   640.501   -60.68   84.15
 121410.185   602.272  -133.01   82.61
 121697.646   558.169  -153.44   83.03
 121985.123   516.900  -143.57   83.92
 122272.615   482.124  -120.98   79.90
 122560.122   447.574  -120.18   71.57
 122847.645   410.780  -127.98   59.75
 123135.183   389.565   -73.79   44.57
 123422.736   371.451   -63.00   34.30
 123710.305   357.461   -48.65   28.72
 123997.889   349.633   -27.22   29.12
 124285.489   352.220     9.00   36.73
 124573.104   355.094     9.99   39.64
 124860.734   361.569    22.51   41.12
 125148.380   365.851    14.89   39.55
 125436.041   373.061    25.07   39.16
 125723.718   378.504    18.93   38.17
 126011.410   388.608    35.12   41.30
 126299.117   397.765    31.83   41.59
 126586.840   408.265    36.50   43.07
 126874.578   422.736    50.30   46.46
 127162.332   441.562    65.43   55.54
 127450.101   463.579    76.52   74.44
 127737.885   489.709    90.81   89.61
 128025.685   519.118   102.20  104.96
 128313.500   548.065   100.58  107.09
 128601.331   575.933    96.83  101.96
 128889.177   601.437    88.62   88.61
 129177.039   625.574    83.86   74.06
 129464.916   650.265    85.78   62.19
 129752.808   690.151   138.56   80.95
 130040.716   736.465   160.88  110.39
 130328.639   787.215   176.28  127.74
 130616.578   834.925   165.71  122.27
 130904.532   872.675   131.11  107.60
 131192.502   891.584    65.67   96.93
 131480.487   887.515   -14.13  100.22
 131768.488   852.661  -121.03  132.13
 132056.504   799.265  -185.41  153.59
 132344.536   742.622  -196.68  152.81
 132632.583   682.179  -209.86  142.52
 132920.645   612.379  -242.34  118.40
 133208.723   566.177  -160.40   93.42
 133496.817   539.442   -92.81   75.35
 133784.926   533.887   -19.28   72.22
 134073.050   541.780    27.40   82.11
 134361.190   572.112   105.28   96.73
 134649.345   602.780   106.44   89.07
 134937.516   629.936    94.25   65.33
 135225.703   635.705    20.02   65.84
 135513.905   634.975    -2.54   72.19
 135802.122   640.648    19.69   85.80
 136090.355   648.604    27.61   98.08
 136378.604   648.047    -1.93   99.02
 136666.868   652.061    13.93  103.85
 136955.147   659.867    27.08   98.51
 137243.442   667.128    25.19   93.57
 137531.753   647.781   -67.11   96.97
 137820.079   644.766   -10.46   98.92
 138108.420   640.236   -15.71  109.32
 138396.778   657.265    59.06  118.53
 138685.150   653.222   -14.02  115.21
 138973.539   629.851   -81.05  105.14
 139261.942   611.994   -61.92  105.86
 139550.362   580.636  -108.73  111.62
 139838.796   545.333  -122.41  116.13
 140127.247   511.280  -118.07   98.43
 140415.713   475.660  -123.50   79.39
 140704.194   446.287  -101.83   52.74
 140992.692   427.793   -64.11   45.55
 141281.204   413.330   -50.13   44.81
 141569.732   408.694   -16.07   46.28
 141858.276   403.030   -19.63   44.15
 142146.836   398.308   -16.37   45.81
 142435.411   401.383    10.66   57.73
 142724.001   412.910    39.95   73.91
 143012.607   415.579     9.25   81.64
 143301.229   422.904    25.38   91.58
 143589.866   431.979    31.45   94.35
 143878.519   426.316   -19.62   95.67
 144167.188   411.601   -50.98   97.08
 144455.872   389.221   -77.53   91.70
 144744.571   374.868   -49.72   84.20
 145033.287   357.868   -58.89   79.17
 145322.018   336.651   -73.49   71.39
 145610.764   313.047   -81.76   64.02
 145899.526   295.294   -61.49   63.69
 146188.304   267.128   -97.55   61.99
 146477.097   247.139   -69.22   54.08
 146765.906   235.569   -40.07   47.75
 147054.731   225.471   -34.97   39.49
 147343.571   223.258    -7.66   34.41
 147632.427   222.216    -3.61   35.51
 147921.299   222.707     1.70   35.06
 148210.186   227.936    18.10   35.94
 148499.089   226.530    -4.87   36.85
 148788.007   222.780   -12.98   33.73
 149076.941   227.427    16.09   38.07
 149365.891   232.622    17.98   50.17
 149654.856   237.925    18.35   56.47
 149943.837   240.680     9.54   61.11
 150232.834   237.636   -10.53   59.28
 150521.847   231.287   -21.97   63.14
 150810.875   214.545   -57.93   61.71
 151099.918   201.519   -45.07   58.35
 151388.978   185.104   -56.80   57.07
 151678.053   169.004   -55.70   47.07
 151967.144   161.432   -26.20   34.44
 152256.250   161.638     0.71   32.89
 152545.372   165.236    12.45   33.38
 152834.510   168.236    10.38   33.16
 153123.664   166.354    -6.51   30.32
 153412.833   163.587    -9.57   29.50
 153702.018   157.577   -20.78   27.78
 153991.218   152.504   -17.54   27.02
 154280.435   146.522   -20.69   25.81
 154569.667   136.265   -35.47   19.93
 154858.914   127.589   -30.00   17.39
 155148.178   121.854   -19.83   15.62
 155437.457   117.706   -14.34   14.31
 155726.752   114.272   -11.87   12.52
 156016.063   110.413   -13.34    9.60
 156305.389   107.677    -9.46    9.37
 156594.731   105.108    -8.88    8.88
 156884.089   103.079    -7.01    8.39
 157173.462   101.616    -5.06    7.29
 157462.852   101.339    -0.96    8.18
 157752.257   102.855     5.24   10.24
 158041.678   103.079     0.77   10.43
 158331.114   105.008     6.66   12.26
 158620.566   106.324     4.55   13.17
 158910.034   106.692     1.27   13.03
 159199.518   104.780    -6.60   12.05
 159489.018   104.273    -1.75   12.52
 159778.533   103.177    -3.79   11.24
 160068.064   106.501    11.48   17.90
 160357.611   111.251    16.41   25.04
 160647.174   121.665    35.97   36.89
 160936.752   130.922    31.97   42.78
 161226.346   141.548    36.70   49.18
 161515.956   147.124    19.26   47.34
 161805.582   154.427    25.22   47.85
 162095.224   160.554    21.16   47.86
 162384.881   178.258    61.13   51.32
 162674.554   190.529    42.37   44.69
 162964.243   197.359    23.58   37.25
 163253.948   191.422   -20.50   39.89
 163543.669   182.221   -31.76   43.01
 163833.405   173.780   -29.14   43.51
 164123.157   162.604   -38.58   34.41
 164412.925   159.565   -10.49   30.56
 164702.709   166.215    22.95   35.75
 164992.509   173.584    25.43   40.28
 165282.324   181.979    28.97   41.66
 165572.156   196.413    49.81   43.19
 165862.003   206.368    34.35   50.66
 166151.866   214.039    26.47   62.14
 166441.745   211.808    -7.70   62.94
 166731.639   208.794   -10.40   61.72
 167021.550   209.094     1.03   62.00
 167311.476   206.194   -10.00   55.57
 167601.418   202.913   -11.32   45.88
 167891.376   206.560    12.58   39.16
 168181.350   212.251    19.63   41.35
 168471.340   211.045    -4.16   44.66
 168761.346   209.591    -5.01   49.70
 169051.367   198.678   -37.63   52.25
 169340.073   187.008   -40.43   49.53
 169626.747   178.879   -28.36   47.86
 169913.437   176.213    -9.30   48.06
 170200.143   183.354    24.91   55.95
 170486.864   197.296    48.63   63.95
 170773.600   208.457    38.93   67.70
 171060.352   217.836    32.72   69.64
 171347.120   222.562    16.48   69.71
 171633.903   224.862     8.02   68.83
 171920.701   214.666   -35.55   66.23
 172207.515   206.316   -29.12   61.12
 172494.344   198.707   -26.53   52.60
 172781.188   193.229   -19.10   51.23
 173068.049   190.574    -9.26   51.25
 173354.924   191.351     2.71   48.74
 173641.815   188.479   -10.01   48.01
 173928.722   184.751   -13.00   48.09
 174215.644   170.265   -50.49   46.99
 174502.582   158.809   -39.93   51.52
 174789.535   146.295   -43.62   49.25
 175076.503   136.854   -32.90   46.81
 175363.487   125.339   -40.13   37.15
 175650.487   120.394   -17.23   26.72
 175937.502   124.867    15.59   28.15
 176224.532   137.751    44.89   38.04
 176511.579   156.665    65.90   50.27
 176798.640   178.648    76.59   68.47
 177085.717   202.616    83.50   73.25
 177372.810   218.383    54.93   70.37
 177659.918   232.045    47.59   72.96
 177947.042   248.896    58.70   74.55
 178234.181   252.936    14.07   74.10
 178521.336   254.624     5.88   76.19
 178808.506   245.265   -32.60   72.08
 179095.692   235.649   -33.49   62.56
 179382.893   229.855   -20.18   52.92
 179670.110   231.660     6.28   46.67
 179957.342   222.736   -31.07   39.40
 180244.590   213.045   -33.74   42.37
 180531.854   197.608   -53.75   45.88
 180819.133   178.836   -65.35   48.99
 181106.428   162.229   -57.82   47.95
 181393.738   144.649   -61.20   41.57
 181681.064   127.393   -60.07   32.06
 181968.405   113.663   -47.79   26.74
 182255.762   101.177   -43.46   26.13
 182543.135    92.560   -29.99   22.49
 182830.523    88.736   -13.31   20.41
 183117.926    84.508   -14.72   17.35
 183405.346    83.836    -2.34   15.86
 183692.780    82.157    -5.85   13.16
 183980.231    81.572    -2.04   11.68
 184267.697    82.721     4.00   11.35
 184555.179    81.163    -5.42   10.56
 184842.676    80.354    -2.81   10.03
 185130.189    77.479   -10.00    9.86
 185417.717    74.936    -8.85    8.97
 185705.261    73.394    -5.37    9.32
 185992.821    71.171    -7.73    9.82
 186280.396    68.151   -10.50    8.25
 186567.987    65.545    -9.06    7.32
 186855.594    63.169    -8.26    6.85
 187143.216    60.351    -9.80    6.75
 187430.853    57.722    -9.14    6.26
 187718.507    55.620    -7.31    5.94
 188006.176    54.022    -5.56    5.50
 188293.861    53.022    -3.48    4.62
 188581.561    51.751    -4.42    3.88
 188869.277    50.765    -3.43    3.20
 189157.008    50.175    -2.05    3.02
 189444.756    49.779    -1.38    3.24
 189732.519    49.208    -1.99    3.01
 190020.297    49.019    -0.66    2.79
 190308.091    48.622    -1.38    2.86
 190595.901    48.465    -0.55    2.61
 190883.727    48.139    -1.13    2.61
 191171.568    48.001    -0.48    2.93
 191459.425    47.393    -2.11    3.13
 191747.298    47.222    -0.59    2.99
 192035.186    47.179    -0.15    3.29
 192323.090    47.228     0.17    3.11
 192611.009    47.451     0.77    3.09
 192898.945    47.664     0.74    2.80
 193186.896    47.736     0.25    2.36
 193474.862    47.442    -1.02    2.29
 193762.845    46.990    -1.57    2.41
 194050.843    46.565    -1.47    2.21
 194338.857    46.079    -1.69    1.85
 194626.886    45.894    -0.64    1.76
 194914.931    45.794    -0.35    1.63
 195202.992    46.041     0.86    1.68
 195491.069    45.870    -0.59    1.75
 195779.161    45.604    -0.93    2.05
 196067.269    46.113     1.77    3.06
 196355.393    46.394     0.97    3.54
 196643.533    47.417     3.55    4.74
 196931.688    48.490     3.72    5.00
 197219.859    49.663     4.07    5.72
 197508.046    51.339     5.82    5.65
 197796.248    52.486     3.98    5.70
 198084.466    55.486    10.41    6.17
 198372.700    57.403     6.65    6.53
 198660.950    59.780     8.25    7.10
 198949.215    62.533     9.55    7.32
 199237.497    65.359     9.80    7.51
 199525.794    67.398     7.07    6.86
 199814.106    68.692     4.49    6.36
 200102.435    69.810     3.88    5.23
 200390.779    70.192     1.33    4.77
 200679.139    70.501     1.07    4.34
 200967.515    69.664    -2.90    4.61
 201255.907    68.736    -3.22    4.52
 201544.314    68.136    -2.08    4.33
 201832.737    67.070    -3.70    4.29
 202121.176    65.579    -5.17    4.73
 202409.631    64.163    -4.91    4.95
 202698.101    62.482    -5.83    5.14
 202986.588    61.265    -4.22    4.92
 203275.090    60.417    -2.94    4.98
 203563.608    60.365    -0.18    5.59
 203852.142    60.666     1.04    6.08
 204140.691    60.649    -0.06    6.38
 204429.257    60.994     1.19    6.29
 204717.838    61.295     1.04    6.11
 205006.435    62.236     3.26    6.13
 205295.048    62.594     1.24    5.82
 205583.676    62.710     0.40    5.30
 205872.321    63.079     1.28    4.90
 206160.981    63.208     0.45    5.04
 206449.657    63.971     2.65    5.07
 206738.349    64.854     3.06    4.89
 207027.057    65.530     2.34    4.59
 207315.781    66.215     2.37    3.80
 207604.520    66.413     0.69    3.70
 207893.276    65.751    -2.29    4.26
 208182.047    64.852    -3.11    5.04
 208470.834    62.894    -6.78    5.91
 208759.637    60.676    -7.68    6.02
 209048.456    58.604    -7.18    6.37
 209337.290    56.501    -7.28    5.96
 209626.141    54.310    -7.59    5.82
 209915.007    53.201    -3.84    5.36
 210203.890    52.709    -1.70    5.51
 210492.788    52.708    -0.00    5.75
 210781.702    52.809     0.35    5.92
 211070.632    53.589     2.70    5.68
 211359.578    53.855     0.92    4.90
 211648.540    54.001     0.50    4.56
 211937.517    52.606    -4.83    5.33
 212226.511    51.322    -4.44    5.51
 212515.520    49.920    -4.85    5.48
 212804.546    48.422    -5.18    5.53
 213093.587    46.883    -5.33    5.29
 213382.644    46.094    -2.73    5.62
 213671.717    44.870    -4.23    5.57
 213960.806    44.960     0.31    5.49
 214249.911    44.770    -0.66    4.77
 214539.032    44.214    -1.92    4.11
