#  165.871 -14.649  41.253 ;Mean Elev.(m), Avg Gradient(m/km), RMS Gradient(m/km) - SRTM1     
#  204.421 -13.677  39.959 ;Mean Elev.(m), Avg Gradient(m/km), RMS Gradient(m/km) - ASTER GDEM
#  171.665 -14.187  41.410 ;Mean Elev.(m), Avg Gradient(m/km), RMS Gradient(m/km) - GMTED2010 
   9 106.470066  29.393057   498.908   498.873  3 54742.80457619  0.153
  10 106.470154  29.392025   497.283   497.232  3 54752.72022270  0.326
  12 106.471177  29.392944   500.343   500.153  3 54772.55151182  1.047
  14 106.472617  29.393565   503.601   503.601  2 54792.38279072  0.183
  19 106.473502  29.394707   502.409   502.409  2 54841.96099972  0.348
  20 106.471642  29.393358   406.656   407.181  3 54851.87664895  5.929
  21 106.470988  29.392617   410.937   410.800  3 54861.79229763  5.270
  22 106.470572  29.392913   403.320   403.462  4 54871.70794597  5.048
  23 106.470447  29.393068   409.239   409.326  3 54881.62359256  4.652
  24 106.470461  29.392166   413.724   413.699  3 54891.53923608  5.038
  25 106.468765  29.392435   333.304   334.476  4 54901.45487642  5.252
  26 106.468591  29.391232   332.232   331.929  3 54911.37051569  5.680
  27 106.469023  29.392416   335.705   335.696  3 54921.28615363  6.859
  28 106.472082  29.392511   413.300   413.262  3 54931.20179155  5.689
  29 106.475364  29.393508   351.268   351.268  2 54941.11742792  5.589
  31 106.476805  29.395828   504.183   504.183  2 54960.94870313  0.190
  36 106.473896  29.394363   355.555   355.555  2 55010.52693720  9.347
  38 106.474026  29.393778   355.768   355.768  2 55030.35822294  4.122
  39 106.475027  29.394022   495.414   495.414  2 55040.27386481  1.209
  43 106.474224  29.394233   359.932   359.932  2 55079.93643424  4.691
  44 106.471147  29.393185   416.560   416.611  4 55089.85208154  2.783
  45 106.470109  29.392712   410.416   410.587  4 55099.76772761  4.339
  46 106.471111  29.392401   416.072   417.074  3 55109.68337322  4.197
  47 106.471486  29.394211   420.208   420.331  3 55119.59901685  3.703
  48 106.471895  29.393644   417.514   417.564  3 55129.51465845  5.263
  49 106.471773  29.392176   416.313   417.105  3 55139.43029828  5.355
  50 106.471281  29.394053   415.349   416.038  3 55149.34593648  4.329
  55 106.475032  29.393714   419.593   419.593  2 55198.92414863  5.133
  56 106.472845  29.393067   417.388   417.968  3 55208.83979840  5.227
  57 106.472368  29.393757   416.715   417.888  3 55218.75544738  5.757
  58 106.472386  29.393298   417.864   417.864  2 55228.67109569  4.790
  59 106.471818  29.393010   361.346   361.633  3 55238.58674082  5.326
  60 106.470315  29.392628   415.834   416.619  4 55248.50238231  4.778
  61 106.468578  29.392195   499.076   499.827  3 55258.41802157  4.044
  62 106.468491  29.392346   486.992   487.815  3 55268.33366035  4.406
  63 106.470202  29.393374   383.442   383.308  4 55278.24929896  4.220
  64 106.473641  29.394043   422.212   422.212  2 55288.16493661  5.037
  65 106.477065  29.395297   504.526   504.526  2 55298.08057177  1.121
  66 106.476233  29.395350   501.084   501.084  2 55307.99621455  1.722
  67 106.473102  29.394680   506.432   506.432  2 55317.91186090  0.465
  68 106.472865  29.391377   507.657   507.657  2 55327.82750668  0.517
  69 106.473009  29.392944   503.775   503.622  3 55337.74315058  1.008
  70 106.475010  29.393621   414.462   414.462  2 55347.65879429  5.266
  71 106.475673  29.395318   503.979   503.979  2 55357.57443599  0.579
  72 106.475835  29.394769   420.769   420.769  2 55367.49007608  4.271
  79 106.471132  29.394116   423.114   423.364  3 55436.89957707  2.259
  80 106.471485  29.390556   495.478   495.478  2 55446.81522126  0.288
  81 106.471490  29.392316   430.615   430.243  3 55456.73086376  2.575
  87 106.476504  29.395186   503.663   503.663  2 55516.22470070  0.236
  90 106.475302  29.393611   502.164   502.164  2 55545.97164468  0.683
 101 106.475179  29.394511   502.828   502.828  2 55655.04370740  0.390
 109 106.476058  29.394846   421.138   421.138  2 55734.36884251  2.973
 114 106.476076  29.395047   424.850   424.850  2 55783.94705042  1.010
 130 106.474750  29.393340   501.955   501.955  2 55942.59734250  0.645
 133 106.473630  29.393727   339.991   343.109  3 55972.34426167  4.790
 137 106.476080  29.394560   388.455   388.455  2 56012.00683147  2.480
 139 106.472817  29.393009   426.347   424.754  3 56031.83812139  3.529
 140 106.473698  29.394690   422.963   422.963  2 56041.75376225  3.581
 141 106.476612  29.394671   328.184   328.184  2 56051.66940113  6.531
 146 106.475580  29.394734   352.384   352.384  2 56101.24761908  4.278
 152 106.475200  29.395091   509.142   509.142  2 56160.74146028  0.350
 161 106.476903  29.395902   341.847   341.847  2 56249.98224583  5.775
 166 106.474401  29.392771   485.522   485.522  2 56299.56047157  0.603
 167 106.472066  29.393033   479.433   479.502  3 56309.47611541  0.957
 170 106.474053  29.394862   474.740   474.740  2 56339.22303906  1.859
 184 106.472499  29.394027   436.731   436.214  3 56478.04205257  2.945
 186 106.474182  29.394278   352.082   352.082  2 56497.87332596  3.990
 203 106.472494  29.393895   449.700   449.700  2 56666.43927514  1.554
 205 106.471823  29.393490   427.714   427.714  2 56686.27056507  2.305
 206 106.473884  29.394219   492.082   492.082  2 56696.18620776  1.050
 210 106.471035  29.394138   499.342   499.388  3 56735.84878232  2.431
 211 106.471333  29.392520   498.560   498.593  3 56745.76442858  2.094
 212 106.473969  29.393899   430.807   430.807  2 56755.68007006  2.738
 215 106.474981  29.394111   489.707   489.707  2 56785.42700140  1.486
 216 106.471529  29.390750   506.880   506.880  2 56795.34265481  1.592
 217 106.468515  29.391675   423.749   423.960  3 56805.25830351  3.178
 218 106.469684  29.392353   448.242   447.987  3 56815.17394592 14.172
 219 106.471920  29.392465   475.943   476.211  3 56825.08958507  2.612
 224 106.473225  29.393607   453.911   453.911  2 56874.66780283  0.030
 226 106.471474  29.393016   495.939   495.939  2 56894.49909826  0.390
 227 106.470467  29.392686   435.369   435.587  4 56904.41474138  2.918
 228 106.470191  29.392202   498.811   498.811  2 56914.33038277  0.116
 229 106.472069  29.392439   432.695   432.751  3 56924.24602265  2.802
 230 106.475158  29.394850   449.399   449.399  2 56934.16165966 11.385
 233 106.475913  29.394561   500.830   500.830  2 56963.90859017  0.125
 234 106.474433  29.392854   494.409   494.409  2 56973.82423568  2.825
 239 106.473099  29.393752   437.108   437.108  2 57023.40245641  1.880
 240 106.473299  29.391636   518.671   518.671  2 57033.31810568  0.350
 242 106.474563  29.393614   494.255   494.255  2 57053.14939646  1.052
 244 106.476686  29.395520   343.426   343.426  2 57072.98067080  5.970
 247 106.476235  29.394880   344.505   344.505  2 57102.72760619  5.611
 248 106.475363  29.393956   343.634   343.634  2 57112.64325938  5.677
 250 106.474184  29.394646   346.506   346.506  2 57132.47454790  5.291
 256 106.472228  29.393571   477.118   477.118  2 57191.96841381  0.887
 257 106.470857  29.393116   426.560   426.679  4 57201.88406143  1.800
 267 106.476009  29.394790   497.743   497.743  2 57301.04049031  1.085
 268 106.473596  29.393362   361.643   361.643  2 57310.95613897  3.828
 269 106.470794  29.394024   426.675   426.693  3 57320.87178368  1.827
 270 106.470644  29.393883   406.080   406.078  3 57330.78742601  3.072
 272 106.472375  29.393244   428.780   428.780  2 57350.61871655  3.323
 273 106.472225  29.392967   513.823   513.565  3 57360.53436133  0.934
 274 106.471563  29.393325   502.219   502.080  3 57370.45000287  2.858
 275 106.472373  29.393204   479.714   479.714  2 57380.36564266  2.187
 280 106.475023  29.393297   367.110   367.110  2 57429.94386277  3.232
 282 106.473171  29.393986   361.096   360.743  3 57449.77515688  3.814
 291 106.473966  29.394787   359.952   359.952  2 57539.01595277  4.085
 293 106.471329  29.392297   498.508   498.150  3 57558.84724641  1.348
 294 106.471731  29.393351   502.412   502.321  3 57568.76289115  1.167
 297 106.476221  29.394958   355.853   355.853  2 57598.50981844  3.966
