-277846.140   167.657     0.00   21.06
-277556.499   166.342    -4.54   18.50
-277266.844   164.365    -6.82   17.74
-276977.175   161.242   -10.78   17.16
-276687.493   158.462    -9.59   16.95
-276397.796   154.781   -12.71   16.52
-276108.084   150.614   -14.38   13.37
-275818.359   146.581   -13.92   12.04
-275528.620   144.139    -8.43   12.16
-275238.866   142.672    -5.06   11.56
-274949.099   141.705    -3.34   11.89
-274659.317   141.350    -1.22   12.69
-274369.522   139.989    -4.69   12.54
-274079.712   138.721    -4.38   12.75
-273789.888   136.919    -6.21   13.41
-273500.050   134.614    -7.95   11.76
-273210.197   132.572    -7.04   10.83
-272920.331   134.250     5.79   13.08
-272630.450   137.581    11.49   15.60
-272340.556   145.631    27.76   24.93
-272050.647   165.089    67.10   52.95
-271760.724   191.198    90.04   79.03
-271470.787   224.978   116.48   96.23
-271180.836   260.512   122.52  106.64
-270893.408   303.523   149.61  111.94
-270606.454   342.965   137.42  108.77
-270319.486   387.004   153.43  109.65
-270032.504   428.589   144.87  107.40
-269745.508   458.175   103.06  102.08
-269458.499   490.432   112.37  100.55
-269171.475   520.390   104.35   95.35
-268884.438   540.569    70.28   92.78
-268597.387   556.704    56.20   92.15
-268310.322   563.258    22.83   84.66
-268023.244   561.824    -4.99   83.29
-267736.151   551.094   -37.37   88.43
-267449.045   527.872   -80.87   99.77
-267161.925   509.581   -63.69  104.27
-266874.791   488.049   -74.97   98.98
-266587.643   478.375   -33.68   95.80
-266300.481   480.104     6.02   99.11
-266013.306   490.751    37.07   94.31
-265726.117   496.512    20.06   90.08
-265438.913   499.795    11.43   81.24
-265151.696   492.250   -26.26   76.57
-264864.465   473.542   -65.12   80.64
-264577.221   468.540   -17.41   79.76
-264289.962   471.273     9.51   80.83
-264002.689   484.616    46.44   80.05
-263715.403   488.974    15.17   75.96
-263428.103   495.060    21.18   65.38
-263140.789   504.631    33.31   62.93
-262853.461   510.530    20.53   68.41
-262566.119   503.575   -24.20   71.96
-262278.763   484.811   -65.29   77.82
-261991.393   477.781   -24.46   74.63
-261704.010   489.074    39.29   72.65
-261416.612   495.780    23.33   76.38
-261129.201   501.586    20.20   83.80
-260841.776   493.118   -29.46  103.93
-260554.336   506.797    47.58  104.14
-260266.883   535.885   101.17  122.28
-259979.417   586.341   175.48  139.23
-259691.936   630.045   151.99  155.76
-259404.441   669.594   137.54  163.14
-259116.932   714.437   155.94  159.06
-258829.410   757.333   149.16  131.78
-258541.873   781.219    83.05  126.03
-258254.323   783.221     6.96  133.85
-257966.758   800.125    58.77  126.50
-257679.180   816.243    56.04  127.22
-257391.588   830.592    49.88  114.55
-257103.982   841.691    38.58  106.31
-256816.362   834.034   -26.62  114.13
-256528.728   795.594  -133.62  154.01
-256241.080   734.427  -212.60  182.18
-255953.418   681.734  -183.14  173.69
-255665.742   647.616  -118.57  149.14
-255378.052   647.780     0.57  137.02
-255090.349   682.855   121.89  163.08
-254802.631   749.243   230.69  190.82
-254514.899   813.996   225.00  185.45
-254227.154   878.207   223.10  163.00
-253939.394   901.258    80.09  143.67
-253651.621   887.407   -48.12  147.54
-253363.833   844.957  -147.48  158.85
-253076.032   793.795  -177.73  177.40
-252788.216   737.229  -196.49  176.30
-252500.387   685.673  -179.08  147.21
-252212.543   640.574  -156.65  145.11
-251924.686   623.575   -59.04  143.42
-251636.815   614.614   -31.12  157.84
-251348.929   593.881   -72.00  148.31
-251061.030   586.168   -26.79  144.81
-250773.117   575.545   -36.89  131.00
-250485.189   589.735    49.27  130.20
-250197.248   608.515    65.21  123.64
-249909.293   634.782    91.20  130.11
-249621.323   669.205   119.51  130.84
-249333.340   726.118   197.59  126.41
-249045.343   773.368   164.03  104.87
-248757.332   805.721   112.31   87.43
-248469.306   818.826    45.49   82.25
-248181.267   848.482   102.94   71.85
-247893.213   880.443   110.93   71.64
-247605.146   899.303    65.46   66.51
-247317.065   907.915    29.89   63.66
-247028.969   901.577   -21.99   79.70
-246740.860   867.865  -116.99  113.93
-246452.736   821.692  -160.22  161.34
-246164.599   732.601  -309.13  189.47
-245876.447   668.007  -224.12  199.86
-245588.281   594.915  -253.60  189.96
-245300.102   523.825  -246.64  157.74
-245011.908   477.244  -161.60  117.97
-244723.700   456.751   -71.09   94.76
-244435.479   454.795    -6.79   86.80
-244147.243   481.341    92.08   98.94
-243858.993   510.443   100.94  101.09
-243570.729   543.691   115.32  102.73
-243282.451   568.978    87.70   88.57
-242994.159   581.413    43.12   86.87
-242705.852   579.480    -6.70   88.03
-242417.532   567.442   -41.74   96.79
-242129.198   541.915   -88.52  108.02
-241840.849   523.959   -62.26  105.20
-241552.487   489.633  -119.01  102.42
-241264.110   470.538   -66.20   92.43
-240975.720   447.295   -80.58   80.55
-240687.315   415.237  -111.13   81.98
-240398.896   377.501  -130.81  103.95
-240110.463   328.383  -170.26  120.20
-239822.016   280.845  -164.78  122.70
-239533.555   235.324  -157.77  107.25
-239245.080   198.947  -126.08   75.15
-238956.591   177.200   -75.37   45.67
-238668.087   168.994   -28.44   36.34
-238379.570   173.243    14.72   41.10
-238091.038   183.148    34.32   45.29
-237802.492   188.496    18.53   53.49
-237513.933   197.236    30.28   64.27
-237225.359   202.919    19.69   64.09
-236936.770   205.437     8.72   71.48
-236648.168   194.186   -38.98   73.99
-236359.552   176.854   -60.04   70.92
-236070.921   159.677   -59.50   57.53
-235782.277   148.210   -39.72   49.87
-235493.618   137.692   -36.43   45.22
-235204.945   130.935   -23.40   43.82
-234916.258   129.363    -5.45   43.73
-234627.557   129.677     1.09   42.45
-234338.841   128.971    -2.44   40.93
-234050.112   132.354    11.71   41.59
-233761.368   133.734     4.78   40.30
-233472.611   130.633   -10.74   43.34
-233183.839   122.984   -26.48   42.72
-232895.052   110.661   -42.66   45.16
-232606.252   101.273   -32.50   42.52
-232317.438    93.236   -27.82   38.16
-232028.609    86.648   -22.81   34.92
-231739.766    84.083    -8.88   34.12
-231450.909    76.898   -24.87   24.62
-231162.038    77.015     0.41   23.55
-230873.153    80.721    12.82   26.39
-230584.253    90.855    35.07   33.49
-230295.340   104.251    46.36   38.96
-230006.412   129.089    85.95   51.74
-229717.470   159.047   103.66   73.25
-229428.513   178.295    66.60   80.53
-229139.543   198.906    71.31   80.39
-228850.558   209.915    38.09   73.56
-228561.559   209.542    -1.29   71.75
-228272.546   200.192   -32.34   73.41
-227983.519   190.677   -32.91   75.70
-227694.478   178.210   -43.13   69.72
-227405.422   168.015   -35.26   59.82
-227116.352   156.242   -40.72   50.56
-226827.268   156.870     2.17   50.93
-226538.169   154.064    -9.70   47.34
-226249.057   151.765    -7.95   44.56
-225959.930   141.633   -35.04   36.23
-225670.789   131.369   -35.49   18.87
-225381.634   128.839    -8.75   20.55
-225092.464   136.412    26.18   37.77
-224803.280   141.348    17.07   46.59
-224514.082   149.989    29.88   52.56
-224224.870   157.545    26.12   53.38
-223935.644   164.001    22.32   50.17
-223646.403   169.226    18.06   48.99
-223357.148   178.310    31.40   48.65
-223067.879   188.704    35.93   50.75
-222778.595   207.989    66.65   60.69
-222489.297   222.383    49.75   71.30
-222199.985   246.457    83.19   83.09
-221910.659   269.258    78.79   90.14
-221621.318   300.400   107.61   91.31
-221331.963   333.986   116.05   97.03
-221042.594   372.612   133.46   99.19
-220753.211   414.824   145.85  105.62
-220463.813   469.457   188.75  117.32
-220174.401   517.192   164.91  119.78
-219884.975   552.870   123.25  106.03
-219595.534   561.242    28.92   93.24
-219306.080   546.633   -50.46  102.31
-219016.610   522.212   -84.35  116.25
-218727.127   490.577  -109.26  106.39
-218437.629   459.183  -108.42   82.20
-218148.117   422.534  -126.57   79.03
-217858.591   385.750  -127.02   76.61
-217569.050   360.178   -88.30   72.86
-217279.495   347.207   -44.79   72.40
-216989.926   345.750    -5.03   71.11
-216700.342   348.925    10.96   73.23
-216410.744   349.004     0.27   70.53
-216121.132   355.840    23.60   71.76
-215831.506   378.720    78.98   67.23
-215541.865   400.004    73.47   63.79
-215252.210   427.471    94.81   75.13
-214962.540   448.144    71.35   92.47
-214672.856   477.099    99.93  100.73
-214383.158   509.124   110.53   97.43
-214093.445   526.348    59.44   91.40
-213803.718   533.965    26.29   91.28
-213513.977   538.249    14.78   94.10
-213224.221   531.001   -25.01   95.67
-212934.451   539.437    29.11   91.67
-212644.667   542.925    12.03   88.00
-212354.868   560.663    61.20   90.59
-212065.055   600.295   136.73  116.91
-211775.228   654.175   185.87  125.86
-211485.386   692.559   132.41  123.83
-211195.530   716.368    82.13  116.44
-210905.659   725.512    31.54  109.10
-210615.774   720.954   -15.72  118.66
-210325.875   686.354  -119.33  127.63
-210035.961   631.659  -188.63  114.84
-209746.033   586.038  -157.33   95.08
-209456.091   562.845   -79.98   89.54
-209166.134   521.123  -143.87   95.66
-208877.351   491.422  -102.83  102.85
-208590.443   452.360  -136.13  106.43
-208303.521   403.824  -169.13  112.08
-208016.584   363.060  -142.04  102.55
-207729.634   325.900  -129.48   98.53
-207442.669   306.491   -67.62   89.36
-207155.691   294.295   -42.49   85.80
-206868.698   294.780     1.69   78.28
-206581.692   298.413    12.65   81.55
-206294.671   305.295    23.97   84.35
-206007.636   300.128   -18.00   85.11
-205720.588   296.978   -10.97   84.25
-205433.525   274.337   -78.86   85.85
-205146.448   249.957   -84.91   92.59
-204859.357   216.227  -117.47   84.68
-204572.252   189.852   -91.85   71.04
-204285.133   175.865   -48.71   63.78
-203997.999   165.310   -36.76   58.20
-203710.852   161.060   -14.80   58.11
-203423.690   155.448   -19.54   57.90
-203136.515   157.677     7.76   66.15
-202849.325   152.765   -17.10   61.90
-202562.122   159.471    23.35   68.72
-202274.904   162.055     9.00   70.64
-201987.672   170.139    28.14   67.47
-201700.426   179.139    31.33   64.69
-201413.166   193.609    50.37   64.85
-201125.891   197.192    12.47   61.96
-200838.603   198.531     4.66   59.05
-200551.300   194.663   -13.46   59.11
-200263.984   176.055   -64.75   67.01
-199976.653   152.971   -80.33   68.25
-199689.308   131.604   -74.35   59.06
-199401.949   119.135   -43.38   54.31
-199114.576   109.721   -32.75   47.11
-198827.189   102.027   -26.77   39.60
-198539.788    99.196    -9.85   37.82
-198252.372    95.418   -13.14   35.25
-197964.942    92.124   -11.46   29.23
-197677.498    88.794   -11.58   26.13
-197390.041    85.124   -12.77   24.23
-197102.568    82.243   -10.02   25.38
-196815.082    82.311     0.24   26.30
-196527.582    77.765   -15.81   27.27
-196240.067    72.839   -17.13   25.37
-195952.538    68.273   -15.88   20.33
-195664.995    67.794    -1.66   18.05
-195377.438    67.392    -1.40   14.19
-195089.867    65.273    -7.37   13.23
-194802.282    63.781    -5.19   14.51
-194514.682    59.341   -15.43   17.27
-194227.068    56.363   -10.36   18.15
-193939.440    54.001    -8.21   17.12
-193651.798    52.592    -4.90   16.19
-193364.142    52.348    -0.85   15.08
-193076.471    54.251     6.61   15.34
-192788.787    57.427    11.04   13.15
-192501.088    57.629     0.70   10.89
-192213.375    57.023    -2.11    9.77
-191925.647    54.236    -9.68   10.29
-191637.906    51.679    -8.89   10.17
-191350.150    49.795    -6.54   11.57
-191062.380    48.288    -5.24   11.43
-190774.596    47.473    -2.83   12.47
-190486.798    46.765    -2.46   13.32
-190198.985    47.139     1.30   12.42
-189911.158    46.296    -2.93   11.65
-189623.317    41.868   -15.38   13.59
-189335.462    37.659   -14.62   14.70
-189047.593    31.721   -20.63   14.41
-188759.709    29.114    -9.05   12.69
-188471.811    28.872    -0.84   12.18
-188183.899    30.333     5.07   13.19
-187895.972    34.812    15.55   15.27
-187608.032    39.599    16.62   15.16
-187320.077    44.144    15.78   13.00
-187032.108    48.809    16.20   10.76
-186744.124    51.930    10.83    9.62
-186456.127    54.935    10.43    9.69
-186168.115    56.840     6.61   10.31
-185880.089    58.890     7.12   10.76
-185592.048    59.198     1.07   10.55
-185303.994    60.243     3.63   10.60
-185015.925    59.012    -4.27   10.92
-184727.841    56.927    -7.24   11.78
-184439.744    54.673    -7.82   12.29
-184151.632    50.677   -13.87   13.23
-183863.506    46.344   -15.04   12.98
-183575.366    43.273   -10.66   12.28
-183287.211    40.512    -9.58   10.70
-182999.042    39.200    -4.55   10.65
-182710.859    38.403    -2.77   11.86
-182422.662    37.690    -2.48   13.13
-182134.450    35.780    -6.62   13.45
-181846.224    33.015    -9.59   13.21
-181557.983    28.457   -15.81   13.65
-181269.729    24.437   -13.94   12.01
-180981.460    22.537    -6.59   10.70
-180693.176    21.677    -2.98    9.72
-180404.879    22.311     2.20   10.04
-180116.567    25.221    10.09   11.69
-179828.241    28.908    12.79   11.06
-179539.900    32.604    12.81   10.08
-179251.545    35.360     9.56    9.25
-178963.176    37.280     6.66    9.02
-178674.793    38.664     4.80    9.11
-178386.395    40.673     6.97    9.24
-178097.983    43.368     9.34   11.21
-177809.556    43.607     0.83   11.64
-177521.115    45.780     7.53   12.32
-177232.660    47.273     5.17   12.82
-176944.190    49.392     7.35   12.48
-176655.706    51.751     8.17   12.91
-176367.208    55.196    11.94   15.36
-176078.696    63.368    28.32   19.25
-175790.169    72.381    31.23   20.76
-175501.627    79.296    23.96   20.60
-175213.072    88.295    31.18   20.60
-174924.502    94.034    19.89   17.51
-174635.917    96.461     8.41   13.99
-174347.318    94.904    -5.39   14.87
-174058.705    89.971   -17.09   15.57
-173770.078    84.508   -18.93   15.24
-173481.436    81.258   -11.26   14.69
-173192.779    77.968   -11.39   14.70
-172904.109    76.780    -4.11   15.32
-172615.424    74.113    -9.24   15.26
-172326.724    73.004    -3.84   16.39
-172038.010    73.915     3.15   17.48
-171749.282    72.326    -5.50   16.95
-171460.539    73.165     2.91   16.30
-171171.782    73.030    -0.47   15.73
-170883.011    72.407    -2.16   16.10
-170594.225    72.633     0.78   15.40
-170305.425    75.377     9.50   15.57
-170016.610    78.084     9.37   15.09
-169727.781    78.281     0.68   15.24
-169438.937    80.442     7.48   15.92
-169150.079    82.942     8.65   16.34
-168861.207    84.795     6.42   16.57
-168572.320    81.505   -11.39   19.06
-168283.419    77.015   -15.54   18.88
-167994.503    74.402    -9.05   18.23
-167705.573    71.281   -10.80   16.38
-167416.629    71.658     1.31   16.71
-167127.670    70.413    -4.31   16.93
-166838.696    72.527     7.32   16.79
-166549.708    74.128     5.54   16.92
-166260.706    70.913   -11.12   17.92
-165971.689    69.812    -3.81   18.46
-165682.658    65.493   -14.94   17.14
-165393.612    63.135    -8.16   16.74
-165104.552    57.601   -19.14   18.06
-164815.478    52.601   -17.29   18.76
-164526.389    47.457   -17.79   19.09
-164237.285    41.287   -21.34   17.32
-163948.167    35.965   -18.40   15.20
-163659.035    30.447   -19.08   12.73
-163369.888    26.335   -14.22   10.68
-163080.726    22.960   -11.67   10.25
-162791.550    19.452   -12.13    9.00
-162502.360    16.432   -10.44    7.66
-162213.155    13.838    -8.97    6.49
-161923.935    11.704    -7.38    3.83
-161634.702    10.661    -3.61    3.09
-161345.453    10.250    -1.42    4.34
-161056.190     8.825    -4.92    5.44
-160766.913     7.295    -5.29    6.53
-160477.621     5.837    -5.04    7.40
-160188.314     5.137    -2.42    7.69
-159898.994     4.311    -2.85    8.06
-159609.658     3.251    -3.66    7.64
-159320.308     2.203    -3.62    7.01
-159030.944     2.207     0.01    6.67
-158741.565     1.467    -2.56    5.58
-158452.171     1.380    -0.30    5.14
-158162.763     1.519     0.48    4.98
-157873.340     1.658     0.48    5.02
-157583.903     1.721     0.22    4.90
-157294.452     1.703    -0.06    4.75
-157004.985     1.795     0.32    4.57
-156715.505     1.589    -0.71    4.46
-156426.009     1.592     0.01    4.36
-156136.500     1.795     0.70    4.49
-155846.975     1.640    -0.53    4.53
-155557.436     1.398    -0.84    4.84
-155267.883     0.873    -1.81    5.14
-154978.315     0.442    -1.49    5.42
-154688.732     0.171    -0.93    5.45
-154399.135     0.168    -0.01    5.58
-154109.523     0.960     2.73    5.68
-153819.897     1.344     1.33    5.43
-153530.256     1.883     1.86    4.71
-153240.600     3.150     4.37    3.93
-152950.930     3.954     2.77    2.93
-152661.245     4.418     1.60    1.72
-152371.546     4.139    -0.96    1.49
-152081.832     3.870    -0.93    1.23
-151792.104     3.703    -0.58    1.32
-151502.361     3.442    -0.90    1.38
-151212.603     3.165    -0.95    1.27
-150922.831     3.012    -0.53    1.37
-150633.044     2.737    -0.95    1.19
-150343.243     2.692    -0.15    1.16
-150053.427     2.780     0.30    1.20
-149763.596     2.856     0.26    1.21
-149473.751     2.978     0.42    1.26
-149183.891     2.781    -0.68    1.32
-148894.016     2.939     0.55    1.32
-148604.127     2.694    -0.85    1.42
-148314.223     2.437    -0.89    1.36
-148024.305     2.168    -0.93    1.34
-147734.372     2.058    -0.38    1.27
-147444.424     2.508     1.55    2.88
-147154.462     3.442     3.22    5.98
-146864.485     3.736     1.01    6.27
-146577.385     3.635    -0.35    6.32
-146290.506     3.497    -0.48    6.44
-146003.613     3.089    -1.42    6.37
-145716.706     1.812    -4.45    4.88
-145429.784     0.796    -3.54    1.92
-145142.848     0.437    -1.25    1.20
-144855.898     0.493     0.19    1.26
-144568.934     0.387    -0.37    1.29
-144281.955     0.356    -0.11    1.34
-143994.962     1.026     2.33    2.79
-143707.955     3.235     7.70    6.53
-143420.933     6.889    12.73   10.82
-143133.897    10.663    13.15   12.62
-142846.847    15.812    17.94   14.58
-142559.782    21.004    18.08   16.38
-142272.703    26.780    20.12   17.33
-141985.610    30.287    12.21   16.47
-141698.502    32.650     8.23   16.17
-141411.380    35.616    10.33   15.90
-141124.244    40.604    17.37   16.35
-140837.093    42.062     5.08   16.26
-140549.928    43.854     6.24   16.60
-140262.749    43.968     0.40   15.05
-139975.556    45.708     6.06   14.63
-139688.348    48.592    10.04   14.58
-139401.125    53.458    16.94   14.11
-139113.889    56.839    11.77   15.78
-138826.638    61.150    15.01   16.72
-138539.372    61.705     1.93   18.76
-138252.093    64.128     8.43   21.18
-137964.799    63.228    -3.13   22.16
-137677.490    61.867    -4.74   21.46
-137390.167    61.945     0.27   22.47
-137102.830    64.616     9.30   24.17
-136815.479    71.442    23.75   29.08
-136528.113    77.705    21.79   32.56
-136240.733    86.574    30.86   35.36
-135953.338    93.721    24.87   38.02
-135665.929   101.080    25.60   42.13
-135378.506   107.736    23.16   45.81
-135091.068   109.118     4.81   44.19
-134803.616   118.150    31.42   45.39
-134516.149   119.659     5.25   46.27
-134228.668   130.243    36.81   58.08
-133941.173   128.228    -7.01   59.94
-133653.663   134.142    20.57   72.96
-133366.139   134.213     0.25   82.83
-133078.600   131.070   -10.93   87.35
-132791.047   130.673    -1.38   96.89
-132503.480   116.350   -49.80   91.11
-132215.898   123.015    23.17  102.58
-131928.301   109.412   -47.30   89.93
-131640.691   109.867     1.58   88.16
-131353.066   108.608    -4.38   83.16
-131065.426   107.693    -3.18   80.19
-130777.772   111.074    11.75   86.77
-130490.104   105.969   -17.75   85.25
-130202.421   107.221     4.35   85.84
-129914.724    98.442   -30.51   73.23
-129627.012    94.650   -13.18   68.66
-129339.286    86.939   -26.79   55.19
-129051.545    82.318   -16.06   48.89
-128763.790    84.258     6.74   55.11
-128476.021    85.656     4.86   56.98
-128188.237    86.354     2.42   62.09
-127900.438    87.150     2.77   64.56
-127612.625    80.030   -24.74   59.62
-127324.798    76.679   -11.64   56.62
-127036.956    67.512   -31.84   46.99
-126749.100    61.462   -21.01   41.41
-126461.229    54.947   -22.63   37.49
-126173.344    45.631   -32.36   24.70
-125885.444    42.781    -9.90   18.02
-125597.530    38.971   -13.23    8.91
-125309.602    39.601     2.19    9.96
-125021.658    40.289     2.39   10.78
-124733.701    42.163     6.51   15.74
-124445.729    42.221     0.20   16.32
-124157.742    43.273     3.65   17.73
-123869.741    49.978    23.28   29.34
-123581.725    57.228    25.17   39.69
-123293.695    65.139    27.46   51.16
-123005.650    70.392    18.24   58.31
-122717.591    77.851    25.89   65.55
-122429.518    81.501    12.67   68.54
-122141.429    80.935    -1.96   69.07
-121853.327    77.295   -12.63   67.37
-121565.210    62.328   -51.94   51.30
-121277.078    51.648   -37.06   37.75
-120988.932    43.354   -28.78   29.66
-120700.771    39.165   -14.53   25.11
-120412.595    34.794   -15.17   16.87
-120124.406    30.885   -13.56    9.64
-119836.201    30.560    -1.13    9.94
-119547.982    29.844    -2.48    9.99
-119259.749    29.601    -0.84    9.36
-118971.501    28.215    -4.81    6.28
-118683.238    27.923    -1.01    6.18
-118394.961    27.316    -2.10    5.43
-118106.669    27.887     1.98    6.52
-117818.363    28.589     2.44    7.90
-117530.042    28.396    -0.67    8.20
-117241.707    28.947     1.91    8.74
-116953.357    28.012    -3.24    7.84
-116664.992    27.497    -1.79    7.22
-116376.613    27.351    -0.50    7.42
-116088.220    26.377    -3.38    7.26
-115799.812    26.661     0.98    7.21
-115511.389    26.372    -1.00    6.66
-115222.951    26.365    -0.02    6.84
-114934.499    26.707     1.18    6.51
-114646.033    26.398    -1.07    6.64
-114357.552    25.937    -1.60    6.29
-114069.056    26.074     0.48    6.00
-113780.546    26.523     1.56    6.17
-113492.021    27.053     1.84    6.07
-113203.481    28.489     4.97    7.36
-112914.927    31.060     8.91    8.53
-112626.358    34.810    13.00    9.74
-112337.775    39.839    17.42   12.06
-112049.177    41.867     7.03   10.91
-111760.564    42.644     2.69   10.53
-111471.937    42.989     1.20   10.24
-111183.295    42.150    -2.91   11.04
-110894.639    39.560    -8.97   12.21
-110605.967    36.148   -11.82   11.32
-110317.282    33.394    -9.54    8.48
-110028.581    32.838    -1.93    7.79
-109739.866    33.060     0.77    7.98
-109451.137    33.530     1.63    8.12
-109162.392    33.859     1.14    7.50
-108873.633    34.840     3.40    7.28
-108584.860    35.360     1.80    7.34
-108296.072    36.403     3.61    7.35
-108007.269    38.273     6.47    7.80
-107718.451    39.930     5.74    7.72
-107429.619    42.501     8.90    8.31
-107140.772    44.181     5.82   11.91
-106851.910    45.190     3.49   15.99
-106563.034    43.494    -5.87   18.09
-106274.143    39.927   -12.35   20.28
-105985.238    34.823   -17.67   21.47
-105696.317    31.616   -11.10   21.53
-105407.383    27.333   -14.82   18.31
-105118.433    24.008   -11.51   12.66
-104829.469    20.965   -10.53    9.38
-104540.490    20.236    -2.52    9.62
-104251.496    19.133    -3.82    9.16
-103962.488    19.965     2.88    8.81
-103673.464    20.074     0.38    8.22
-103384.427    21.099     3.54    8.14
-103095.374    22.402     4.51    8.65
-102806.307    24.627     7.70    9.25
-102517.225    25.324     2.41    8.80
-102228.128    26.392     3.69    8.50
-101939.017    26.765     1.29    8.23
-101649.891    26.490    -0.95    8.48
-101360.750    24.993    -5.18    9.49
-101071.595    22.631    -8.17    7.13
-100782.425    22.027    -2.09    7.16
-100493.240    22.026    -0.00    7.23
-100204.040    22.295     0.93    8.00
 -99914.826    24.323     7.01    9.58
 -99625.596    26.864     8.79    9.40
 -99336.352    29.560     9.32    9.11
 -99047.094    32.030     8.54    9.05
 -98757.820    33.875     6.38   10.07
 -98468.532    33.324    -1.90   10.21
 -98179.229    31.693    -5.64    9.41
 -97889.912    29.280    -8.34    9.42
 -97600.579    26.128   -10.89   10.14
 -97311.232    24.038    -7.22    9.80
 -97021.870    21.677    -8.16    7.73
 -96732.493    20.658    -3.52    7.71
 -96443.102    21.527     3.00    9.17
 -96153.696    22.123     2.06    9.43
 -95864.275    23.736     5.57    9.23
 -95574.839    26.049     7.99    8.22
 -95285.388    27.689     5.66    8.85
 -94995.923    28.574     3.06    8.22
 -94706.443    30.205     5.63    9.52
 -94416.948    29.854    -1.21    8.83
 -94127.438    29.273    -2.01    8.67
 -93837.913    29.538     0.92    8.50
 -93548.374    29.228    -1.07    8.06
 -93258.820    27.168    -7.11    8.10
 -92969.251    25.235    -6.68    8.75
 -92679.667    22.993    -7.74    6.75
 -92390.069    21.512    -5.11    7.65
 -92100.455    20.795    -2.47    7.68
 -91810.827    20.978     0.63    8.72
 -91521.184    21.142     0.57    9.98
 -91231.526    21.586     1.53   11.27
 -90941.853    20.965    -2.14   12.34
 -90652.166    19.560    -4.85   13.67
 -90362.463    17.396    -7.47   14.46
 -90072.746    13.527   -13.36   13.96
 -89783.014    11.251    -7.85   13.18
 -89493.267     8.142   -10.73   11.70
 -89203.506     4.422   -12.84    5.56
 -88913.729     3.387    -3.57    3.14
 -88623.938     3.133    -0.87    3.12
 -88334.131     2.493    -2.21    2.69
 -88044.310     2.012    -1.66    2.38
 -87754.474     1.594    -1.44    2.08
 -87464.623     1.432    -0.56    1.80
 -87174.758     1.413    -0.07    1.52
 -86884.877     1.350    -0.22    1.46
 -86594.982     1.677     1.13    1.66
 -86305.071     2.001     1.12    1.61
 -86015.146     2.403     1.39    1.77
 -85725.206     2.680     0.95    2.15
 -85435.251     3.030     1.21    2.31
 -85145.281     3.287     0.89    2.36
 -84855.297     3.304     0.06    2.46
 -84566.752     3.265    -0.13    2.53
 -84279.915     3.124    -0.49    2.63
 -83993.063     2.838    -1.00    2.58
 -83706.196     2.780    -0.20    2.63
 -83419.315     2.663    -0.41    2.63
 -83132.419     2.883     0.77    2.83
 -82845.509     3.073     0.66    2.71
 -82558.585     3.175     0.35    2.71
 -82271.645     3.109    -0.23    2.81
 -81984.692     3.073    -0.12    2.96
 -81697.723     2.824    -0.87    2.70
 -81410.741     2.885     0.21    2.61
 -81123.743     2.577    -1.07    2.36
 -80836.731     2.721     0.50    2.26
 -80549.705     2.735     0.05    2.15
 -80262.664     2.295    -1.53    1.67
 -79975.608     2.012    -0.99    1.50
 -79688.538     1.707    -1.06    1.64
 -79401.454     1.592    -0.40    1.56
 -79114.354     1.221    -1.29    1.75
 -78827.241     1.094    -0.44    1.84
 -78540.112     1.104     0.04    1.99
 -78252.969     0.971    -0.46    2.07
 -77965.812     1.027     0.19    2.28
 -77678.640     0.856    -0.59    2.22
 -77391.453     0.604    -0.88    2.19
 -77104.252     0.706     0.36    1.91
 -76817.036     0.501    -0.71    1.73
 -76529.806     0.618     0.41    1.80
 -76242.560     1.053     1.51    1.83
 -75955.301     1.190     0.47    1.73
 -75668.027     1.296     0.37    1.87
 -75380.738     1.331     0.12    2.03
 -75093.434     1.765     1.51    2.14
 -74806.116     2.065     1.04    2.07
 -74518.784     2.151     0.30    1.97
 -74231.436     2.045    -0.37    2.03
 -73944.075     1.677    -1.28    2.19
 -73656.698     1.500    -0.62    2.17
 -73369.307     1.251    -0.87    2.05
 -73081.901     0.983    -0.93    1.81
 -72794.481     0.968    -0.05    1.60
 -72507.046     0.994     0.09    1.56
 -72219.596     1.192     0.69    1.44
 -71932.132     1.471     0.97    1.46
 -71644.653     1.704     0.81    1.59
 -71357.160     1.691    -0.05    1.68
 -71069.651     1.795     0.36    1.81
 -70782.129     1.794    -0.00    1.85
 -70494.591     1.794    -0.00    1.90
 -70207.039     1.942     0.51    1.95
 -69919.472     1.986     0.15    2.10
 -69631.891     1.796    -0.66    2.17
 -69344.295     1.735    -0.21    2.47
 -69056.684     2.079     1.20    2.91
 -68769.059     3.213     3.94    3.98
 -68481.418     4.023     2.81    4.78
 -68193.764     5.795     6.16    5.52
 -67906.094     7.865     7.20    5.95
 -67618.410    10.038     7.55    5.40
 -67330.711    11.114     3.74    5.00
 -67042.998    12.868     6.10    4.15
 -66755.270    13.432     1.96    3.80
 -66467.527    12.881    -1.91    4.05
 -66179.769    12.194    -2.39    4.25
 -65891.997    12.099    -0.33    4.38
 -65604.210    12.104     0.02    4.14
 -65316.408    12.297     0.67    3.79
 -65028.592    11.795    -1.74    4.54
 -64740.761    10.842    -3.31    5.28
 -64452.915    10.070    -2.68    5.88
 -64165.055     8.165    -6.62    6.54
 -63877.179     6.586    -5.49    6.43
 -63589.289     5.780    -2.80    5.90
 -63301.385     5.183    -2.07    5.19
 -63013.465     5.205     0.07    4.76
 -62725.531     5.392     0.65    4.49
 -62437.582     6.159     2.66    4.57
 -62149.619     6.175     0.05    4.37
 -61861.641     5.811    -1.26    4.57
 -61573.648     5.365    -1.55    4.55
 -61285.640     4.519    -2.94    4.18
 -60997.617     3.704    -2.83    3.33
 -60709.580     3.265    -1.52    2.38
 -60421.528     3.031    -0.81    1.77
 -60133.461     3.124     0.32    1.76
 -59845.380     3.331     0.72    1.79
 -59557.283     3.186    -0.50    1.94
 -59269.172     3.228     0.15    1.80
 -58981.046     3.109    -0.41    1.70
 -58692.906     3.207     0.34    1.83
 -58404.751     3.135    -0.25    1.93
 -58116.580     3.171     0.13    1.94
 -57828.395     3.451     0.97    2.16
 -57540.196     3.661     0.73    2.27
 -57251.981     4.034     1.29    2.65
 -56963.752     4.497     1.61    2.69
 -56675.508     4.765     0.93    2.62
 -56387.249     4.872     0.37    2.55
 -56098.976     4.854    -0.06    2.34
 -55810.687     4.810    -0.15    2.23
 -55522.384     4.467    -1.19    2.17
 -55234.066     4.215    -0.87    1.94
 -54945.733     3.968    -0.85    1.67
 -54657.385     3.673    -1.02    1.69
 -54369.023     3.560    -0.39    1.70
 -54080.646     3.609     0.17    1.51
 -53792.254     3.288    -1.11    1.65
 -53503.847     3.148    -0.49    1.77
 -53215.425     3.099    -0.17    2.06
 -52926.988     3.427     1.14    2.48
 -52638.537     3.673     0.85    2.63
 -52350.071     3.736     0.22    2.61
 -52061.590     3.887     0.52    2.56
 -51773.094     4.001     0.40    2.71
 -51484.583     3.865    -0.47    2.54
 -51196.057     3.676    -0.66    2.44
 -50907.517     3.721     0.16    2.25
 -50618.962     3.690    -0.11    2.21
 -50330.392     3.765     0.26    2.19
 -50041.807     3.569    -0.68    2.32
 -49753.207     3.560    -0.03    2.48
 -49464.592     3.691     0.45    2.49
 -49175.963     4.289     2.07    2.80
 -48887.318     5.055     2.66    3.31
 -48598.659     6.026     3.36    3.20
 -48309.985     6.550     1.81    3.05
 -48021.296     6.898     1.20    3.05
 -47732.592     6.996     0.34    3.22
 -47443.873     6.661    -1.16    3.44
 -47155.139     6.001    -2.29    3.21
 -46866.390     5.548    -1.57    2.91
 -46577.627     5.534    -0.05    2.67
 -46288.849     5.049    -1.68    2.61
 -46000.055     4.765    -0.98    2.60
 -45711.247     4.705    -0.21    2.89
 -45422.424     4.736     0.11    2.85
 -45133.586     4.389    -1.20    2.69
 -44844.733     4.258    -0.45    2.36
 -44555.865     4.004    -0.88    1.83
 -44266.983     3.902    -0.35    1.83
 -43978.085     3.927     0.09    1.83
 -43689.173     3.947     0.07    1.83
 -43400.245     3.898    -0.17    2.01
 -43111.303     3.824    -0.25    1.94
 -42822.345     3.612    -0.74    1.87
 -42533.373     3.287    -1.12    1.56
 -42244.386     3.104    -0.63    1.55
 -41955.384     2.827    -0.96    1.29
 -41666.367     2.677    -0.52    1.30
 -41377.335     2.811     0.46    1.33
 -41088.288     2.945     0.46    1.55
 -40799.226     3.183     0.83    1.76
 -40510.149     3.461     0.96    2.07
 -40221.057     3.486     0.09    2.14
 -39931.950     3.527     0.14    2.07
 -39642.829     3.574     0.16    2.07
 -39353.692     3.557    -0.06    2.16
 -39064.540     3.621     0.22    2.06
 -38775.374     3.635     0.05    2.30
 -38486.192     3.471    -0.57    2.34
 -38196.996     3.795     1.12    2.34
 -37907.784     3.704    -0.32    2.34
 -37618.557     3.427    -0.96    2.34
 -37329.316     3.119    -1.06    2.25
 -37040.059     3.302     0.63    2.34
 -36750.788     3.351     0.17    2.26
 -36461.501     3.586     0.81    2.44
 -36172.200     3.542    -0.15    2.44
 -35882.883     3.705     0.56    2.29
 -35593.552     3.690    -0.05    2.32
 -35304.205     3.571    -0.41    2.13
 -35014.844     3.508    -0.22    2.02
 -34725.467     3.273    -0.81    2.09
 -34436.076     3.079    -0.67    2.09
 -34146.669     3.075    -0.01    2.05
 -33857.248     2.856    -0.76    1.90
 -33567.811     2.872     0.05    1.96
 -33278.359     2.839    -0.11    1.96
 -32988.893     2.557    -0.98    1.37
 -32699.411     2.394    -0.56    1.31
 -32409.914     2.437     0.15    1.46
 -32120.402     2.476     0.13    1.50
 -31830.876     2.563     0.30    1.79
 -31541.334     2.504    -0.20    1.81
 -31251.777     2.721     0.75    1.94
 -30962.205     2.560    -0.56    2.23
 -30672.618     2.780     0.76    2.20
 -30383.016     3.085     1.05    2.28
 -30093.399     3.318     0.80    2.50
 -29803.767     3.427     0.38    2.35
 -29514.119     3.658     0.80    2.15
 -29224.457     3.659     0.01    1.88
 -28934.780     3.646    -0.05    1.95
 -28645.087     3.339    -1.06    1.92
 -28355.380     3.037    -1.04    1.92
 -28065.657     2.345    -2.39    1.59
 -27775.919     1.780    -1.95    1.56
 -27486.166     1.467    -1.08    1.46
 -27196.399     1.250    -0.75    1.39
 -26906.616     1.015    -0.81    1.33
 -26616.818     0.650    -1.26    1.48
 -26327.004     0.623    -0.09    1.45
 -26037.176     0.894     0.94    1.52
 -25747.333     0.989     0.33    1.43
 -25457.474     1.089     0.34    1.52
 -25167.601     1.235     0.50    1.37
 -24877.712     1.422     0.65    1.34
 -24587.808     1.737     1.09    1.33
 -24297.889     1.648    -0.31    1.31
 -24007.955     1.635    -0.04    1.29
 -23718.006     1.765     0.45    1.36
 -23428.042     1.942     0.61    1.39
 -23138.062     1.978     0.12    1.45
 -22848.068     2.060     0.28    1.40
 -22558.058     2.064     0.02    1.38
 -22271.226     2.168     0.36    1.40
 -21984.422     2.137    -0.11    1.30
 -21697.604     1.939    -0.69    1.29
 -21410.771     1.889    -0.18    1.19
 -21123.923     1.780    -0.38    1.24
 -20837.061     1.735    -0.16    1.22
 -20550.183     1.838     0.36    1.31
 -20263.291     1.794    -0.15    1.46
 -19976.384     1.823     0.10    1.55
 -19689.463     2.380     1.94    2.45
 -19402.526     2.721     1.19    2.89
 -19115.575     2.648    -0.25    3.17
 -18828.609     2.311    -1.17    3.49
 -18541.628     1.826    -1.69    3.68
 -18254.633     1.354    -1.65    3.94
 -17967.623     0.604    -2.61    3.62
 -17680.598     0.208    -1.38    3.50
 -17393.558    -0.161    -1.29    3.37
 -17106.503    -0.367    -0.72    3.41
 -16819.433    -0.682    -1.10    3.18
 -16532.349    -0.628     0.19    3.15
 -16245.250    -0.749    -0.42    2.99
 -15958.136    -0.529     0.77    2.91
 -15671.008    -0.220     1.07    3.04
 -15383.864     0.251     1.64    3.14
 -15096.706     1.012     2.65    3.48
 -14809.532     1.708     2.42    3.46
 -14522.344     2.190     1.68    3.31
 -14235.142     2.913     2.52    3.05
 -13947.924     3.417     1.76    2.78
 -13660.692     4.012     2.07    2.54
 -13373.444     4.494     1.68    2.17
 -13086.182     5.124     2.19    2.05
 -12798.905     5.437     1.09    2.06
 -12511.613     5.796     1.25    1.81
 -12224.307     5.841     0.16    2.00
 -11936.985     5.663    -0.62    2.15
 -11649.649     5.432    -0.80    2.29
 -11362.298     5.452     0.07    2.32
 -11074.931     4.954    -1.73    2.31
 -10787.551     4.360    -2.07    2.20
 -10500.155     4.015    -1.20    1.90
 -10212.744     3.452    -1.96    1.73
  -9925.318     3.310    -0.50    1.74
  -9637.878     3.205    -0.36    1.82
  -9350.423     2.852    -1.23    1.99
  -9062.953     2.765    -0.30    1.93
  -8775.468     2.691    -0.26    1.84
  -8487.968     2.913     0.77    1.84
  -8200.453     3.034     0.42    1.71
  -7912.923     2.885    -0.52    1.65
  -7625.379     2.887     0.01    1.62
  -7337.819     3.228     1.19    1.50
  -7050.245     3.604     1.31    1.77
  -6762.655     3.900     1.03    1.67
  -6475.051     3.949     0.17    1.65
  -6187.432     3.965     0.06    1.36
  -5899.798     4.019     0.19    1.44
  -5612.149     3.913    -0.37    1.48
  -5324.485     3.765    -0.51    1.65
  -5036.806     3.795     0.10    1.77
  -4749.113     3.965     0.59    1.72
  -4461.404     4.037     0.25    1.71
  -4173.681     4.287     0.87    2.02
  -3885.942     4.538     0.87    2.08
  -3598.189     4.721     0.64    2.00
  -3310.420     4.781     0.21    2.12
  -3022.637     4.889     0.38    2.31
  -2734.839     5.310     1.46    2.48
  -2447.026     5.633     1.12    2.67
  -2159.198     6.653     3.54    2.91
  -1871.354     7.323     2.33    3.00
  -1583.496     7.942     2.15    3.13
  -1295.623     7.207    -2.55    4.36
  -1007.736     6.387    -2.85    5.22
   -719.833     4.997    -4.83    5.76
   -431.915     3.302    -5.89    5.62
   -143.982     3.194    -0.37    5.65
    143.966     2.737    -1.59    4.91
    431.929     2.646    -0.32    4.47
    719.906     3.692     3.63    4.37
   1007.899     4.250     1.94    3.92
   1295.907     4.432     0.63    3.50
   1583.930     3.383    -3.64    3.45
   1871.967     2.015    -4.75    2.54
   2160.020     1.251    -2.65    2.41
   2448.088     0.737    -1.79    2.27
   2736.170    -0.011    -2.59    2.33
   3024.268    -0.533    -1.81    2.30
   3312.381    -0.977    -1.54    2.24
   3600.509    -1.352    -1.30    2.28
   3888.651    -1.988    -2.21    2.10
   4176.809    -2.535    -1.90    2.07
   4464.982    -2.887    -1.22    1.96
   4753.170    -3.249    -1.26    1.93
   5041.372    -3.646    -1.38    1.77
   5329.590    -3.568     0.27    1.62
   5617.823    -3.712    -0.50    1.56
   5906.071    -3.863    -0.52    1.60
   6194.334    -4.061    -0.69    1.57
   6482.612    -4.035     0.09    1.45
   6770.905    -3.970     0.22    1.41
   7059.213    -4.026    -0.19    1.46
   7347.536    -3.992     0.12    1.67
   7635.874    -3.742     0.87    1.76
   7924.227    -3.705     0.13    1.85
   8212.595    -3.558     0.51    1.89
   8500.979    -3.460     0.34    1.85
   8789.377    -3.292     0.58    1.86
   9077.790    -3.075     0.75    2.08
   9366.219    -3.146    -0.25    1.99
   9654.662    -3.235    -0.31    1.92
   9943.121    -3.249    -0.05    2.04
  10231.595    -3.677    -1.48    2.00
  10520.084    -4.061    -1.33    1.95
  10808.587    -4.220    -0.55    1.99
  11097.106    -4.014     0.72    2.01
  11385.640    -3.727     0.99    2.15
  11674.190    -3.325     1.39    2.23
  11962.754    -2.992     1.16    2.23
  12251.333    -2.764     0.79    2.24
  12539.928    -2.602     0.56    2.18
  12828.537    -2.911    -1.07    2.15
  13117.162    -3.077    -0.58    1.96
  13405.801    -3.449    -1.29    1.69
  13694.456    -3.499    -0.17    1.70
  13983.126    -3.610    -0.38    1.49
  14271.811    -3.543     0.23    1.53
  14560.511    -3.808    -0.92    1.70
  14849.227    -3.640     0.58    1.79
  15137.957    -3.601     0.14    1.73
  15426.703    -3.764    -0.57    1.83
  15715.464    -3.617     0.51    1.87
  16004.239    -3.628    -0.04    1.87
  16293.030    -3.142     1.68    2.38
  16581.836    -2.087     3.65    2.80
  16870.658    -1.029     3.67    3.41
  17159.494     0.498     5.29    3.59
  17448.346     1.621     3.89    3.26
  17737.212     2.691     3.71    2.90
  18026.094     3.530     2.91    2.71
  18314.991     4.175     2.23    2.67
  18603.904     4.780     2.10    2.60
  18892.831     5.200     1.45    2.33
  19181.773     5.494     1.02    2.17
  19470.731     5.423    -0.25    2.59
  19759.704     5.213    -0.72    2.65
  20048.692     4.883    -1.14    2.82
  20337.695     4.493    -1.35    2.77
  20626.714     4.462    -0.10    2.53
  20915.747     4.273    -0.66    2.16
  21204.796     3.974    -1.03    1.72
  21493.860     3.965    -0.03    1.55
  21782.939     4.041     0.26    1.57
  22072.034     4.417     1.30    1.41
  22361.143     4.392    -0.09    1.37
  22650.268     4.363    -0.10    1.60
  22939.408     4.104    -0.90    1.90
  23228.563     3.722    -1.32    1.94
  23517.734     3.580    -0.49    2.09
  23806.919     3.258    -1.11    2.30
  24096.120     3.133    -0.43    2.37
  24385.336     3.368     0.81    2.92
  24674.568     4.372     3.47    3.11
  24963.814     5.094     2.50    2.87
  25253.076     5.165     0.25    2.63
  25542.353     4.974    -0.66    2.79
  25831.645     4.457    -1.79    3.65
  26120.953     3.616    -2.91    3.67
  26410.275     3.019    -2.06    3.19
  26699.613     2.273    -2.58    3.02
  26988.967     1.265    -3.48    3.38
  27278.335     0.413    -2.95    3.57
  27567.719    -0.429    -2.91    3.76
  27857.118    -1.092    -2.29    3.90
  28146.532    -1.463    -1.28    3.93
  28435.962    -1.644    -0.62    3.91
  28725.406    -0.867     2.68    3.99
  29014.866     0.586     5.02    3.79
  29304.342     1.084     1.72    3.78
  29593.832     1.852     2.65    3.89
  29883.338     2.751     3.10    3.57
  30172.859     3.692     3.25    3.82
  30462.396     5.168     5.10    4.26
  30751.948     6.604     4.96    4.64
  31041.515     9.053     8.46    4.92
  31331.097    11.354     7.94    5.14
  31620.695    13.080     5.96    4.93
  31910.308    14.168     3.76    4.31
  32199.936    14.331     0.56    4.29
  32489.579    14.084    -0.85    4.87
  32779.238    14.144     0.21    4.96
  33068.912    12.633    -5.22    6.12
  33358.602    11.467    -4.03    5.91
  33648.307    10.980    -1.68    5.44
  33938.027    11.151     0.59    5.83
  34227.762    11.577     1.47    5.83
  34517.513    11.442    -0.47    5.37
  34807.279    11.447     0.02    5.36
  35097.061    12.089     2.21    5.09
  35386.858    12.128     0.13    4.85
  35676.670    12.345     0.75    4.82
  35966.497    12.265    -0.28    4.24
  36256.340    12.927     2.28    4.33
  36546.198    14.795     6.45    5.04
  36836.072    16.796     6.90    4.79
  37125.961    18.289     5.15    5.02
  37415.865    20.094     6.23    5.27
  37705.784    21.868     6.12    4.88
  37995.719    22.851     3.39    4.49
  38285.670    22.694    -0.54    4.74
  38575.635    21.751    -3.25    5.98
  38865.617    19.251    -8.62    6.97
  39155.613    17.159    -7.21    6.76
  39445.625    15.900    -4.34    6.18
  39733.992    14.765    -3.93    4.51
  40020.753    15.012     0.86    4.29
  40307.529    16.080     3.72    5.25
  40594.320    18.133     7.16    5.60
  40881.125    20.387     7.86    5.18
  41167.946    22.417     7.08    4.50
  41454.782    23.372     3.33    4.00
  41741.633    23.794     1.47    3.87
  42028.498    23.633    -0.56    4.60
  42315.379    22.465    -4.07    4.97
  42602.275    21.026    -5.02    5.20
  42889.185    19.942    -3.78    4.67
  43176.111    19.236    -2.46    3.87
  43463.052    19.676     1.53    4.12
  43750.008    20.589     3.18    4.46
  44036.978    22.360     6.17    5.02
  44323.964    24.505     7.47    5.17
  44610.965    26.568     7.19    4.54
  44897.981    27.913     4.68    3.62
  45185.012    28.331     1.46    3.68
  45472.058    28.372     0.14    4.14
  45759.119    27.720    -2.27    5.21
  46046.195    26.398    -4.61    5.58
  46333.286    25.974    -1.47    4.92
  46620.392    25.537    -1.52    4.74
  46907.513    24.837    -2.44    4.98
  47194.649    24.650    -0.65    4.83
  47481.800    25.070     1.46    4.97
  47768.967    25.825     2.63    5.00
  48056.148    26.501     2.35    4.91
  48343.344    27.273     2.69    5.07
  48630.556    29.163     6.58    5.39
  48917.783    30.133     3.38    4.94
  49205.024    30.932     2.78    4.41
  49492.281    30.451    -1.67    4.88
  49779.553    29.480    -3.38    5.57
  50066.840    28.326    -4.02    5.66
  50354.142    26.589    -6.05    5.59
  50641.459    24.318    -7.91    5.95
  50928.791    22.664    -5.76    5.59
  51216.138    22.037    -2.18    5.27
  51503.500    22.471     1.51    5.23
  51790.878    23.295     2.87    5.22
  52078.270    24.139     2.94    4.98
  52365.678    25.303     4.05    4.88
  52653.101    27.168     6.49    4.22
  52940.538    28.467     4.52    3.61
  53227.991    28.751     0.99    3.74
  53515.459    27.913    -2.92    4.58
  53802.943    25.865    -7.12    6.03
  54090.441    24.094    -6.16    6.39
  54377.954    23.133    -3.34    5.98
  54665.483    22.295    -2.92    5.37
  54953.027    22.326     0.11    5.03
  55240.586    22.736     1.42    4.78
  55528.160    22.865     0.45    4.82
  55815.749    22.631    -0.81    4.69
  56103.353    22.137    -1.72    5.07
  56390.972    22.236     0.34    5.13
  56678.607    22.250     0.05    4.76
  56966.257    22.707     1.59    5.27
  57253.922    24.228     5.29    5.59
  57541.602    26.302     7.21    4.56
  57829.297    27.157     2.97    4.18
  58117.007    26.823    -1.16    4.57
  58404.733    26.451    -1.29    4.85
  58692.474    25.318    -3.94    5.36
  58980.229    23.795    -5.29    5.53
  59268.000    22.690    -3.84    4.70
  59555.787    21.917    -2.69    4.69
  59843.588    22.133     0.75    4.19
  60131.405    21.824    -1.07    4.57
  60419.237    21.456    -1.28    4.52
  60707.084    20.461    -3.46    4.92
  60994.946    19.592    -3.02    5.11
  61282.823    18.648    -3.28    5.16
  61570.716    18.094    -1.92    5.24
  61858.623    18.265     0.60    4.52
  62146.546    17.606    -2.29    4.64
  62434.485    16.838    -2.67    5.26
  62722.438    16.399    -1.52    5.40
  63010.407    16.001    -1.38    5.52
  63298.391    14.765    -4.29    5.22
  63586.390    14.614    -0.53    5.24
  63874.404    14.689     0.26    5.45
  64162.434    15.060     1.29    5.19
  64450.478    14.954    -0.37    5.08
  64738.538    15.043     0.31    5.03
  65026.614    15.537     1.71    5.01
  65314.704    15.580     0.15    4.85
  65602.810    15.060    -1.81    4.87
  65890.931    15.181     0.42    4.81
  66179.067    15.104    -0.27    5.11
  66467.218    15.180     0.26    5.33
  66755.385    14.751    -1.49    5.67
  67043.567    14.118    -2.20    5.95
  67331.764    13.476    -2.23    6.35
  67619.977    13.765     1.01    6.77
  67908.205    14.432     2.31    7.15
  68196.448    16.227     6.23    7.93
  68484.706    17.519     4.48    8.29
  68772.980    20.118     9.02   10.48
  69061.269    22.554     8.45   10.98
  69349.573    24.403     6.41   11.13
  69637.892    24.432     0.10   11.70
  69926.227    22.427    -6.95   12.93
  70214.577    21.497    -3.23   13.53
  70502.942    20.471    -3.56   14.34
  70791.323    15.637   -16.77   12.74
  71079.719    12.084   -12.32   10.66
  71368.130     9.709    -8.24    7.32
  71656.557     8.389    -4.58    4.35
  71944.998     8.198    -0.66    3.23
  72233.456     8.213     0.05    3.13
  72521.928     8.569     1.23    2.89
  72810.416     8.721     0.53    2.63
  73098.919     8.244    -1.66    2.42
  73387.437     7.737    -1.76    2.15
  73675.971     7.194    -1.88    1.58
  73964.520     7.280     0.30    1.45
  74253.085     7.486     0.71    1.47
  74541.664     7.318    -0.58    1.52
  74830.260     7.557     0.83    1.65
  75118.870     8.030     1.64    1.70
  75407.496     8.442     1.43    1.64
  75696.137     8.794     1.22    1.66
  75984.793     8.751    -0.15    1.70
  76273.465     8.896     0.50    1.72
  76562.153     8.927     0.11    1.65
  76850.855     8.721    -0.72    1.77
  77139.573     8.501    -0.76    1.81
  77428.306     8.351    -0.52    1.73
  77717.055     8.165    -0.64    1.60
  78005.819     7.880    -0.99    1.58
  78294.599     7.839    -0.14    1.56
  78583.393     7.839     0.00    1.40
  78872.204     7.887     0.17    1.44
  79161.029     8.165     0.97    1.53
  79449.870     8.442     0.96    1.70
  79738.726     8.679     0.82    1.54
  80027.598     8.892     0.74    1.79
  80316.485     8.906     0.05    1.76
  80605.388     9.148     0.84    1.80
  80894.306     9.486     1.17    1.84
  81183.239     9.427    -0.20    1.80
  81472.188     9.398    -0.10    1.80
  81761.152     9.385    -0.04    1.69
  82050.132     9.548     0.56    1.68
  82339.127     9.679     0.45    1.93
  82628.137     9.512    -0.58    1.99
  82917.163     9.295    -0.75    1.97
  83206.205     9.069    -0.78    2.21
  83495.261     8.945    -0.43    2.36
  83784.334     8.839    -0.37    2.54
  84073.421     8.648    -0.66    2.35
  84362.524     8.442    -0.71    2.38
  84651.643     8.437    -0.02    2.41
  84940.777     8.557     0.41    2.48
  85229.926     8.677     0.42    2.50
  85519.091     8.586    -0.31    2.36
  85808.271     8.751     0.57    2.40
  86097.467     8.851     0.35    2.38
  86386.678     9.109     0.89    2.38
  86675.905     9.310     0.69    2.31
  86965.147     9.604     1.02    2.07
  87254.405     9.825     0.77    1.78
  87543.678     9.957     0.45    1.62
  87832.966    10.049     0.32    1.51
  88122.271     9.942    -0.37    1.54
  88411.590    10.287     1.19    1.62
  88700.925    10.345     0.20    1.74
  88990.276    11.133     2.72    3.03
  89279.642    11.780     2.24    3.81
  89569.023    12.913     3.91    5.61
  89858.420    13.569     2.27    6.45
  90147.833    14.423     2.95    6.87
  90437.261    15.540     3.86    7.25
  90726.704    17.577     7.04    8.77
  91016.164    19.515     6.70    9.53
  91305.638    22.930    11.80   10.43
  91595.128    24.675     6.03   10.43
  91884.634    27.015     8.09   11.33
  92174.155    28.243     4.24   11.73
  92463.692    29.508     4.37   11.39
  92753.244    30.894     4.79   11.21
  93042.812    33.637     9.47   11.93
  93332.395    37.237    12.43   13.47
  93621.994    39.661     8.37   14.66
  93911.608    42.442     9.60   13.94
  94201.238    47.064    15.96   13.70
  94490.883    49.186     7.33   12.72
  94780.544    51.008     6.29   12.84
  95070.221    52.635     5.62   12.66
  95359.913    53.851     4.20   11.54
  95649.621    55.721     6.45   10.50
  95939.344    56.079     1.24    9.44
  96229.083    57.030     3.28    8.98
  96518.837    57.505     1.64    8.20
  96808.607    58.823     4.55    8.73
  97098.393    60.251     4.93    9.60
  97388.194    61.968     5.93   10.38
  97678.010    63.265     4.48   11.90
  97967.843    66.084     9.72   11.53
  98257.691    67.614     5.28   12.29
  98547.554    68.736     3.87   13.54
  98837.433    67.229    -5.20   15.76
  99127.328    65.850    -4.76   17.37
  99417.238    63.611    -7.73   18.53
  99707.164    60.034   -12.34   18.49
  99997.106    59.221    -2.80   18.27
 100287.063    60.945     5.94   18.10
 100577.035    63.618     9.22   18.54
 100867.024    65.635     6.95   17.05
 101157.028    66.867     4.25   15.12
 101447.047    68.971     7.26   14.23
 101737.020    71.295     8.01   14.02
 102023.732    74.442    10.98   12.56
 102310.460    77.646    11.18   11.92
 102597.203    79.661     7.03   11.57
 102883.961    83.442    13.19   12.14
 103170.735    86.881    11.99   12.14
 103457.523    90.608    13.00   12.80
 103744.327    95.865    18.33   12.91
 104031.146    98.971    10.83   13.05
 104317.981   102.015    10.61   13.95
 104604.830   104.840     9.85   14.91
 104891.695   104.675    -0.58   16.06
 105178.575   102.809    -6.50   18.27
 105465.470    97.389   -18.89   21.29
 105752.381    90.307   -24.68   23.99
 106039.307    82.637   -26.73   24.15
 106326.248    74.128   -29.66   22.61
 106613.204    67.795   -22.07   19.87
 106900.175    62.208   -19.47   17.73
 107187.162    59.780    -8.46   16.28
 107474.164    60.037     0.89   15.57
 107761.182    60.794     2.64   15.92
 108048.214    63.682    10.06   16.62
 108335.262    66.142     8.57   15.67
 108622.325    69.989    13.40   15.65
 108909.404    73.736    13.05   15.39
 109196.497    74.422     2.39   14.79
 109483.606    77.442    10.52   15.41
 109770.731    78.867     4.96   15.34
 110057.870    79.680     2.83   14.64
 110345.025    81.723     7.11   14.32
 110632.195    84.693    10.34   14.57
 110919.381    88.180    12.14   15.72
 111206.581    89.826     5.73   16.71
 111493.798    89.885     0.20   17.39
 111781.029    94.854    17.30   17.21
 112068.276    95.331     1.66   18.31
 112355.538    97.565     7.78   18.00
 112642.815    97.577     0.04   16.80
 112930.108    97.780     0.70   15.53
 113217.416    99.163     4.81   14.29
 113504.739    99.437     0.96   12.78
 113792.078   100.560     3.91   12.11
 114079.431   101.383     2.87   10.79
 114366.801   101.160    -0.78   10.06
 114654.185   101.880     2.51   10.56
 114941.585   102.186     1.06   10.77
 115229.001   102.437     0.87   10.29
 115516.431   101.295    -3.97   11.35
 115803.877    99.781    -5.27   11.90
 116091.339    97.574    -7.68   13.21
 116378.816    93.663   -13.61   14.40
 116666.308    89.180   -15.59   14.36
 116953.815    84.413   -16.58   12.75
 117241.338    80.113   -14.96   10.39
 117528.876    75.736   -15.22    8.41
 117816.430    72.646   -10.75    7.49
 118103.999    70.139    -8.72    7.18
 118391.583    68.751    -4.83    6.18
 118679.183    68.707    -0.15    6.25
 118966.798    69.084     1.31    7.17
 119254.428    69.287     0.71    7.70
 119542.074    69.939     2.27    7.65
 119829.736    71.389     5.04    6.70
 120117.412    72.482     3.80    6.40
 120405.104    72.780     1.04    6.44
 120692.812    73.631     2.96    6.88
 120980.535    75.383     6.09    6.82
 121268.273    77.461     7.22    6.70
 121556.027    80.228     9.62    6.80
 121843.796    82.465     7.78    6.76
 122131.580    85.323     9.93    7.49
 122419.380    88.497    11.03    8.26
 122707.196    93.530    17.49   12.92
 122995.027   105.288    40.85   28.07
 123282.873   127.008    75.47   51.43
 123570.735   151.437    84.87   62.77
 123858.612   178.841    95.20   68.25
 124146.504   208.258   102.19   63.78
 124434.412   226.648    63.88   53.95
 124722.336   240.228    47.17   46.42
 125010.275   249.648    32.72   43.50
 125298.229   253.960    14.98   44.13
 125586.199   252.142    -6.31   39.81
 125874.184   252.505     1.26   35.17
 126162.185   249.983    -8.76   35.55
 126450.201   242.721   -25.21   44.96
 126738.233   227.945   -51.31   50.32
 127026.280   210.751   -59.70   55.10
 127314.342   187.422   -80.99   54.21
 127602.420   166.001   -74.37   49.38
 127890.514   140.457   -88.68   36.94
 128178.623   119.244   -73.64   33.18
 128466.748   106.523   -44.16   27.45
 128754.888    97.223   -32.28   24.41
 129043.043    88.168   -31.42   17.00
 129331.214    85.633    -8.80   11.67
 129619.401    90.811    17.97   19.47
 129907.603    96.360    19.26   22.85
 130195.820   103.380    24.36   26.44
 130484.053   107.497    14.29   25.17
 130772.302   112.923    18.83   22.51
 131060.566   113.237     1.09   15.98
 131348.845   112.569    -2.32   12.73
 131637.141   110.677    -6.56   14.68
 131925.451   108.163    -8.72   16.67
 132213.777   103.302   -16.86   19.17
 132502.119    96.294   -24.31   19.25
 132790.476    92.954   -11.58   17.37
 133078.849    90.824    -7.39   16.31
 133367.237    92.574     6.07   16.84
 133655.641    94.557     6.87   16.94
 133944.060    97.868    11.48   17.33
 134232.495   101.363    12.12   16.93
 134520.946   105.707    15.06   16.37
 134809.412   111.113    18.74   17.07
 135097.893   115.287    14.47   16.61
 135386.391   120.519    18.14   17.74
 135674.903   127.034    22.58   16.81
 135963.432   131.839    16.65   14.96
 136251.975   132.538     2.42   17.24
 136540.535   127.867   -16.19   19.48
 136829.110   126.465    -4.86   19.78
 137117.700   125.154    -4.55   19.08
 137406.307   123.480    -5.80   17.81
 137694.928   124.165     2.38   16.46
 137983.566   127.154    10.35   15.51
 138272.218   133.707    22.71   14.47
 138560.887   139.586    20.37   13.27
 138849.571   143.680    14.18   12.30
 139138.271   148.280    15.94   12.23
 139426.986   152.295    13.91   13.03
 139715.717   156.295    13.86   13.80
 140004.464   163.295    24.25   14.86
 140293.226   168.417    17.74   15.41
 140582.004   175.810    25.60   16.57
 140870.797   183.452    26.47   18.41
 141159.606   191.824    28.99   21.67
 141448.431   206.151    49.61   34.16
 141737.271   219.251    45.36   42.46
 142026.127   240.708    74.29   56.28
 142314.998   270.557   103.34   69.30
 142603.885   286.560    55.40   69.88
 142892.788   307.557    72.69   67.00
 143181.707   321.751    49.13   61.72
 143470.641   352.599   106.78   71.03
 143759.590   385.838   115.05   79.79
 144048.556   391.709    20.32   80.46
 144337.537   395.471    13.02   79.54
 144626.534   397.418     6.74   74.34
 144915.546   398.839     4.92   69.49
 145204.574   392.360   -22.42   68.84
 145493.618   379.836   -43.33   59.19
 145782.677   371.488   -28.88   58.29
 146071.752   368.954    -8.77   61.46
 146360.843   355.589   -46.24   61.41
 146649.950   343.750   -40.95   62.76
 146939.072   337.962   -20.02   62.66
 147228.209   328.413   -33.03   63.37
 147517.363   316.795   -40.18   61.48
 147806.532   310.137   -23.03   60.32
 148095.717   304.963   -17.89   59.85
 148384.918   299.215   -19.88   57.03
 148674.134   291.030   -28.30   56.15
 148963.366   284.527   -22.49   55.11
 149252.614   287.019     8.62   57.78
 149541.877   290.765    12.95   65.92
 149831.156   296.679    20.44   70.82
 150120.451   309.085    42.89   76.90
 150409.762   309.142     0.20   73.34
 150699.088   310.465     4.57   67.60
 150988.430   303.015   -25.75   63.71
 151277.788   295.427   -26.23   62.19
 151567.161   285.957   -32.73   58.91
 151856.551   276.465   -32.80   58.75
 152145.956   264.113   -42.69   55.10
 152435.376   257.418   -23.14   52.32
 152724.813   254.365   -10.55   51.09
 153014.265   253.960    -1.40   49.00
 153303.733   248.971   -17.23   44.79
 153593.217   245.563   -11.78   42.59
 153882.716   241.070   -15.52   40.36
 154172.231   232.337   -30.17   37.27
 154461.763   228.880   -11.94   34.66
 154751.309   220.423   -29.21   28.47
 155040.872   209.530   -37.62   21.54
 155330.450   202.486   -24.33   18.10
 155620.044   195.648   -23.62   16.00
 155909.654   191.422   -14.59   15.55
 156199.280   186.721   -16.23   14.64
 156488.922   179.722   -24.17   14.91
 156778.579   174.865   -16.77   14.10
 157068.252   171.937   -10.11   14.36
 157357.941   169.486    -8.46   15.41
 157647.646   170.618     3.91   16.02
 157937.366   172.599     6.84   17.26
 158227.102   175.037     8.42   16.85
 158516.854   179.160    14.23   16.48
 158806.622   182.339    10.97   15.25
 159096.406   184.765     8.37   13.34
 159386.206   185.915     3.97   14.70
 159676.021   187.631     5.92   16.32
 159965.852   192.221    15.84   21.29
 160255.699   196.663    15.32   24.14
 160545.562   199.765    10.71   26.09
 160835.441   203.237    11.98   25.97
 161125.335   205.123     6.51   24.80
 161415.246   205.621     1.72   25.73
 161705.172   202.538   -10.63   27.94
 161995.114   197.311   -18.03   27.66
 162285.072   192.089   -18.01   26.18
 162575.046   186.780   -18.31   26.16
 162865.036   179.385   -25.50   23.73
 163155.041   170.380   -31.06   25.12
 163445.063   162.852   -25.96   24.53
 163735.100   155.295   -26.06   22.96
 164023.387   150.736   -15.82   22.07
 164310.076   144.974   -20.10   18.02
 164596.782   136.490   -29.60   16.19
 164883.503   131.365   -17.88   15.38
 165170.239   127.252   -14.35   13.60
 165456.990   126.180    -3.74   13.39
 165743.757   124.580    -5.58   11.95
 166030.540   125.207     2.19   10.67
 166317.338   128.070     9.98   10.71
 166604.151   130.692     9.14   11.13
 166890.980   133.751    10.67   11.77
 167177.825   136.451     9.41   11.51
 167464.685   139.357    10.13   11.47
 167751.560   143.080    12.98   10.62
 168038.451   147.123    14.09   10.81
 168325.357   151.001    13.52   12.32
 168612.279   153.989    10.42   13.19
 168899.216   157.427    11.98   13.82
 169186.169   160.505    10.73   12.58
 169473.137   165.484    17.35   13.20
 169760.121   173.864    29.21   24.02
 170047.120   188.142    49.76   34.90
 170334.135   198.865    37.37   37.75
 170621.165   205.427    22.86   40.12
 170908.211   209.523    14.27   42.51
 171195.273   214.677    17.96   44.12
 171482.349   222.339    26.69   46.95
 171769.442   223.637     4.52   46.68
 172056.550   222.625    -3.53   45.19
 172343.673   228.237    19.55   46.18
 172630.812   246.287    62.87   58.58
 172917.966   280.316   118.52   78.16
 173205.136   311.781   109.58   87.10
 173492.322   341.839   104.68   93.87
 173779.523   361.368    68.01   92.71
 174066.739   365.623    14.81   88.73
 174353.972   354.208   -39.74   98.57
 174641.219   324.287  -104.18   99.07
 174928.482   291.251  -115.02   85.91
 175215.761   267.663   -82.12   68.97
 175503.056   243.124   -85.43   54.58
 175790.365   225.310   -62.01   48.21
 176077.691   213.560   -40.90   45.98
 176365.032   204.055   -33.08   47.42
 176652.389   190.374   -47.62   48.91
 176939.761   180.577   -34.10   45.60
 177227.149   171.809   -30.51   43.82
 177514.552   157.177   -50.92   37.82
 177801.971   139.942   -59.97   29.49
 178089.405   128.971   -38.17   29.41
 178376.855   120.646   -28.97   29.97
 178664.321   111.339   -32.38   22.25
 178951.802   104.723   -23.02   16.86
 179239.299    99.537   -18.04   12.89
 179526.812    96.794    -9.54   12.25
 179814.340    94.913    -6.55   10.91
 180101.884    92.986    -6.70   11.67
 180389.443    90.720    -7.88   12.18
 180677.018    89.601    -3.89   12.42
 180964.608    88.251    -4.70   12.92
 181252.215    85.037   -11.18   13.10
 181539.836    82.850    -7.60   12.30
 181827.474    81.005    -6.42   11.97
 182115.127    79.221    -6.20   11.88
 182402.796    78.560    -2.30   11.98
 182690.480    77.825    -2.55   12.71
 182978.180    77.692    -0.46   12.45
 183265.895    75.980    -5.95   12.40
 183553.627    73.650    -8.10   13.57
 183841.374    71.484    -7.53   14.48
 184129.136    69.357    -7.39   13.72
 184416.914    67.398    -6.81   13.51
 184704.708    65.074    -8.07   11.23
 184992.518    62.989    -7.25    9.72
 185280.343    64.584     5.54   10.28
 185568.184    66.937     8.18   11.83
 185856.040    69.408     8.59   12.50
 186143.912    72.529    10.84   13.12
 186431.800    76.146    12.56   12.88
 186719.704    78.287     7.44   12.10
 187007.623    80.824     8.81    9.81
 187295.558    80.108    -2.49    9.56
 187583.509    80.392     0.99    9.88
 187871.475    81.051     2.29    9.78
 188159.457    81.360     1.07   10.06
 188447.455    81.932     1.99   10.07
 188735.468    83.737     6.27   10.17
 189023.497    87.691    13.73    9.99
 189311.542    92.515    16.75    9.71
 189599.602    96.037    12.23    9.51
 189887.679    99.592    12.34    9.70
 190175.771   102.343     9.55   10.91
 190463.878   103.708     4.74   11.15
 190752.002   104.168     1.60   10.94
 191040.141   105.665     5.20   11.63
 191328.296   107.368     5.91   12.67
 191616.466   106.310    -3.67   13.96
 191904.652   108.407     7.28   14.94
 192192.855   107.737    -2.33   16.34
 192481.072   109.023     4.46   16.58
 192769.306   110.451     4.96   16.77
 193057.555   110.423    -0.10   18.07
 193345.820   109.324    -3.81   16.48
 193634.101   109.574     0.87   15.80
 193922.398   108.604    -3.37   16.19
 194210.710   110.527     6.67   16.48
 194499.038   108.680    -6.41   16.65
 194787.382   109.823     3.96   19.23
 195075.741   108.765    -3.67   19.73
 195364.117   108.523    -0.84   20.20
 195652.508   107.765    -2.63   20.26
 195940.915   105.148    -9.08   19.47
 196229.338   101.205   -13.67   18.53
 196517.776    96.721   -15.55   16.42
 196806.230    95.177    -5.35   15.41
 197094.701    93.180    -6.93   13.15
 197383.186    94.061     3.06   12.40
 197671.688    97.165    10.76   13.86
 197960.206   100.244    10.67   13.63
 198248.739   102.236     6.91   12.70
 198537.288   105.049     9.75   11.87
 198825.853   107.070     7.00   11.38
 199114.434   108.505     4.97   10.34
 199403.030   106.200    -7.99   11.51
 199691.643   105.005    -4.14   12.86
 199980.271   104.080    -3.21   13.37
 200268.915   102.452    -5.64   13.30
 200557.575   101.221    -4.26   11.41
 200846.250   100.542    -2.36   10.12
 201134.942   101.965     4.93    9.45
 201423.649   104.708     9.50    8.64
 201712.373   104.437    -0.94    8.39
 202001.112   104.694     0.89    7.87
 202289.867   104.380    -1.09    8.15
 202578.637   103.363    -3.52    9.09
 202867.424   100.957    -8.33    9.18
 203156.226    98.945    -6.97    7.84
 203445.045    98.223    -2.50    7.53
 203733.879    98.437     0.74    7.52
 204022.729    98.461     0.08    7.47
 204311.595    98.968     1.76    6.87
 204600.477   100.099     3.91    6.67
 204889.375   101.457     4.70    6.71
 205178.288   102.868     4.89    7.56
 205467.218   104.852     6.87    8.79
 205756.163   106.451     5.53    9.01
 206045.124   108.174     5.96    8.84
 206334.101   110.408     7.73    8.89
 206623.094   112.486     7.19    8.24
 206912.103   113.168     2.36    8.34
 207201.128   114.571     4.86    8.13
 207490.169   115.074     1.74    7.74
 207779.226   115.968     3.09    7.88
 208068.298   116.894     3.20    8.47
 208357.387   117.023     0.44    8.72
 208646.491   116.842    -0.62    9.07
 208935.611   117.140     1.03    8.86
 209224.748   117.010    -0.45    8.61
