#    0.008  -0.403   7.267 ;Mean Elev.(m), Avg Gradient(m/km), RMS Gradient(m/km) - SRTM1     
#    2.269   0.367   8.166 ;Mean Elev.(m), Avg Gradient(m/km), RMS Gradient(m/km) - ASTER GDEM
#    0.317  -0.535   8.066 ;Mean Elev.(m), Avg Gradient(m/km), RMS Gradient(m/km) - GMTED2010 
   1 118.957088  32.180170     9.214     7.776 10 54665.01660438 28.172
   2 118.954429  32.179705     7.605     5.380  9 54674.93224868 26.186
   3 118.952675  32.179767     5.693     5.545  9 54684.84789159 29.841
   4 118.953697  32.179598     9.755    10.818  9 54694.76353317 28.152
   5 118.958335  32.180678     6.454     6.659  9 54704.67917279 26.284
   6 118.959070  32.180959     9.311     6.450 10 54714.59482396 28.279
   7 118.958159  32.180676     6.375     5.293 10 54724.51047409 31.777
   8 118.954410  32.180557     6.401     5.478  9 54734.42612210 27.982
   9 118.948993  32.179205     6.419     6.496  9 54744.34176870 29.837
  10 118.946824  32.179617     6.464     5.348  9 54754.25741565 27.881
  11 118.947929  32.179639     5.977     5.289  8 54764.17306201 27.210
  12 118.950886  32.179255     6.840     7.559  9 54774.08870570 28.185
  13 118.953359  32.179461     5.045     4.888  9 54784.00434671 30.772
  15 118.955268  32.180490     6.811     7.105 10 54803.83562303 30.286
  16 118.956853  32.180584     8.288     6.873 10 54813.75126014 27.527
  17 118.957072  32.180715     6.494     6.722 10 54823.66690414 28.820
  18 118.955052  32.180689     7.686     7.713  9 54833.58254386 27.120
  19 118.951756  32.180632     5.268     5.081  9 54843.49819351 27.799
  20 118.947299  32.179109     5.406     5.099  8 54853.41384193 28.327
  21 118.944008  32.178616     5.953     4.994  8 54863.32949053 27.898
  22 118.942846  32.178716     7.420     6.467  7 54873.24513936 26.344
  23 118.944735  32.179666     7.766     7.590  8 54883.16078636 28.415
  24 118.947678  32.180350     7.524     7.620  8 54893.07642993 28.864
  25 118.949069  32.180454     7.916     8.593  9 54902.99207035 29.366
  26 118.948277  32.179393     7.918     8.721  8 54912.90770875 26.116
  27 118.947991  32.179914     6.908     6.629  8 54922.82334647 26.035
  28 118.949875  32.180329     7.547     8.497  9 54932.73898354 25.978
  29 118.954931  32.180682     8.940     7.912 10 54942.65461910 29.307
  30 118.960810  32.180381     7.208     7.281 10 54952.57025281 25.612
  31 118.961863  32.180446     7.069     6.692 10 54962.48589576 24.778
  32 118.958680  32.180078    10.718    10.180  9 54972.40154397 25.979
  33 118.955911  32.180419     6.076     6.371 10 54982.31719156 29.228
  34 118.950802  32.174563   152.913   153.438  5 54992.23283746  4.421
  35 118.953189  32.181098     6.699     6.923  9 55002.14848578 28.562
  36 118.952258  32.181212     8.259     8.578  9 55012.06413058 29.237
  37 118.951081  32.179859     7.246     6.975  9 55021.97977353 28.702
  38 118.950169  32.179576     6.248     5.586  9 55031.89541561 28.576
  39 118.950769  32.180767     7.785     7.726  9 55041.81105731 27.413
  40 118.953239  32.180651     6.769     6.264  9 55051.72669736 30.047
  41 118.956695  32.179955     6.874     6.960 10 55061.64233524 29.824
  42 118.958735  32.180942     8.129     7.336 10 55071.55797819 26.397
  43 118.957074  32.181206     6.316     6.483 10 55081.47362678 29.488
  44 118.953508  32.180504    10.325    11.566  9 55091.38927360 27.944
  45 118.950380  32.180523     7.520     6.897  9 55101.30492019 26.692
  46 118.948681  32.180299     6.934     5.776  9 55111.22056649 27.056
  47 118.949825  32.180008     6.946     7.234  9 55121.13621102 26.738
  48 118.953017  32.181135     6.423     6.838  9 55131.05185315 27.842
  49 118.954022  32.180127     8.201     6.363 10 55140.96749253 32.617
  50 118.953884  32.179892     8.314     8.375  9 55150.88313094 27.746
  51 118.954671  32.180625     7.464     7.690  9 55160.79876947 27.195
  52 118.955935  32.180097     6.889     7.146 10 55170.71440736 28.754
  53 118.958691  32.180553    10.108     8.688 10 55180.63004416 29.046
  54 118.956473  32.180362     7.493     7.478  9 55190.54569206 26.866
  55 118.952641  32.181110     5.988     6.712  9 55200.46134220 28.130
  56 118.948520  32.179783     7.604     8.701  8 55210.37699144 26.785
  57 118.947125  32.179767     4.953     5.108  8 55220.29264079 29.269
  58 118.947498  32.180374     6.890     6.955  8 55230.20828949 27.299
  59 118.948157  32.179297     5.912     5.714  9 55240.12393459 28.689
  60 118.949081  32.179615     7.431     6.931  9 55250.03957630 26.924
  61 118.948957  32.179822     8.515     8.416  9 55259.95521535 28.681
  62 118.949074  32.179609     7.861     8.666  8 55269.87085329 26.587
  63 118.950692  32.180214     8.078     7.677  9 55279.78649130 28.333
  64 118.953686  32.180087     7.004     7.215  9 55289.70212801 29.342
  65 118.958605  32.180749    10.278     9.144  9 55299.61776269 25.061
  66 118.959198  32.180809     6.935     6.467  9 55309.53340712 30.407
  67 118.957777  32.181208     7.267     7.256 10 55319.44905275 28.638
  68 118.955156  32.180838     6.430     5.628 10 55329.36469733 29.685
  69 118.953067  32.180257     8.006     8.292  9 55339.28034168 30.013
  70 118.952473  32.179349     6.042     5.933  9 55349.19598580 35.439
  71 118.953679  32.180360     6.263     5.886  9 55359.11162846 30.307
  72 118.953704  32.180482     5.890     5.730 10 55369.02726857 35.145
  73 118.953459  32.180096     6.277     6.245  9 55378.94290693 31.144
  74 118.954157  32.179939     7.849     7.867  9 55388.85854452 28.772
  75 118.957223  32.180501     7.005     6.519 10 55398.77418143 31.023
  76 118.959414  32.180799     7.932     6.490 10 55408.68982696 30.661
  77 118.958761  32.180626     6.587     6.361 10 55418.60547734 29.542
  78 118.956693  32.180277     7.525     7.027 10 55428.52112422 28.257
  79 118.954248  32.181135     6.783     7.046  9 55438.43676891 29.502
  80 118.951546  32.180374     6.166     6.059  9 55448.35241214 29.313
  81 118.951335  32.180348     6.749     6.035  9 55458.26805553 27.986
  82 118.952794  32.180113     6.500     5.684 10 55468.18369834 33.091
  83 118.955981  32.180528     5.902     5.233 10 55478.09933817 29.776
  84 118.958656  32.180598    10.047    10.188 10 55488.01497472 27.384
  85 118.960059  32.180353     8.639     6.881  9 55497.93060862 26.038
  86 118.959559  32.180866     4.914     3.893  9 55507.84624652 27.569
  87 118.955747  32.180203     4.889     4.022  9 55517.76189616 27.940
  88 118.954327  32.180220     6.852     7.277 10 55527.67754522 28.803
  89 118.953719  32.180578     6.864     7.372  9 55537.59319252 27.192
  90 118.952023  32.179887     6.240     5.523  9 55547.50883739 30.342
  91 118.949526  32.179657     6.969     7.871  8 55557.42448068 26.426
  92 118.948029  32.179483     6.917     6.954  8 55567.34012337 26.099
  93 118.949486  32.179288     5.642     5.250  9 55577.25576564 28.571
  94 118.953682  32.180210     6.821     5.314 10 55587.17140636 34.267
  95 118.958539  32.180939    10.578    12.287  9 55597.08704391 24.946
  96 118.960782  32.180698     9.847     7.760  9 55607.00267799 23.583
  97 118.961802  32.180687     9.042     8.263  9 55616.91830968 23.690
  98 118.959134  32.180122     6.098     5.834 10 55626.83395283 28.395
  99 118.957368  32.180965     4.990     4.968 10 55636.74960412 29.085
 100 118.956941  32.180394     8.831     7.464 10 55646.66525321 27.601
 101 118.957195  32.180016     8.433     9.090 10 55656.58089963 27.886
 102 118.957288  32.180499     5.914     6.472  9 55666.49654196 27.580
 103 118.956081  32.180329     6.508     6.558  9 55676.41218136 25.901
 104 118.955437  32.180474     6.476     6.702 10 55686.32781926 28.717
 105 118.956595  32.180610     7.780     6.989  9 55696.24345618 25.834
 106 118.959769  32.180172    10.963    11.160 10 55706.15909192 25.004
 107 118.959162  32.180693    12.280    12.762 10 55716.07474153 25.173
 108 118.956357  32.180610    11.703    10.741  9 55725.99039000 26.829
 109 118.953132  32.180423     5.854     5.661  9 55735.90603642 30.626
 110 118.950722  32.179889     5.785     5.659  8 55745.82168145 28.726
 111 118.951227  32.179979    10.434     9.058  8 55755.73732500 27.733
 112 118.955105  32.180653     5.896     5.389 10 55765.65296655 30.618
 113 118.959072  32.180737    13.126    14.028 10 55775.56860519 29.222
 114 118.961252  32.181014     8.289     8.150 10 55785.48424091 28.912
 115 118.961490  32.180944    11.269     8.711  9 55795.39987457 27.468
 116 118.960596  32.181014     7.747     7.743  9 55805.31551405 29.490
 117 118.958282  32.180057     9.876     9.498 10 55815.23116333 27.048
 118 118.959390  32.180330     9.178     7.901  9 55825.14681062 25.571
 119 118.961194  32.180666    13.146    11.929 10 55835.06245339 25.537
 120 118.962146  32.180977     9.379     7.372 10 55844.97809230 24.956
 121 118.961848  32.180579     9.965     6.986  9 55854.89372790 27.337
 122 118.960109  32.180179     9.896     9.899  9 55864.80936712 24.721
 123 118.955791  32.180084     8.462     7.476  9 55874.72501968 28.496
 124 118.955803  32.180847     5.761     5.959 10 55884.64066722 29.243
 125 118.956876  32.180530    11.070    10.626  9 55894.55630874 26.479
 126 118.959586  32.180982    11.512    11.402  9 55904.47194535 26.354
 127 118.958849  32.180697     7.877     6.917  9 55914.38758562 26.230
 128 118.953396  32.180034     6.145     5.270 10 55924.30323926 34.410
 129 118.951169  32.179826     6.158     6.334  9 55934.21889023 28.686
 130 118.952245  32.179906     7.461     8.394  9 55944.13453692 30.863
 131 118.954921  32.180675    12.702    13.982  9 55954.05017948 27.554
 132 118.956142  32.180799     8.506     6.908 10 55963.96581863 28.285
 133 118.955267  32.179987     6.787     6.785  9 55973.88145549 28.414
 134 118.956145  32.180225     8.825     7.045 10 55983.79709142 28.518
 135 118.960385  32.180727    11.516    10.548  9 55993.71272550 27.657
 136 118.960224  32.180930     7.085     5.369  9 56003.62837540 29.494
 137 118.959033  32.180344     8.375     6.931  9 56013.54402387 27.131
 138 118.957110  32.180883     5.870     5.561  9 56023.45966940 28.506
 139 118.953792  32.180044     6.688     5.404 10 56033.37531228 35.403
 140 118.952526  32.179844     6.793     5.714  9 56043.29095351 28.584
 141 118.953248  32.179420     6.244     5.596  9 56053.20659224 30.809
 142 118.957441  32.180864     9.185     7.056 10 56063.12222841 29.045
 143 118.959152  32.180987     7.192     6.215  9 56073.03787012 27.933
 144 118.955842  32.180466     6.715     6.448  9 56082.95351970 27.788
 145 118.953643  32.180744     5.629     5.492  9 56092.86916691 28.937
 146 118.952239  32.179745     6.305     5.920  9 56102.78481161 33.292
 147 118.953213  32.179504     6.130     5.796  9 56112.70044222 33.507
 148 118.956696  32.180279     6.735     6.791  9 56122.61608122 31.338
 149 118.961263  32.180929     8.010     6.713 10 56132.53171654 26.000
 150 118.962234  32.179714    10.730     6.780  9 56142.44735341 31.262
 151 118.958241  32.180056     8.031     6.079 10 56152.36300408 30.332
 152 118.955410  32.180647     8.476     7.136 10 56162.27865345 29.445
 153 118.954158  32.179777     6.421     5.873  9 56172.19430078 27.839
 154 118.956086  32.180331    11.108    10.953  9 56182.10994395 27.286
 155 118.958030  32.180836     7.782     6.462  9 56192.02558323 26.778
 156 118.958673  32.180693     5.263     4.421  9 56201.94121939 28.641
 157 118.959676  32.180743     7.105     7.329 10 56211.85685344 25.913
 158 118.961986  32.180752     6.351     6.818 10 56221.77248556 28.392
 159 118.958519  32.180381     8.915     8.861 10 56231.68813873 27.085
 160 118.956395  32.180563    12.925    13.859 10 56241.60379101 27.102
 161 118.954506  32.180255     8.380     7.217  9 56251.51943917 26.055
 162 118.953981  32.180354     7.092     6.866 10 56261.43508300 33.299
 163 118.953783  32.180076     6.148     5.340 10 56271.35072480 33.941
 164 118.955072  32.180997    11.479    12.479  9 56281.26636620 26.978
 165 118.952560  32.179909     6.635     6.644  9 56291.18201844 26.785
 166 118.952208  32.180109     5.320     5.159  9 56301.09766661 31.495
 167 118.952721  32.180624     4.933     5.202  9 56311.01331063 27.116
 168 118.952679  32.180271     3.482     3.158 10 56320.92895194 35.271
 169 118.952665  32.180333     7.010     7.000  9 56330.84459243 27.613
 170 118.954025  32.180612     5.774     5.566  9 56340.76023242 27.247
 171 118.957394  32.180943    11.700    10.281 10 56350.67587034 27.795
 172 118.960172  32.180539     8.731     6.358 10 56360.59150836 28.064
 173 118.957414  32.180786     5.424     5.335 10 56370.50715775 29.427
 175 118.950024  32.179759     4.596     4.761  8 56390.33844910 28.110
 176 118.950044  32.179622     7.110     6.257  9 56400.25409253 25.245
 177 118.952277  32.180009     5.729     5.227  9 56410.16973360 28.514
 178 118.956030  32.180522    15.039    14.030  9 56420.08537000 25.891
 179 118.958066  32.180170    13.724    13.308 10 56430.00100644 28.061
 180 118.953184  32.180087     6.837     5.564 10 56439.91665904 34.087
 181 118.949873  32.179383     8.875     8.157  9 56449.83230904 26.922
 182 118.950132  32.180006     5.674     5.793  8 56459.74795734 28.480
 183 118.951318  32.179744     5.789     5.791  9 56469.66360224 30.243
 184 118.953537  32.180594     8.567     6.151  9 56479.57924366 29.240
 185 118.955365  32.180711     5.885     5.247  9 56489.49488107 29.313
 186 118.957221  32.180771     7.037     5.038  9 56499.41051623 29.827
 187 118.960159  32.180659     8.678     7.006  9 56509.32615040 27.683
 188 118.961871  32.181027     6.923     6.769 10 56519.24179208 28.311
 189 118.959171  32.180312    11.299    11.247 10 56529.15744585 24.579
 190 118.957985  32.180905     7.512     6.816 10 56539.07309587 27.228
 191 118.955721  32.180657     6.099     5.518 10 56548.98874127 27.775
 192 118.952313  32.179630    10.343     9.587  9 56558.90438380 31.358
 193 118.951693  32.180921     5.463     5.556  9 56568.82002593 27.762
 194 118.952347  32.180161     7.041     8.005  9 56578.73566645 27.140
 195 118.956953  32.180564     6.556     6.467 10 56588.65130380 28.873
 196 118.958655  32.180489     8.368     5.611  9 56598.56694729 26.909
 197 118.955221  32.180195     6.289     5.274 10 56608.48259802 29.081
 198 118.952757  32.180996     4.800     4.998  9 56618.39824435 28.386
 199 118.950977  32.179281     4.106     3.657  9 56628.31388713 30.549
 200 118.954026  32.180738     4.715     5.044  9 56638.22952811 28.388
 201 118.956974  32.180899     5.542     5.650  9 56648.14517221 26.969
 202 118.955115  32.180124     5.478     5.349  9 56658.06082394 28.095
 203 118.952668  32.179454     6.098     5.207  9 56667.97647124 31.457
 204 118.950431  32.179188     3.993     3.879  9 56677.89211585 29.496
 205 118.950776  32.180540     4.171     3.768  9 56687.80775950 29.470
 206 118.952603  32.179968     5.299     5.502  9 56697.72340065 32.696
 207 118.957269  32.180383    10.153    12.028  9 56707.63903765 27.597
 208 118.960062  32.180171    13.056    13.351 10 56717.55467407 27.173
 209 118.952097  32.175059   152.780   153.070  4 56727.47032507  3.243
 210 118.949858  32.180255     4.820     5.220  9 56737.38597484 30.000
 211 118.946779  32.179472     5.350     5.214  8 56747.30161994 27.239
 212 118.949192  32.179935     4.873     4.833  8 56757.21726136 27.535
 213 118.954883  32.180109    11.223     8.815  9 56767.13289713 28.251
 214 118.956755  32.180929    10.071     8.602 10 56777.04854112 29.223
 215 118.951830  32.180958     6.342     6.347  9 56786.96419685 25.801
 216 118.945353  32.178543     5.245     5.201  8 56796.87984818 27.605
 217 118.943255  32.178877     5.070     4.998  7 56806.79549535 28.087
 218 118.946361  32.179471     5.396     5.332  9 56816.71113674 27.227
 219 118.951589  32.180203     5.473     5.437  9 56826.62677488 29.011
 220 118.953475  32.174525   152.742   152.954  4 56836.54240813  4.497
 221 118.960510  32.180759     7.063     5.117  9 56846.45804131 28.682
 222 118.957201  32.181013     6.429     5.869  9 56856.37369055 29.740
 223 118.952716  32.179848     6.401     6.079  9 56866.28934361 31.685
 224 118.951030  32.179983    10.567     8.465  8 56876.20499600 28.044
 225 118.949846  32.178934     7.173     6.764  9 56886.12064510 29.601
 226 118.950060  32.180026     7.894     8.052  8 56896.03629184 27.269
 227 118.948126  32.179618     5.686     5.743  9 56905.95193492 28.771
 228 118.945449  32.178573     5.632     5.581  8 56915.86757544 27.538
 229 118.945786  32.178719     5.529     5.611  8 56925.78321449 27.280
 230 118.950048  32.179699     5.585     5.706  9 56935.69885087 28.305
 231 118.957321  32.179905     6.548     6.450 10 56945.61448210 27.608
 232 118.957077  32.180250     5.859     5.438 10 56955.53013362 29.521
 233 118.954572  32.180438     6.806     5.854  9 56965.44578285 27.142
 234 118.951032  32.178968     5.329     5.487  9 56975.36142741 30.312
 235 118.951459  32.180398     9.088     7.655  9 56985.27706854 29.363
 236 118.955589  32.180433     5.985     5.615  9 56995.19270443 27.473
 237 118.959753  32.180968     7.227     6.338 10 57005.10834665 27.301
 238 118.957697  32.180942     5.365     5.392 10 57015.02400208 29.439
 239 118.954359  32.180293     5.617     5.902  9 57024.93965252 29.880
 240 118.951027  32.180028     4.980     5.222  9 57034.85530053 28.088
 241 118.950413  32.180716     4.510     4.669  9 57044.77094634 28.442
 242 118.951327  32.179552     5.598     5.638  9 57054.68658897 30.191
 243 118.955497  32.180852     5.028     5.414 10 57064.60222756 29.869
 244 118.958244  32.180314    13.802    14.422 10 57074.51786100 26.702
 245 118.960940  32.180183    11.211    11.280 10 57084.43349136 28.035
 246 118.956267  32.181070     4.854     5.160 10 57094.34914396 29.719
 247 118.950230  32.179817     6.554     5.812  9 57104.26480009 27.791
 248 118.948942  32.180273    10.713    11.796  8 57114.18045281 22.473
 249 118.950198  32.179843     5.733     5.709  9 57124.09609937 28.478
 250 118.952238  32.180370     6.158     5.811  9 57134.01174070 28.068
 251 118.954725  32.180734     9.749     8.156  9 57143.92737733 26.844
 252 118.956620  32.180234    12.637    10.459 10 57153.84301091 27.883
 253 118.959326  32.181081    10.990    10.176 10 57163.75864675 27.528
 254 118.955535  32.180037     6.390     7.031 10 57173.67430266 29.933
 255 118.954920  32.180549     6.013     5.717  9 57183.58995593 30.693
 256 118.954929  32.181101     6.387     6.117  9 57193.50560549 30.441
 257 118.953073  32.180026     6.966     6.692 10 57203.42125244 36.253
 258 118.951737  32.180518     6.208     6.250  9 57213.33688659 30.163
 259 118.951330  32.180030     6.509     6.254  9 57223.25253055 31.740
 260 118.952595  32.179880     6.122     5.802  9 57233.16817307 29.325
 261 118.954788  32.180260     9.920     8.391  9 57243.08381285 26.910
 262 118.956991  32.180649    10.459     8.492 10 57252.99944995 27.270
 263 118.958439  32.180761     7.328     5.563  9 57262.91508518 27.699
 264 118.958906  32.179873    11.594    11.866 10 57272.83072132 27.430
 265 118.955434  32.181114     5.197     4.543  9 57282.74637838 28.796
 266 118.952820  32.180140     7.093     5.070  9 57292.66203249 31.072
 267 118.951820  32.179850    10.823     9.653  9 57302.57768359 30.638
 268 118.952024  32.181125     5.396     5.573  9 57312.49333146 27.250
 269 118.950236  32.180265     5.687     5.919  9 57322.40897569 27.409
 270 118.949256  32.179891     5.288     5.457  8 57332.32461813 26.585
 271 118.949678  32.178935     6.891     7.547  9 57342.24025866 27.865
 272 118.948605  32.179900     6.764     6.506  9 57352.15591117 27.984
 273 118.950303  32.179982     5.304     5.549  9 57362.07155614 28.088
 274 118.952547  32.180269     5.364     5.617  9 57371.98719780 28.966
 275 118.953474  32.179911     7.152     6.209  9 57381.90283704 27.496
 276 118.955027  32.180242    10.978    10.917 10 57391.81847567 28.609
 277 118.958067  32.180903     9.847    10.422 10 57401.73411345 28.075
 278 118.959398  32.180252     8.618     5.609 10 57411.64975519 27.061
 279 118.956582  32.180018     8.137     6.954 10 57421.56540660 28.907
 280 118.952639  32.179583     9.666     8.480  9 57431.48105539 31.258
 281 118.949590  32.179888     5.739     5.381  9 57441.39670266 28.141
 282 118.948139  32.179300     5.407     5.568  9 57451.31234923 28.597
 283 118.948740  32.179190     5.982     5.879  9 57461.22799454 28.363
 284 118.951721  32.179108     6.560     7.237  9 57471.14363663 28.865
 285 118.955586  32.180274    11.784     9.811  9 57481.05927494 26.406
 286 118.958394  32.181227     6.722     5.494 10 57490.97490989 29.401
 287 118.960442  32.179954    12.271    13.147  9 57500.89054208 26.840
 288 118.959675  32.180731    12.079    12.575 10 57510.80618891 27.305
 289 118.956754  32.181091     6.418     6.165 10 57520.72184382 28.862
 290 118.954600  32.179693     8.594     6.977  9 57530.63749593 31.169
 291 118.954106  32.179854     6.754     7.243  9 57540.55314527 30.692
 292 118.953610  32.180216     6.116     5.752  9 57550.46879201 30.877
 293 118.952268  32.179886     6.534     6.589  9 57560.38443739 31.290
 294 118.952000  32.181017     7.816     7.804  9 57570.30008280 29.177
 295 118.951403  32.179440     7.704     7.531  9 57580.21572748 32.927
 296 118.953116  32.180216     7.730     7.792  9 57590.13137111 26.320
 297 118.953971  32.180510     7.482     6.820  9 57600.04701176 25.499
