#    3.465   0.174  11.365 ;Mean Elev.(m), Avg Gradient(m/km), RMS Gradient(m/km) - SRTM1     
#   -3.556   0.324  13.083 ;Mean Elev.(m), Avg Gradient(m/km), RMS Gradient(m/km) - ASTER GDEM
#    6.694   0.145  13.150 ;Mean Elev.(m), Avg Gradient(m/km), RMS Gradient(m/km) - GMTED2010 
   1    10.354 54665.43102967 28.74 117.221897  30.538334 20.259 -100.00 -100.00 -100.00
   1    10.421 54665.43103026 26.08 117.223169  30.535926 13.170 -100.00 -100.00 -100.00
   1    10.768 54665.43103085 28.86 117.224441  30.533518 21.612 -100.00 -100.00 -100.00
   3    11.265 54685.26231731 28.42 117.221772  30.538591 15.360 -100.00 -100.00 -100.00
   3    11.601 54685.26231790 25.63 117.223044  30.536182  9.108 -100.00 -100.00 -100.00
   3    11.653 54685.26231849 32.38 117.224316  30.533774 29.144 -100.00 -100.00 -100.00
   4    10.668 54695.17795940 29.30 117.224186  30.538634 20.325 -100.00 -100.00 -100.00
   4    11.087 54695.17795999 27.76 117.225458  30.536226 15.554 -100.00 -100.00 -100.00
   4    10.912 54695.17796058 30.95 117.226730  30.533817 29.587 -100.00 -100.00 -100.00
   5    11.581 54705.09359885 29.89 117.226264  30.539534 21.721 -100.00 -100.00 -100.00
   5    11.942 54705.09359944 26.17 117.227536  30.537126 10.579 -100.00 -100.00 -100.00
   5    12.145 54705.09360003 25.05 117.228809  30.534718 10.141 -100.00 -100.00 -100.00
   5    12.172 54705.09360062 29.14 117.230081  30.532309 21.304 -100.00 -100.00 -100.00
   6    12.761 54715.00925054 30.75 117.222922  30.539380 19.915 -100.00 -100.00 -100.00
   6    12.648 54715.00925113 29.22 117.224194  30.536972 21.387 -100.00 -100.00 -100.00
   6    12.864 54715.00925172 29.61 117.225467  30.534564 22.254 -100.00 -100.00 -100.00
   6    12.951 54715.00925232 34.53 117.226739  30.532155   -100 -100.00 -100.00 -100.00
   7    12.446 54724.92490092 27.26 117.219444  30.537964 15.238 -100.00 -100.00 -100.00
   7    12.449 54724.92490151 28.54 117.220717  30.535556 21.173 -100.00 -100.00 -100.00
   7    12.455 54724.92490210 30.11 117.221989  30.533148 24.205 -100.00 -100.00 -100.00
   8    10.230 54734.84054892 32.07 117.215562  30.537091   -100 -100.00 -100.00 -100.00
   8    11.355 54734.84054951 28.09 117.216834  30.534683 19.139 -100.00 -100.00 -100.00
   8    11.703 54734.84055010 30.04 117.218107  30.532275 24.409 -100.00 -100.00 -100.00
   9    10.524 54744.75619550 30.18 117.213205  30.537406 23.650  238.85  243.77  237.32
   9    11.135 54744.75619609 27.19 117.214477  30.534998 14.171  238.85  243.77  237.32
   9    11.277 54744.75619668 27.05 117.215749  30.532590 15.194  238.85  243.77  237.32
  10    10.421 54754.67184162 32.89 117.212844  30.538133   -100 -100.00 -100.00 -100.00
  10    10.470 54754.67184221 29.61 117.214117  30.535725 21.988 -100.00 -100.00 -100.00
  10    11.058 54754.67184280 28.76 117.215389  30.533317 22.140 -100.00 -100.00 -100.00
  11    10.410 54764.58748728 29.90 117.214590  30.536764 12.166  239.86  249.98  242.05
  11    10.064 54764.58748787 29.65 117.215862  30.534356 10.975  239.86  249.98  242.05
  11    10.531 54764.58748846 31.74 117.217135  30.531947 14.397  239.86  249.98  242.05
  12    10.284 54774.50312981 30.81 117.215031  30.536743 10.871  241.38  248.92  241.13
  12    10.133 54774.50313040 30.35 117.216303  30.534335 10.191  241.38  248.92  241.13
  12    10.640 54774.50313099 31.33 117.217576  30.531927  9.248  241.38  248.92  241.13
  13    10.720 54784.41876974 30.26 117.214807  30.537033 13.742  234.17  238.83  235.21
  13    10.962 54784.41877033 30.70 117.216079  30.534625 13.565  234.17  238.83  235.21
  13    10.960 54784.41877092 30.63 117.217352  30.532216 13.104  234.17  238.83  235.21
  14    10.306 54794.33440813 31.79 117.215706  30.537522 16.399 -100.00 -100.00 -100.00
  14    10.192 54794.33440872 30.80 117.216979  30.535114 15.031 -100.00 -100.00 -100.00
  14    10.863 54794.33440931 28.68 117.218251  30.532706 10.709 -100.00 -100.00 -100.00
  15    10.187 54804.25004590 38.47 117.218410  30.539168   -100 -100.00 -100.00 -100.00
  15    10.453 54804.25004649 29.71 117.219683  30.536759 23.814 -100.00 -100.00 -100.00
  15    10.642 54804.25004708 26.35 117.220955  30.534351 13.874 -100.00 -100.00 -100.00
  15    10.761 54804.25004767 27.75 117.222228  30.531943 18.420 -100.00 -100.00 -100.00
  16    10.527 54814.16568403 29.24 117.222961  30.538411 19.532 -100.00 -100.00 -100.00
  16    10.483 54814.16568462 27.82 117.224233  30.536002 19.410 -100.00 -100.00 -100.00
  16    10.399 54814.16568521 26.82 117.225505  30.533594 17.617 -100.00 -100.00 -100.00
  17    10.563 54824.08132904 31.86 117.222776  30.539265 31.220 -100.00 -100.00 -100.00
  17    10.102 54824.08132963 30.51 117.224049  30.536856 28.981 -100.00 -100.00 -100.00
  17    10.341 54824.08133022 27.63 117.225321  30.534448 18.614 -100.00 -100.00 -100.00
  17    10.437 54824.08133081 27.14 117.226593  30.532040 18.976 -100.00 -100.00 -100.00
  18    10.176 54833.99696926 33.36 117.219451  30.538516   -100  234.29  235.62  235.29
  18    10.210 54833.99696985 26.85 117.220723  30.536108 19.064  234.29  235.62  235.29
  18    10.441 54833.99697044 26.90 117.221995  30.533700 17.516  234.29  235.62  235.29
  19     9.776 54843.91261942 37.22 117.216190  30.537565 28.986 -100.00 -100.00 -100.00
  19    10.269 54843.91262001 28.64 117.217462  30.535157  6.278 -100.00 -100.00 -100.00
  19    10.339 54843.91262061 28.93 117.218735  30.532749  7.601 -100.00 -100.00 -100.00
  20    10.228 54853.82826849 30.28 117.214515  30.537124 25.447  230.81  231.49  232.06
  20    10.052 54853.82826908 31.11 117.215787  30.534716 31.502  230.81  231.49  232.06
  20    10.564 54853.82826967 27.14 117.217059  30.532308 17.362  230.81  231.49  232.06
  21    10.045 54863.74391729 29.28 117.214626  30.536705  8.841  237.89  241.71  238.55
  21     9.932 54863.74391788 29.00 117.215898  30.534297  9.570  237.89  241.71  238.55
  21    10.359 54863.74391847 29.82 117.217170  30.531889 10.110  237.89  241.71  238.55
  22     9.877 54873.65956553 30.44 117.214488  30.537198  9.467  242.67  246.21  241.17
  22     9.780 54873.65956613 30.82 117.215760  30.534790 10.335  242.67  246.21  241.17
  22     9.346 54873.65956672 30.91 117.217032  30.532382 11.067  242.67  246.21  241.17
  23    10.021 54883.57521141 33.47 117.214301  30.537346 17.090  234.06  243.37  240.28
  23    10.068 54883.57521200 29.30 117.215573  30.534938  7.760  234.06  243.37  240.28
  23    10.359 54883.57521259 29.20 117.216845  30.532530  7.069  234.06  243.37  240.28
  24    10.462 54893.49085367 35.46 117.212637  30.537996 30.651  218.82  225.59  226.28
  24    12.462 54893.49085426 31.77 117.213909  30.535588 17.284  218.82  225.59  226.28
  24    11.214 54893.49085485 29.53 117.215181  30.533180 14.183  218.82  225.59  226.28
  25    10.377 54903.40649366 34.30 117.211179  30.537121 20.894  220.75  224.95  224.37
  25    10.745 54903.40649425 31.13 117.212451  30.534713 11.215  220.75  224.95  224.37
  25    11.170 54903.40649484 30.62 117.213724  30.532305  9.764  220.75  224.95  224.37
  26    10.575 54913.32213240 32.20 117.210566  30.537713 23.382  233.68  242.70  242.95
  26    10.724 54913.32213299 29.74 117.211839  30.535305 15.870  233.68  242.70  242.95
  26    11.216 54913.32213358 28.57 117.213111  30.532897 12.261  233.68  242.70  242.95
  27    10.797 54923.23777076 36.05 117.211898  30.538246   -100  239.72  245.63  246.04
  27    10.737 54923.23777135 30.20 117.213170  30.535838 18.077  239.72  245.63  246.04
  27    10.909 54923.23777194 27.61 117.214442  30.533430 12.662  239.72  245.63  246.04
  28    10.595 54933.15340890 33.03 117.215698  30.537653 20.033  246.94  254.94  246.13
  28    10.557 54933.15340949 29.22 117.216970  30.535245 12.200  246.94  254.94  246.13
  28    11.299 54933.15341008 26.65 117.218243  30.532837  6.742  246.94  254.94  246.13
  29    10.494 54943.06904494 33.78 117.219437  30.538278 31.791 -100.00 -100.00 -100.00
  29    10.377 54943.06904553 29.11 117.220710  30.535870 17.314 -100.00 -100.00 -100.00
  29    10.981 54943.06904612 26.22 117.221982  30.533462 10.119 -100.00 -100.00 -100.00
  30    10.484 54952.98467899 31.02 117.222384  30.538586 21.468 -100.00 -100.00 -100.00
  30    10.318 54952.98467958 27.93 117.223656  30.536178 15.360 -100.00 -100.00 -100.00
  30    10.623 54952.98468017 27.76 117.224929  30.533770 13.408 -100.00 -100.00 -100.00
  31    10.302 54962.90032279 29.14 117.220485  30.538326 25.333 -100.00 -100.00 -100.00
  31    10.271 54962.90032338 25.35 117.221757  30.535918 12.075 -100.00 -100.00 -100.00
  31    10.576 54962.90032397 25.22 117.223029  30.533511 12.111 -100.00 -100.00 -100.00
  32    10.342 54972.81597096 34.91 117.217616  30.538791 26.783 -100.00 -100.00 -100.00
  32    10.343 54972.81597155 29.86 117.218888  30.536384 13.077 -100.00 -100.00 -100.00
  32    10.383 54972.81597215 27.55 117.220160  30.533976  8.279 -100.00 -100.00 -100.00
  33    10.164 54982.73161824 39.29 117.217420  30.539095   -100 -100.00 -100.00 -100.00
  33    10.360 54982.73161883 29.92 117.218693  30.536687  9.767 -100.00 -100.00 -100.00
  33    10.189 54982.73161942 29.79 117.219965  30.534279  9.561 -100.00 -100.00 -100.00
  33     9.674 54982.73162001 32.09 117.221237  30.531871 15.043 -100.00 -100.00 -100.00
  35    10.313 55002.56291156 35.65 117.219020  30.538705   -100 -100.00 -100.00 -100.00
  35    10.333 55002.56291215 28.31 117.220292  30.536297 14.703 -100.00 -100.00 -100.00
  35    10.351 55002.56291274 27.43 117.221564  30.533889 11.547 -100.00 -100.00 -100.00
  36    10.971 55012.47855580 34.16 117.217851  30.538307 25.600  231.44  251.02  234.14
  36    11.032 55012.47855640 32.00 117.219123  30.535899 20.437  231.44  251.02  234.14
  36    12.023 55012.47855699 30.91 117.220396  30.533491 13.380  231.44  251.02  234.14
  37    11.493 55022.39419894 32.43 117.217225  30.537041 15.425  252.36  263.88  250.05
  37    11.563 55022.39419953 29.88 117.218498  30.534633  9.745  252.36  263.88  250.05
  37    11.819 55022.39420012 32.49 117.219770  30.532224 14.655  252.36  263.88  250.05
  38    10.326 55032.30984125 32.82 117.217375  30.536972   -100  255.99  266.56  253.79
  38    10.972 55032.30984184 29.98 117.218647  30.534563 24.623  255.99  266.56  253.79
  38    11.365 55032.30984243 30.10 117.219919  30.532155 25.138  255.99  266.56  253.79
  39    11.568 55042.22548309 32.18 117.219026  30.537260 24.116  250.66  265.80  259.27
  39    11.711 55042.22548368 28.18 117.220299  30.534852 11.370  250.66  265.80  259.27
  39    11.657 55042.22548427 31.99 117.221571  30.532443 21.940  250.66  265.80  259.27
  40    11.753 55052.14112357 28.37 117.222104  30.538059 12.992  251.38  266.03  250.42
  40    11.947 55052.14112416 29.25 117.223377  30.535651 18.489  251.38  266.03  250.42
  40    11.858 55052.14112475 34.21 117.224649  30.533242   -100  251.38  266.03  250.42
  41    12.008 55062.05676213 30.56 117.224588  30.537235 11.881 -100.00 -100.00 -100.00
  41    12.240 55062.05676272 31.33 117.225860  30.534827 13.636 -100.00 -100.00 -100.00
  41    12.302 55062.05676331 33.93 117.227133  30.532419 18.425 -100.00 -100.00 -100.00
  42    11.540 55071.97240524 28.33 117.221687  30.538088 19.222 -100.00 -100.00 -100.00
  42    11.551 55071.97240583 28.11 117.222959  30.535680 19.655 -100.00 -100.00 -100.00
  42    11.845 55071.97240642 29.87 117.224231  30.533272 23.287 -100.00 -100.00 -100.00
  43    11.464 55081.88805355 28.98 117.216859  30.537752 21.056  248.23  258.59  245.67
  43    11.102 55081.88805414 29.02 117.218131  30.535344 21.973  248.23  258.59  245.67
  43    11.437 55081.88805473 28.72 117.219404  30.532936 16.994  248.23  258.59  245.67
  44    10.674 55091.80370005 32.32 117.213501  30.537877 32.606  250.69  264.16  250.76
  44    10.775 55091.80370064 29.23 117.214773  30.535469 22.378  250.69  264.16  250.76
  44    11.394 55091.80370123 26.28 117.216046  30.533061 12.908  250.69  264.16  250.76
  45    10.638 55101.71934650 29.97 117.213517  30.536530 27.721  249.51  259.90  250.99
  45    10.966 55101.71934709 26.90 117.214789  30.534122 16.972  249.51  259.90  250.99
  45    11.292 55101.71934768 26.10 117.216062  30.531714 16.516  249.51  259.90  250.99
  46    10.525 55111.63499193 31.62 117.213727  30.538069   -100  244.24  249.95  241.01
  46    10.332 55111.63499252 29.27 117.215000  30.535660 25.534  244.24  249.95  241.01
  46    10.720 55111.63499311 27.90 117.216272  30.533252 21.393  244.24  249.95  241.01
  47    10.428 55121.55063577 30.51 117.215434  30.537476 12.925  239.62  240.23  236.74
  47     9.971 55121.55063636 29.39 117.216707  30.535068 11.412  239.62  240.23  236.74
  47    10.625 55121.55063695 28.88 117.217979  30.532660 11.651  239.62  240.23  236.74
  48    10.348 55131.46627672 29.62 117.216140  30.536814 14.108  244.09  248.65  242.51
  48    10.659 55131.46627731 26.65 117.217412  30.534406  7.601  244.09  248.65  242.51
  48    10.586 55131.46627790 28.00 117.218685  30.531998  9.739  244.09  248.65  242.51
  49    10.238 55141.38191552 29.56 117.215281  30.536979  8.791  243.63  246.95  241.31
  49    10.503 55141.38191611 28.68 117.216554  30.534571  7.238  243.63  246.95  241.31
  49    10.595 55141.38191670 28.22 117.217826  30.532163  7.695  243.63  246.95  241.31
  50    10.393 55151.29755376 34.63 117.214920  30.538102   -100 -100.00 -100.00 -100.00
  50    10.280 55151.29755435 31.62 117.216193  30.535694 24.173 -100.00 -100.00 -100.00
  50    10.908 55151.29755494 29.95 117.217465  30.533285 20.970 -100.00 -100.00 -100.00
  51    10.261 55161.21319307 33.57 117.218228  30.537353   -100  233.09  237.23  234.02
  51    10.449 55161.21319366 30.10 117.219501  30.534945 22.281  233.09  237.23  234.02
  51    10.724 55161.21319425 28.16 117.220773  30.532537 16.516  233.09  237.23  234.02
  52    10.475 55171.12883180 31.03 117.222009  30.538213 25.005 -100.00 -100.00 -100.00
  52    10.346 55171.12883239 28.64 117.223281  30.535805 20.378 -100.00 -100.00 -100.00
  52    10.444 55171.12883298 31.69 117.224553  30.533397 32.347 -100.00 -100.00 -100.00
  53    10.571 55181.04446900 33.08 117.225128  30.539072 25.818 -100.00 -100.00 -100.00
  53    10.568 55181.04446959 29.99 117.226400  30.536664 17.905 -100.00 -100.00 -100.00
  53    10.996 55181.04447018 27.84 117.227672  30.534255 12.172 -100.00 -100.00 -100.00
  54    10.492 55190.96011788 36.40 117.221897  30.539222   -100 -100.00 -100.00 -100.00
  54    10.253 55190.96011848 30.63 117.223170  30.536814 30.296 -100.00 -100.00 -100.00
  54    10.474 55190.96011907 28.92 117.224442  30.534405 20.267 -100.00 -100.00 -100.00
  54    10.693 55190.96011966 27.32 117.225714  30.531997 15.673 -100.00 -100.00 -100.00
  55    10.287 55200.87576804 35.15 117.217466  30.539053   -100  230.29  231.08  231.73
  55    10.318 55200.87576863 32.15 117.218739  30.536645 30.118  230.29  231.08  231.73
  55    10.155 55200.87576922 29.01 117.220011  30.534237 20.781  230.29  231.08  231.73
  55    10.431 55200.87576981 29.40 117.221283  30.531829 24.725  230.29  231.08  231.73
  56    10.342 55210.79141770 32.67 117.215391  30.538026 17.369  230.91  231.44  232.08
  56    10.415 55210.79141829 28.57 117.216663  30.535618  8.737  230.91  231.44  232.08
  56    10.271 55210.79141888 28.85 117.217935  30.533210 10.179  230.91  231.44  232.08
  57    10.380 55220.70706679 30.65 117.215446  30.537705 10.188  233.69  238.40  239.95
  57    10.103 55220.70706738 29.48 117.216718  30.535297  8.469  233.69  238.40  239.95
  57    10.070 55220.70706797 29.32 117.217990  30.532889  8.193  233.69  238.40  239.95
  58    10.138 55230.62271454 34.32 117.215066  30.538063 31.529  224.18  229.68  230.09
  58    10.078 55230.62271513 31.58 117.216338  30.535655 21.067  224.18  229.68  230.09
  58    10.333 55230.62271572 29.27 117.217610  30.533247 16.209  224.18  229.68  230.09
  59    10.239 55240.53835914 35.10 117.214787  30.538131   -100  227.96  233.85  231.64
  59    10.262 55240.53835973 32.43 117.216059  30.535723 29.318  227.96  233.85  231.64
  59    10.389 55240.53836032 29.68 117.217332  30.533315 17.034  227.96  233.85  231.64
  60    10.443 55250.45400016 31.95 117.213241  30.537625 13.230  235.31  239.81  235.85
  60    10.519 55250.45400075 29.38 117.214514  30.535217  7.695  235.31  239.81  235.85
  60    10.220 55250.45400134 29.54 117.215786  30.532809  7.833  235.31  239.81  235.85
  61    10.685 55260.36963892 34.60 117.211104  30.537848 23.401  236.59  249.53  252.33
  61    12.587 55260.36963951 30.54 117.212376  30.535440 13.656  236.59  249.53  252.33
  61    12.944 55260.36964010 29.62 117.213649  30.533032 10.694  236.59  249.53  252.33
  62    10.907 55270.28527744 35.07 117.211589  30.537452 30.219  225.96  230.21  228.37
  62    11.118 55270.28527803 31.46 117.212861  30.535044 16.565  225.96  230.21  228.37
  62    11.297 55270.28527862 30.32 117.214134  30.532636 15.907  225.96  230.21  228.37
  63    10.806 55280.20091581 34.44 117.213366  30.538825 23.523  227.32  228.72  229.31
  63    11.053 55280.20091640 32.90 117.214638  30.536417 21.787  227.32  228.72  229.31
  63    11.717 55280.20091699 31.05 117.215910  30.534009 15.088  227.32  228.72  229.31
  63    11.342 55280.20091758 31.72 117.217182  30.531601 18.951  227.32  228.72  229.31
  64    11.411 55290.11655390 32.30 117.218133  30.536976 24.713 -100.00 -100.00 -100.00
  64    10.722 55290.11655449 29.34 117.219405  30.534568 13.929 -100.00 -100.00 -100.00
  64    10.936 55290.11655508 28.74 117.220677  30.532160 13.415 -100.00 -100.00 -100.00
  65    10.700 55300.03218894 31.87 117.221566  30.537983 19.488  239.33  252.14  257.35
  65    10.593 55300.03218953 29.65 117.222839  30.535575 14.127  239.33  252.14  257.35
  65    11.189 55300.03219012 28.23 117.224111  30.533167 10.667  239.33  252.14  257.35
  66    10.695 55309.94783448 33.61 117.220023  30.537873 29.358 -100.00 -100.00 -100.00
  66    11.000 55309.94783507 30.06 117.221296  30.535466 15.931 -100.00 -100.00 -100.00
  66    11.115 55309.94783566 30.52 117.222568  30.533058 15.498 -100.00 -100.00 -100.00
  67    10.673 55319.86347979 34.98 117.216422  30.539098 18.545  235.95  243.55  235.52
  67    10.622 55319.86348038 32.82 117.217694  30.536690 11.228  235.95  243.55  235.52
  67    10.327 55319.86348097 35.42 117.218966  30.534282 18.884  235.95  243.55  235.52
  67    10.164 55319.86348156 36.91 117.220238  30.531875 21.202  235.95  243.55  235.52
  68    10.413 55329.77912435 35.34 117.214976  30.538376   -100  238.15  251.00  243.14
  68    11.476 55329.77912494 30.59 117.216249  30.535968 23.572  238.15  251.00  243.14
  68    11.352 55329.77912553 27.93 117.217521  30.533560 16.105  238.15  251.00  243.14
  69    11.814 55339.69476888 31.75 117.216317  30.536917 11.512  226.95  234.63  227.85
  69    11.945 55339.69476947 28.87 117.217589  30.534509  7.132  226.95  234.63  227.85
  69    11.969 55339.69477006 29.13 117.218861  30.532102  7.148  226.95  234.63  227.85
  70    12.541 55349.61041239 36.53 117.217543  30.538852   -100 -100.00 -100.00 -100.00
  70    12.541 55349.61041298 27.78 117.218815  30.536444 12.685 -100.00 -100.00 -100.00
  70    12.446 55349.61041357 28.74 117.220087  30.534036 16.516 -100.00 -100.00 -100.00
  70    12.391 55349.61041416 33.12 117.221359  30.531628 28.883 -100.00 -100.00 -100.00
  71    11.840 55359.52605434 35.17 117.219582  30.538751 25.132 -100.00 -100.00 -100.00
  71    12.245 55359.52605493 28.39 117.220854  30.536343  8.533 -100.00 -100.00 -100.00
  71    12.278 55359.52605552 27.41 117.222126  30.533935  6.544 -100.00 -100.00 -100.00
  72    13.163 55369.44169426 31.17 117.220393  30.537648 19.505 -100.00 -100.00 -100.00
  72    13.265 55369.44169485 30.24 117.221665  30.535239 14.021 -100.00 -100.00 -100.00
  72    13.370 55369.44169544 32.63 117.222937  30.532831 19.118 -100.00 -100.00 -100.00
  73    14.361 55379.35733269 34.88 117.220768  30.537116 19.845 -100.00 -100.00 -100.00
  73    14.349 55379.35733328 36.67 117.222041  30.534708 27.492 -100.00 -100.00 -100.00
  73    14.659 55379.35733387 35.05 117.223313  30.532299 23.214 -100.00 -100.00 -100.00
  74    13.718 55389.27297007 36.68 117.220950  30.539100 23.273 -100.00 -100.00 -100.00
  74    14.285 55389.27297066 33.93 117.222222  30.536692 13.152 -100.00 -100.00 -100.00
  74    14.452 55389.27297125 34.45 117.223494  30.534284 16.287 -100.00 -100.00 -100.00
  74    14.529 55389.27297184 33.24 117.224767  30.531876 11.501 -100.00 -100.00 -100.00
  75    14.440 55399.18860741 36.26 117.224254  30.538387 20.920 -100.00 -100.00 -100.00
  75    14.750 55399.18860800 32.86 117.225526  30.535979 11.799 -100.00 -100.00 -100.00
  75    14.798 55399.18860859 32.22 117.226798  30.533570 10.819 -100.00 -100.00 -100.00
  76    14.506 55409.10425412 31.55 117.225231  30.537534 12.991 -100.00 -100.00 -100.00
  76    14.593 55409.10425471 30.99 117.226503  30.535125 11.210 -100.00 -100.00 -100.00
  76    14.661 55409.10425530 29.89 117.227776  30.532717 10.334 -100.00 -100.00 -100.00
  77    14.044 55419.01990464 33.48 117.222015  30.537765 14.953 -100.00 -100.00 -100.00
  77    13.943 55419.01990523 33.03 117.223287  30.535357 15.284 -100.00 -100.00 -100.00
  77    14.186 55419.01990582 33.69 117.224560  30.532949 15.830 -100.00 -100.00 -100.00
  78    12.666 55428.93555190 32.19 117.218231  30.536964 19.443  243.63  258.00  241.99
  78    12.947 55428.93555249 30.80 117.219504  30.534555 14.531  243.63  258.00  241.99
  78    12.882 55428.93555308 37.27 117.220776  30.532147   -100  243.63  258.00  241.99
  79    12.053 55438.85119604 33.74 117.214542  30.537603 29.488 -100.00 -100.00 -100.00
  79    12.362 55438.85119663 31.61 117.215815  30.535195 23.560 -100.00 -100.00 -100.00
  79    12.353 55438.85119722 33.55 117.217087  30.532787 31.274 -100.00 -100.00 -100.00
  80    12.186 55448.76683895 31.22 117.213621  30.537578 22.273  246.76  261.14  245.57
  80    12.429 55448.76683954 29.67 117.214893  30.535170 15.555  246.76  261.14  245.57
  80    12.367 55448.76684013 31.34 117.216166  30.532762 23.209  246.76  261.14  245.57
  81    11.755 55458.68248151 33.54 117.214609  30.537971 26.978 -100.00 -100.00 -100.00
  81    12.167 55458.68248210 31.46 117.215881  30.535562 19.182 -100.00 -100.00 -100.00
  81    12.166 55458.68248269 32.90 117.217154  30.533154 25.600 -100.00 -100.00 -100.00
  82    12.043 55468.59812324 36.97 117.216201  30.538702   -100  233.62  241.39  232.75
  82    11.968 55468.59812383 33.94 117.217473  30.536293 31.545  233.62  241.39  232.75
  82    11.697 55468.59812442 30.17 117.218746  30.533885 19.478  233.62  241.39  232.75
  83    11.867 55478.51376205 35.30 117.218525  30.538123 31.605  233.99  234.80  232.42
  83    11.665 55478.51376264 28.96 117.219798  30.535714 16.000  233.99  234.80  232.42
  83    11.628 55478.51376323 28.84 117.221070  30.533306 13.333  233.99  234.80  232.42
  84    11.773 55488.42939756 35.05 117.219761  30.539054   -100 -100.00 -100.00 -100.00
  84    11.548 55488.42939815 29.97 117.221034  30.536646 23.467 -100.00 -100.00 -100.00
  84    11.334 55488.42939874 28.30 117.222306  30.534237 17.263 -100.00 -100.00 -100.00
  84    10.976 55488.42939933 31.59 117.223579  30.531829 26.688 -100.00 -100.00 -100.00
  85    11.545 55498.34503119 33.20 117.221205  30.539243 31.329 -100.00 -100.00 -100.00
  85    10.645 55498.34503178 29.48 117.222478  30.536835 22.369 -100.00 -100.00 -100.00
  85    10.539 55498.34503237 29.72 117.223750  30.534426 24.727 -100.00 -100.00 -100.00
  85    10.794 55498.34503296 31.88 117.225023  30.532018 31.962 -100.00 -100.00 -100.00
  86    11.381 55508.26067011 31.80 117.222027  30.538745 29.091 -100.00 -100.00 -100.00
  86    10.506 55508.26067070 28.67 117.223300  30.536337 20.966 -100.00 -100.00 -100.00
  86    10.390 55508.26067129 31.32 117.224573  30.533928   -100 -100.00 -100.00 -100.00
  87    11.271 55518.17632066 31.42 117.220475  30.538044 18.124 -100.00 -100.00 -100.00
  87    10.736 55518.17632125 26.99 117.221748  30.535635 10.039 -100.00 -100.00 -100.00
  87    10.867 55518.17632184 27.00 117.223020  30.533227  8.839 -100.00 -100.00 -100.00
  88    11.336 55528.09197057 30.27 117.220590  30.537099 18.133 -100.00 -100.00 -100.00
  88    10.837 55528.09197116 25.58 117.221862  30.534691  8.157 -100.00 -100.00 -100.00
  88    10.850 55528.09197175 28.44 117.223135  30.532283 12.296 -100.00 -100.00 -100.00
  89    11.421 55538.00761826 30.70 117.219865  30.537375 23.500 -100.00 -100.00 -100.00
  89    11.090 55538.00761885 27.08 117.221137  30.534967 15.701 -100.00 -100.00 -100.00
  89    14.963 55538.00761944 27.48 117.222410  30.532559 16.284 -100.00 -100.00 -100.00
  90    10.389 55547.92326364 34.42 117.218723  30.537373 23.760  230.12  228.83  230.33
  90     9.999 55547.92326423 32.48 117.219995  30.534965 17.239  230.12  228.83  230.33
  90     9.362 55547.92326482 33.23 117.221267  30.532557 19.525  230.12  228.83  230.33
  91    10.408 55557.83890699 33.32 117.217048  30.537461 17.680  229.89  228.75  229.97
  91    10.356 55557.83890758 30.22 117.218320  30.535053 10.513  229.89  228.75  229.97
  91    10.602 55557.83890817 29.95 117.219592  30.532645 11.844  229.89  228.75  229.97
  92    10.429 55567.75454903 36.82 117.215914  30.539095   -100  235.12  232.66  234.23
  92    10.349 55567.75454962 33.72 117.217186  30.536686 26.869  235.12  232.66  234.23
  92    11.007 55567.75455021 29.25 117.218458  30.534278 13.274  235.12  232.66  234.23
  92    15.234 55567.75455080 27.78 117.219730  30.531870 11.326  235.12  232.66  234.23
  93    10.288 55577.67019112 33.27 117.218199  30.537381   -100 -100.00 -100.00 -100.00
  93    10.133 55577.67019171 30.75 117.219471  30.534973 31.114 -100.00 -100.00 -100.00
  93    10.747 55577.67019230 25.72 117.220744  30.532564 15.866 -100.00 -100.00 -100.00
  94    11.497 55587.58583056 30.85 117.219695  30.537618 24.755 -100.00 -100.00 -100.00
  94    10.175 55587.58583115 29.32 117.220967  30.535210 19.720 -100.00 -100.00 -100.00
  94    10.171 55587.58583174 30.31 117.222240  30.532802 26.238 -100.00 -100.00 -100.00
  95    10.392 55597.50146690 31.58 117.221147  30.538002  9.775 -100.00 -100.00 -100.00
  95     9.944 55597.50146749 32.56 117.222420  30.535594 13.113 -100.00 -100.00 -100.00
  95    10.100 55597.50146808 32.07 117.223692  30.533186 10.254 -100.00 -100.00 -100.00
  96    10.416 55607.41710053 32.59 117.222053  30.538130 31.497 -100.00 -100.00 -100.00
  96    10.248 55607.41710112 27.76 117.223326  30.535722 15.624 -100.00 -100.00 -100.00
  96    10.274 55607.41710172 30.42 117.224598  30.533314 22.482 -100.00 -100.00 -100.00
  97    10.447 55617.33273273 27.34 117.224046  30.537235 15.316 -100.00 -100.00 -100.00
  97    10.299 55617.33273332 27.60 117.225318  30.534827 20.131 -100.00 -100.00 -100.00
  97    10.327 55617.33273391 29.67 117.226591  30.532419 26.290 -100.00 -100.00 -100.00
  98    10.678 55627.24837764 29.02 117.223249  30.537417 18.094 -100.00 -100.00 -100.00
  98    10.363 55627.24837823 29.60 117.224521  30.535009 18.501 -100.00 -100.00 -100.00
  98    10.492 55627.24837882 27.63 117.225793  30.532601 13.937 -100.00 -100.00 -100.00
  99    10.481 55637.16402932 30.72 117.221296  30.538006 15.510 -100.00 -100.00 -100.00
  99    10.167 55637.16402991 27.89 117.222569  30.535598 11.563 -100.00 -100.00 -100.00
  99    10.337 55637.16403051 27.51 117.223841  30.533190  8.828 -100.00 -100.00 -100.00
 100    11.355 55647.07967914 31.64 117.219905  30.538176 20.984 -100.00 -100.00 -100.00
 100    10.357 55647.07967974 27.83 117.221177  30.535768 10.809 -100.00 -100.00 -100.00
 100    10.502 55647.07968033 27.99 117.222449  30.533360 11.032 -100.00 -100.00 -100.00
 101    10.160 55656.99532636 33.95 117.218547  30.537056   -100 -100.00 -100.00 -100.00
 101     9.938 55656.99532695 29.08 117.219820  30.534648 22.828 -100.00 -100.00 -100.00
 101    10.332 55656.99532754 27.33 117.221092  30.532240 16.704 -100.00 -100.00 -100.00
 102    10.096 55666.91096843 34.06 117.216137  30.539029 31.951  240.04  248.19  243.29
 102    10.320 55666.91096902 30.13 117.217409  30.536621 20.590  240.04  248.19  243.29
 102     9.823 55666.91096961 28.24 117.218681  30.534213 14.423  240.04  248.19  243.29
 102    10.230 55666.91097020 27.79 117.219954  30.531806 14.852  240.04  248.19  243.29
 103    10.243 55676.82660801 31.66 117.216170  30.539019 23.486  244.94  246.34  242.94
 103     9.765 55676.82660860 29.03 117.217443  30.536611 17.504  244.94  246.34  242.94
 103     9.963 55676.82660919 25.97 117.218715  30.534203  8.303  244.94  246.34  242.94
 103    10.171 55676.82660978 26.80 117.219987  30.531796  8.949  244.94  246.34  242.94
 104    10.218 55686.74224577 34.84 117.218447  30.538617 25.088 -100.00 -100.00 -100.00
 104    10.268 55686.74224636 28.02 117.219719  30.536209  9.443 -100.00 -100.00 -100.00
 104     9.347 55686.74224695 28.08 117.220991  30.533801  9.106 -100.00 -100.00 -100.00
 105    11.021 55696.65788251 26.20 117.222324  30.537534 12.115 -100.00 -100.00 -100.00
 105    10.037 55696.65788310 25.58 117.223596  30.535126 11.868 -100.00 -100.00 -100.00
 105    10.059 55696.65788369 29.97 117.224868  30.532719 19.655 -100.00 -100.00 -100.00
 106     9.610 55706.57351775 31.50 117.226461  30.537334 11.374 -100.00 -100.00 -100.00
 106     6.169 55706.57351834 34.58 117.227734  30.534926 18.353 -100.00 -100.00 -100.00
 106     6.359 55706.57351893 35.67 117.229006  30.532518 19.567 -100.00 -100.00 -100.00
 107    10.994 55716.48916687 28.40 117.223874  30.539041  7.118 -100.00 -100.00 -100.00
 107    10.152 55716.48916746 28.18 117.225146  30.536633  7.785 -100.00 -100.00 -100.00
 107     9.416 55716.48916805 30.61 117.226419  30.534225 10.570 -100.00 -100.00 -100.00
 108    11.227 55726.40481549 29.57 117.222156  30.537192 13.365 -100.00 -100.00 -100.00
 108    10.960 55726.40481608 29.14 117.223428  30.534784 11.903 -100.00 -100.00 -100.00
 108    10.897 55726.40481667 32.24 117.224700  30.532376 18.509 -100.00 -100.00 -100.00
 109    12.700 55736.32046161 34.96 117.219131  30.539376 25.026 -100.00 -100.00 -100.00
 109    12.482 55736.32046220 29.10 117.220403  30.536968 15.868 -100.00 -100.00 -100.00
 109    12.382 55736.32046279 29.40 117.221675  30.534560 15.266 -100.00 -100.00 -100.00
 109    12.480 55736.32046338 31.73 117.222948  30.532152 20.842 -100.00 -100.00 -100.00
 110    11.748 55746.23610744 34.44 117.218718  30.538600   -100 -100.00 -100.00 -100.00
 110    11.654 55746.23610803 30.69 117.219991  30.536192 26.435 -100.00 -100.00 -100.00
 110    11.748 55746.23610862 27.54 117.221263  30.533784 13.919 -100.00 -100.00 -100.00
 111    11.808 55756.15175134 34.20 117.218560  30.538712 28.522 -100.00 -100.00 -100.00
 111    11.692 55756.15175193 29.85 117.219832  30.536304 13.974 -100.00 -100.00 -100.00
 111    11.595 55756.15175252 29.09 117.221104  30.533896 12.925 -100.00 -100.00 -100.00
 112    11.477 55766.06739297 32.59 117.219252  30.538303 20.966 -100.00 -100.00 -100.00
 112    11.478 55766.06739356 29.31 117.220525  30.535895 10.812 -100.00 -100.00 -100.00
 112    11.135 55766.06739415 26.69 117.221797  30.533487  6.483 -100.00 -100.00 -100.00
 113    11.480 55775.98303176 25.75 117.219864  30.537503 11.463 -100.00 -100.00 -100.00
 113    11.384 55775.98303235 24.52 117.221137  30.535095  8.251 -100.00 -100.00 -100.00
 113    10.899 55775.98303294 24.49 117.222409  30.532687  8.578 -100.00 -100.00 -100.00
 114    11.291 55785.89866712 31.00 117.219655  30.538425 10.586 -100.00 -100.00 -100.00
 114     9.082 55785.89866771 32.88 117.220928  30.536017 15.515 -100.00 -100.00 -100.00
 114     9.091 55785.89866830 34.29 117.222200  30.533609 18.354 -100.00 -100.00 -100.00
 115    10.610 55795.81430049 33.66 117.221327  30.539277   -100 -100.00 -100.00 -100.00
 115    10.663 55795.81430108 28.64 117.222599  30.536869 20.500 -100.00 -100.00 -100.00
 115    21.622 55795.81430167 26.85 117.223871  30.534461 13.147 -100.00 -100.00 -100.00
 115    10.659 55795.81430226 30.01 117.225144  30.532052 20.660 -100.00 -100.00 -100.00
 116    10.940 55805.72994041 28.60 117.223471  30.538751 16.571 -100.00 -100.00 -100.00
 116    11.024 55805.72994100 27.61 117.224744  30.536343 15.595 -100.00 -100.00 -100.00
 116    10.618 55805.72994159 27.97 117.226016  30.533935 15.816 -100.00 -100.00 -100.00
 117    10.455 55815.64558947 27.46 117.223948  30.537472 19.883 -100.00 -100.00 -100.00
 117    10.398 55815.64559006 27.39 117.225221  30.535064 18.428 -100.00 -100.00 -100.00
 117    10.329 55815.64559065 29.09 117.226493  30.532656 24.931 -100.00 -100.00 -100.00
 118    10.511 55825.56123496 32.30 117.222506  30.539395 22.806 -100.00 -100.00 -100.00
 118    11.042 55825.56123555 24.24 117.223778  30.536987  6.783 -100.00 -100.00 -100.00
 118    10.196 55825.56123614 26.32 117.225051  30.534579  7.866 -100.00 -100.00 -100.00
 118    10.373 55825.56123673 27.83 117.226323  30.532170 11.676 -100.00 -100.00 -100.00
 119    10.572 55835.47687666 29.60 117.222302  30.538463 18.574 -100.00 -100.00 -100.00
 119    21.780 55835.47687726 25.38 117.223574  30.536055 10.356 -100.00 -100.00 -100.00
 119    10.397 55835.47687785 26.23 117.224847  30.533646 11.172 -100.00 -100.00 -100.00
 120    10.494 55845.39251488 29.63 117.222115  30.538166 29.118 -100.00 -100.00 -100.00
 120    10.328 55845.39251547 26.60 117.223388  30.535758 18.963 -100.00 -100.00 -100.00
 120     9.954 55845.39251606 29.84 117.224660  30.533349 27.783 -100.00 -100.00 -100.00
 121    10.622 55855.30815042 31.66 117.223346  30.539432 27.082 -100.00 -100.00 -100.00
 121    10.290 55855.30815101 26.39 117.224619  30.537024 12.839 -100.00 -100.00 -100.00
 121     9.955 55855.30815160 26.14 117.225892  30.534616 13.128 -100.00 -100.00 -100.00
 121    10.132 55855.30815219 26.54 117.227164  30.532207 13.537 -100.00 -100.00 -100.00
 122    10.521 55865.22379174 28.24 117.225855  30.537421 19.349 -100.00 -100.00 -100.00
 122     9.971 55865.22379233 27.28 117.227128  30.535012 19.124 -100.00 -100.00 -100.00
 122    10.257 55865.22379292 24.92 117.228400  30.532604 13.775 -100.00 -100.00 -100.00
 123    10.303 55875.13944490 27.91 117.223845  30.537445 17.691 -100.00 -100.00 -100.00
 123    10.142 55875.13944549 25.98 117.225117  30.535037 12.207 -100.00 -100.00 -100.00
 123     9.823 55875.13944608 29.74 117.226389  30.532628 22.156 -100.00 -100.00 -100.00
 124    10.222 55885.05509256 26.13 117.223164  30.537342 14.507 -100.00 -100.00 -100.00
 124     9.924 55885.05509315 26.97 117.224437  30.534933 16.468 -100.00 -100.00 -100.00
 124     9.805 55885.05509374 31.26 117.225709  30.532525 29.364 -100.00 -100.00 -100.00
 125    10.839 55894.97073395 28.35 117.222496  30.538661 18.058 -100.00 -100.00 -100.00
 125    10.168 55894.97073454 27.76 117.223768  30.536253 20.984 -100.00 -100.00 -100.00
 125     9.945 55894.97073513 28.30 117.225040  30.533844 22.154 -100.00 -100.00 -100.00
 126    10.598 55904.88637038 28.09 117.224094  30.538745 10.247 -100.00 -100.00 -100.00
 126    10.345 55904.88637097 28.41 117.225367  30.536337  9.104 -100.00 -100.00 -100.00
 126     9.817 55904.88637156 27.97 117.226639  30.533929  8.363 -100.00 -100.00 -100.00
 127    11.233 55914.80201143 28.23 117.224044  30.539153  9.846 -100.00 -100.00 -100.00
 127    10.469 55914.80201202 26.90 117.225317  30.536745  8.271 -100.00 -100.00 -100.00
 127     9.789 55914.80201261 27.36 117.226589  30.534336  9.785 -100.00 -100.00 -100.00
 127    10.251 55914.80201320 25.97 117.227861  30.531928  6.857 -100.00 -100.00 -100.00
 128    10.768 55924.71766510 30.43 117.221094  30.538224 24.530 -100.00 -100.00 -100.00
 128    10.130 55924.71766569 28.92 117.222366  30.535816 26.240 -100.00 -100.00 -100.00
 128     9.735 55924.71766628 28.52 117.223638  30.533408 23.540 -100.00 -100.00 -100.00
 129    10.302 55934.63331565 29.39 117.219886  30.537134 31.220 -100.00 -100.00 -100.00
 129     9.825 55934.63331624 28.79 117.221159  30.534726 27.954 -100.00 -100.00 -100.00
 129    10.064 55934.63331683 25.95 117.222431  30.532318 16.229 -100.00 -100.00 -100.00
 130    10.250 55944.54896079 34.72 117.217236  30.539112   -100 -100.00 -100.00 -100.00
 130     9.848 55944.54896138 33.23 117.218508  30.536704 32.328 -100.00 -100.00 -100.00
 130    10.158 55944.54896197 27.15 117.219780  30.534296 11.525 -100.00 -100.00 -100.00
 130    10.581 55944.54896256 26.06 117.221053  30.531888 10.191 -100.00 -100.00 -100.00
 131    10.915 55954.46460230 31.12 117.216234  30.538318 19.510  230.65  235.08  236.02
 131    10.259 55954.46460289 28.51 117.217507  30.535910 13.141  230.65  235.08  236.02
 131    10.162 55954.46460349 26.72 117.218779  30.533502 11.166  230.65  235.08  236.02
 132    10.292 55964.38024136 32.15 117.216260  30.537127 26.698 -100.00 -100.00 -100.00
 132    10.148 55964.38024195 30.74 117.217533  30.534719 22.417 -100.00 -100.00 -100.00
 132    10.879 55964.38024254 27.95 117.218805  30.532311 15.407 -100.00 -100.00 -100.00
 133    10.111 55974.29587900 33.14 117.217495  30.537122 29.982 -100.00 -100.00 -100.00
 133    10.360 55974.29587959 29.13 117.218767  30.534714 16.365 -100.00 -100.00 -100.00
 133    10.460 55974.29588018 29.83 117.220040  30.532306 18.856 -100.00 -100.00 -100.00
 134    10.489 55984.21151597 31.94 117.221400  30.537150 29.091 -100.00 -100.00 -100.00
 134    10.536 55984.21151656 28.49 117.222673  30.534742 15.651 -100.00 -100.00 -100.00
 134    10.651 55984.21151715 30.73 117.223945  30.532334 20.527 -100.00 -100.00 -100.00
 135    10.513 55994.12715064 32.65 117.226209  30.538032 19.478 -100.00 -100.00 -100.00
 135    10.453 55994.12715123 31.33 117.227481  30.535624 14.911 -100.00 -100.00 -100.00
 135    11.088 55994.12715182 27.96 117.228753  30.533216  9.035 -100.00 -100.00 -100.00
 136    10.553 56004.04280158 34.07 117.223055  30.539192 29.802 -100.00 -100.00 -100.00
 136    10.439 56004.04280217 29.49 117.224327  30.536784 14.769 -100.00 -100.00 -100.00
 136    10.638 56004.04280276 29.60 117.225599  30.534376 12.998 -100.00 -100.00 -100.00
 136    10.546 56004.04280335 29.26 117.226871  30.531968 12.026 -100.00 -100.00 -100.00
 137    11.894 56013.95845039 35.54 117.218687  30.539092 21.639  231.83  234.26  231.95
 137    10.467 56013.95845098 30.30 117.219959  30.536684 12.418  231.83  234.26  231.95
 137    10.086 56013.95845157 31.36 117.221231  30.534276 13.045  231.83  234.26  231.95
 137    10.527 56013.95845216 31.31 117.222504  30.531868 11.880  231.83  234.26  231.95
 138    10.617 56023.87409599 34.55 117.215333  30.538507 18.920  234.23  236.60  233.54
 138    10.596 56023.87409658 31.52 117.216605  30.536100 10.701  234.23  236.60  233.54
 138    10.214 56023.87409717 32.28 117.217878  30.533692 15.804  234.23  236.60  233.54
 139    11.324 56033.78973953 30.77 117.215638  30.537002 16.172  237.80  241.85  237.12
 139    11.434 56033.78974012 27.44 117.216910  30.534595  9.109  237.80  241.85  237.12
 139    11.234 56033.78974071 26.12 117.218182  30.532187  7.163  237.80  241.85  237.12
 140    11.800 56043.70538051 33.54 117.218196  30.537876 18.353  232.44  232.75  231.47
 140    10.155 56043.70538110 32.30 117.219469  30.535469 14.592  232.44  232.75  231.47
 140     7.934 56043.70538169 34.00 117.220741  30.533061 18.763  232.44  232.75  231.47
 141     9.761 56053.62101897 35.60 117.221948  30.537927 21.413 -100.00 -100.00 -100.00
 141     9.820 56053.62101956 37.98 117.223220  30.535519 29.617 -100.00 -100.00 -100.00
 141    10.393 56053.62102015 37.09 117.224492  30.533111 21.515 -100.00 -100.00 -100.00
 142    11.390 56063.53665384 31.82 117.225010  30.538628 16.777 -100.00 -100.00 -100.00
 142    11.549 56063.53665443 31.73 117.226282  30.536220 16.349 -100.00 -100.00 -100.00
 142    11.898 56063.53665502 31.82 117.227554  30.533812 16.832 -100.00 -100.00 -100.00
 143    12.216 56073.45229597 30.36 117.225203  30.537271 10.066 -100.00 -100.00 -100.00
 143    12.228 56073.45229656 29.96 117.226476  30.534863 11.373 -100.00 -100.00 -100.00
 143    12.257 56073.45229715 35.94 117.227748  30.532455 29.077 -100.00 -100.00 -100.00
 144    12.603 56083.36794491 32.11 117.220201  30.539183 17.493 -100.00 -100.00 -100.00
 144    12.444 56083.36794550 27.44 117.221473  30.536775  8.930 -100.00 -100.00 -100.00
 144    12.375 56083.36794609 31.23 117.222745  30.534367 17.655 -100.00 -100.00 -100.00
 144    12.628 56083.36794668 36.00 117.224017  30.531959 32.028 -100.00 -100.00 -100.00
 145    13.023 56093.28359247 32.37 117.218868  30.538439 24.615  245.74  256.31  245.67
 145    12.667 56093.28359306 31.09 117.220140  30.536031 25.405  245.74  256.31  245.67
 145    12.964 56093.28359365 32.81 117.221413  30.533623 29.458  245.74  256.31  245.67
 146    12.357 56103.19923787 33.66 117.219072  30.538936 18.761 -100.00 -100.00 -100.00
 146    12.100 56103.19923846 30.23 117.220344  30.536528  9.903 -100.00 -100.00 -100.00
 146    12.293 56103.19923905 29.61 117.221617  30.534120 10.420 -100.00 -100.00 -100.00
 146    12.324 56103.19923964 36.20 117.222889  30.531711 26.864 -100.00 -100.00 -100.00
 147    12.585 56113.11486931 33.17 117.220216  30.537852 29.468 -100.00 -100.00 -100.00
 147    12.496 56113.11486990 34.06 117.221488  30.535444   -100 -100.00 -100.00 -100.00
 147    12.695 56113.11487049 33.68 117.222760  30.533036 27.522 -100.00 -100.00 -100.00
 148    13.006 56123.03050842 32.01 117.221089  30.537432 20.645 -100.00 -100.00 -100.00
 148    12.898 56123.03050901 32.32 117.222361  30.535024 21.943 -100.00 -100.00 -100.00
 148    13.027 56123.03050960 33.23 117.223634  30.532616 23.590 -100.00 -100.00 -100.00
 149    13.802 56132.94614336 32.69 117.221536  30.538068 17.215 -100.00 -100.00 -100.00
 149    13.731 56132.94614395 33.47 117.222809  30.535660 19.624 -100.00 -100.00 -100.00
 149    13.827 56132.94614455 36.56 117.224081  30.533252 30.752 -100.00 -100.00 -100.00
 150    14.139 56142.86178081 39.53 117.220908  30.539143   -100 -100.00 -100.00 -100.00
 150    13.777 56142.86178140 32.03 117.222181  30.536735 20.698 -100.00 -100.00 -100.00
 150    14.114 56142.86178199 32.40 117.223453  30.534327 22.261 -100.00 -100.00 -100.00
 150    13.973 56142.86178258 41.76 117.224726  30.531919   -100 -100.00 -100.00 -100.00
 151    14.173 56152.77743146 35.60 117.219310  30.537249 26.523 -100.00 -100.00 -100.00
 151    13.965 56152.77743206 37.74 117.220583  30.534841   -100 -100.00 -100.00 -100.00
 151    14.374 56152.77743265 35.05 117.221855  30.532433 28.505 -100.00 -100.00 -100.00
 152    12.929 56162.69308012 32.75 117.219021  30.537641 27.386 -100.00 -100.00 -100.00
 152    12.845 56162.69308071 31.42 117.220293  30.535233 23.724 -100.00 -100.00 -100.00
 152    13.137 56162.69308130 32.86 117.221565  30.532825 27.375 -100.00 -100.00 -100.00
 153    12.062 56172.60872678 32.72 117.219822  30.538250   -100 -100.00 -100.00 -100.00
 153    12.095 56172.60872737 27.66 117.221094  30.535842 12.952 -100.00 -100.00 -100.00
 153    12.193 56172.60872796 27.72 117.222366  30.533434 15.018 -100.00 -100.00 -100.00
 154    11.940 56182.52436889 30.35 117.221083  30.537618 19.801 -100.00 -100.00 -100.00
 154    11.807 56182.52436948 29.79 117.222356  30.535209 14.918 -100.00 -100.00 -100.00
 154    11.449 56182.52437007 31.76 117.223628  30.532801 21.078 -100.00 -100.00 -100.00
 155    10.647 56192.44000669 33.44 117.219867  30.538972   -100 -100.00 -100.00 -100.00
 155    11.638 56192.44000728 28.87 117.221139  30.536564 16.410 -100.00 -100.00 -100.00
 155    11.058 56192.44000787 27.77 117.222412  30.534156 13.128 -100.00 -100.00 -100.00
 155    11.002 56192.44000846 30.84 117.223684  30.531747 20.343 -100.00 -100.00 -100.00
 156    10.525 56202.35564252 31.29 117.219907  30.538034   -100 -100.00 -100.00 -100.00
 156    10.536 56202.35564311 29.11 117.221180  30.535626 24.261 -100.00 -100.00 -100.00
 156    10.814 56202.35564370 25.44 117.222452  30.533218 11.228 -100.00 -100.00 -100.00
 157    10.720 56212.27127649 31.83 117.221867  30.539355   -100 -100.00 -100.00 -100.00
 157    10.560 56212.27127709 27.46 117.223140  30.536946 18.686 -100.00 -100.00 -100.00
 157    10.650 56212.27127768 26.73 117.224412  30.534538 18.567 -100.00 -100.00 -100.00
 157    10.537 56212.27127827 25.61 117.225685  30.532130 15.425 -100.00 -100.00 -100.00
 158    10.742 56222.18690959 30.78 117.228111  30.538290 25.098 -100.00 -100.00 -100.00
 158    10.394 56222.18691018 29.23 117.229383  30.535881 20.558 -100.00 -100.00 -100.00
 158    23.158 56222.18691077 24.35 117.230655  30.533473  9.143 -100.00 -100.00 -100.00
 159    10.495 56232.10256476 31.61 117.227346  30.537719 26.083 -100.00 -100.00 -100.00
 159    10.595 56232.10256535 27.37 117.228619  30.535311 11.654 -100.00 -100.00 -100.00
 159    10.171 56232.10256594 27.70 117.229891  30.532902 13.290 -100.00 -100.00 -100.00
 160    10.440 56242.01821737 29.89 117.224913  30.537801 23.377 -100.00 -100.00 -100.00
 160    10.201 56242.01821796 28.21 117.226185  30.535393 17.377 -100.00 -100.00 -100.00
 160    10.513 56242.01821855 26.37 117.227457  30.532984 13.629 -100.00 -100.00 -100.00
 161    10.497 56251.93386564 29.98 117.221704  30.537467 19.692 -100.00 -100.00 -100.00
 161    12.289 56251.93386623 25.53 117.222977  30.535058  9.093 -100.00 -100.00 -100.00
 161    12.733 56251.93386682 27.03 117.224249  30.532650 10.765 -100.00 -100.00 -100.00
 162    11.417 56261.84950925 30.56 117.219820  30.537116 24.727  232.14  238.61  237.21
 162    11.465 56261.84950984 28.99 117.221092  30.534708 16.601  232.14  238.61  237.21
 162    11.123 56261.84951043 27.33 117.222364  30.532299 10.879  232.14  238.61  237.21
 163    10.328 56271.76515066 31.43 117.219859  30.537123 28.183 -100.00 -100.00 -100.00
 163    11.647 56271.76515125 27.78 117.221131  30.534715 15.746 -100.00 -100.00 -100.00
 163    12.798 56271.76515184 27.86 117.222403  30.532307 13.857 -100.00 -100.00 -100.00
 164    10.706 56281.68079174 30.15 117.221148  30.537423 10.148 -100.00 -100.00 -100.00
 164    10.523 56281.68079233 30.37 117.222420  30.535015  9.984 -100.00 -100.00 -100.00
 164    12.717 56281.68079292 31.40 117.223692  30.532607 11.521 -100.00 -100.00 -100.00
 165    11.695 56291.59644315 38.98 117.218810  30.538801 29.470  224.23  222.54  223.85
 165    11.601 56291.59644374 33.55 117.220083  30.536392 13.750  224.23  222.54  223.85
 165    10.224 56291.59644433 33.71 117.221355  30.533984 13.592  224.23  222.54  223.85
 166    12.012 56301.51209039 33.86 117.216666  30.538799 26.918  225.84  226.01  227.39
 166    12.003 56301.51209098 30.61 117.217938  30.536391 17.936  225.84  226.01  227.39
 166    11.555 56301.51209157 28.30 117.219211  30.533982 14.800  225.84  226.01  227.39
 166    11.085 56301.51209217 28.53 117.220483  30.531574 14.758  225.84  226.01  227.39
 167    10.583 56311.42773400 28.81 117.215563  30.536769  9.343 -100.00 -100.00 -100.00
 167    11.483 56311.42773459 26.35 117.216835  30.534361  5.294 -100.00 -100.00 -100.00
 167    11.378 56311.42773518 27.44 117.218108  30.531953  6.113 -100.00 -100.00 -100.00
 168    10.496 56321.34337499 31.75 117.214047  30.537908 12.334  236.21  237.59  236.54
 168    10.505 56321.34337558 29.61 117.215319  30.535500  7.908  236.21  237.59  236.54
 168    11.050 56321.34337617 29.41 117.216592  30.533092  8.096  236.21  237.59  236.54
 169    10.257 56331.25901628 33.05 117.215653  30.537140 30.200 -100.00 -100.00 -100.00
 169    10.582 56331.25901687 28.69 117.216926  30.534732 18.592 -100.00 -100.00 -100.00
 169    10.961 56331.25901746 28.10 117.218198  30.532324 15.337 -100.00 -100.00 -100.00
 170    11.774 56341.17465675 35.53 117.217850  30.538843 21.556  235.04  247.31  253.37
 170    10.345 56341.17465734 32.99 117.219122  30.536435 23.621  235.04  247.31  253.37
 170    10.588 56341.17465794 28.63 117.220395  30.534027 12.944  235.04  247.31  253.37
 170    11.105 56341.17465853 29.98 117.221667  30.531618 13.930  235.04  247.31  253.37
 171    10.745 56351.09029535 37.34 117.221498  30.539447 26.775 -100.00 -100.00 -100.00
 171    10.495 56351.09029594 28.18 117.222770  30.537039  7.787 -100.00 -100.00 -100.00
 171    10.759 56351.09029653 28.08 117.224042  30.534631  6.829 -100.00 -100.00 -100.00
 171    10.709 56351.09029712 32.40 117.225314  30.532223 12.579 -100.00 -100.00 -100.00
 172    10.496 56361.00593529 30.49 117.224085  30.537217 22.369 -100.00 -100.00 -100.00
 172    10.612 56361.00593588 27.74 117.225357  30.534809 15.246 -100.00 -100.00 -100.00
 172    10.657 56361.00593647 27.74 117.226629  30.532401 16.414 -100.00 -100.00 -100.00
 173    11.882 56370.92158446 36.08 117.218503  30.538851 23.791  231.59  238.61  233.49
 173    10.560 56370.92158505 31.58 117.219776  30.536444 16.425  231.59  238.61  233.49
 173    11.451 56370.92158564 29.28 117.221048  30.534036 10.217  231.59  238.61  233.49
 173    11.004 56370.92158623 30.18 117.222320  30.531628 12.946  231.59  238.61  233.49
 174    11.868 56380.83723169 32.00 117.215449  30.536907 21.644 -100.00 -100.00 -100.00
 174    10.475 56380.83723228 30.54 117.216722  30.534500 21.905 -100.00 -100.00 -100.00
 174    11.387 56380.83723287 26.95 117.217994  30.532092 10.105 -100.00 -100.00 -100.00
 175    10.765 56390.75287626 32.02 117.214679  30.537049 27.022 -100.00 -100.00 -100.00
 175    11.586 56390.75287685 27.12 117.215951  30.534641 13.906 -100.00 -100.00 -100.00
 175    10.684 56390.75287745 29.70 117.217223  30.532233 21.140 -100.00 -100.00 -100.00
 176    11.902 56400.66851907 33.11 117.216886  30.538330 31.311 -100.00 -100.00 -100.00
 176    11.906 56400.66851966 29.78 117.218158  30.535922 18.138 -100.00 -100.00 -100.00
 176    11.327 56400.66852025 27.38 117.219430  30.533514 16.492 -100.00 -100.00 -100.00
 177    11.774 56410.58415928 32.37 117.220100  30.539316 13.918 -100.00 -100.00 -100.00
 177    10.627 56410.58415987 28.31 117.221372  30.536908  8.192 -100.00 -100.00 -100.00
 177    10.374 56410.58416046 27.47 117.222644  30.534500  6.196 -100.00 -100.00 -100.00
 177    10.588 56410.58416105 28.66 117.223916  30.532093  8.029 -100.00 -100.00 -100.00
 178    10.683 56420.49979505 30.25 117.223888  30.538675  8.948 -100.00 -100.00 -100.00
 178    11.540 56420.49979564 29.35 117.225160  30.536266  7.358 -100.00 -100.00 -100.00
 178    10.315 56420.49979623 31.57 117.226432  30.533858 11.205 -100.00 -100.00 -100.00
 179    10.630 56430.41543230 32.16 117.225347  30.537713 20.724 -100.00 -100.00 -100.00
 179    10.971 56430.41543289 29.25 117.226619  30.535305 12.778 -100.00 -100.00 -100.00
 179    25.707 56430.41543349 26.25 117.227891  30.532897  6.954 -100.00 -100.00 -100.00
 180    12.045 56440.33108461 32.08 117.219415  30.538590 13.333 -100.00 -100.00 -100.00
 180    11.651 56440.33108520 31.10 117.220687  30.536182 11.574 -100.00 -100.00 -100.00
 180    11.229 56440.33108579 31.93 117.221959  30.533774 12.846 -100.00 -100.00 -100.00
 181    12.268 56450.24673501 34.06 117.216144  30.538662 13.450 -100.00 -100.00 -100.00
 181    12.109 56450.24673560 31.27 117.217416  30.536254  9.974 -100.00 -100.00 -100.00
 181    11.974 56450.24673619 30.73 117.218688  30.533845  8.574 -100.00 -100.00 -100.00
 182    11.634 56460.16238374 32.09 117.215949  30.537951 26.759  251.42  267.59  251.80
 182    11.804 56460.16238433 28.67 117.217222  30.535543 16.164  251.42  267.59  251.80
 182    11.795 56460.16238492 28.94 117.218494  30.533134 17.111  251.42  267.59  251.80
 183    12.347 56470.07802932 31.42 117.216349  30.536863 12.800  248.64  263.84  259.07
 183    13.356 56470.07802991 29.14 117.217621  30.534455  8.772  248.64  263.84  259.07
 183    14.009 56470.07803050 29.12 117.218894  30.532047  7.887  248.64  263.84  259.07
 184    12.503 56479.99367077 32.47 117.216412  30.537194 14.502  236.97  254.57  238.77
 184    12.256 56479.99367136 34.05 117.217684  30.534786 19.245  236.97  254.57  238.77
 184    12.318 56479.99367195 37.57 117.218956  30.532378 29.800  236.97  254.57  238.77
 185    10.576 56489.90930790 35.83 117.216181  30.538758 28.249  245.88  260.51  244.55
 185    11.841 56489.90930849 31.01 117.217453  30.536350 10.906  245.88  260.51  244.55
 185    11.589 56489.90930908 32.04 117.218725  30.533942 17.387  245.88  260.51  244.55
 185    12.009 56489.90930967 31.85 117.219998  30.531534 14.547  245.88  260.51  244.55
 186    10.606 56499.82494278 35.67 117.218278  30.538846 24.947 -100.00 -100.00 -100.00
 186    10.977 56499.82494337 31.46 117.219551  30.536438 12.454 -100.00 -100.00 -100.00
 186    11.314 56499.82494396 32.66 117.220823  30.534029 15.714 -100.00 -100.00 -100.00
 186    11.882 56499.82494455 32.74 117.222095  30.531621 12.937 -100.00 -100.00 -100.00
 187    10.651 56509.74057632 30.79 117.222428  30.538905 13.706 -100.00 -100.00 -100.00
 187    10.526 56509.74057691 31.82 117.223700  30.536497 17.184 -100.00 -100.00 -100.00
 187    10.692 56509.74057750 31.94 117.224973  30.534089 15.415 -100.00 -100.00 -100.00
 188    10.307 56519.65621842 29.60 117.225726  30.537310 12.092 -100.00 -100.00 -100.00
 188    10.115 56519.65621901 29.28 117.226998  30.534902 11.185 -100.00 -100.00 -100.00
 188    10.170 56519.65621960 31.84 117.228271  30.532494 16.340 -100.00 -100.00 -100.00
 189     8.820 56529.57187136 34.49 117.223653  30.537722 18.038 -100.00 -100.00 -100.00
 189     9.110 56529.57187195 36.15 117.224926  30.535313 25.740 -100.00 -100.00 -100.00
 189     9.176 56529.57187254 37.12 117.226198  30.532905 26.710 -100.00 -100.00 -100.00
 190    10.634 56539.48752036 28.12 117.221876  30.537865 24.094 -100.00 -100.00 -100.00
 190    10.467 56539.48752095 24.88 117.223149  30.535457 13.143 -100.00 -100.00 -100.00
 190    10.736 56539.48752154 26.06 117.224421  30.533049 16.410 -100.00 -100.00 -100.00
 191    10.449 56549.40316515 30.12 117.219429  30.537924 11.367 -100.00 -100.00 -100.00
 191     6.678 56549.40316574 32.34 117.220702  30.535515 13.981 -100.00 -100.00 -100.00
 191     6.989 56549.40316633 33.44 117.221974  30.533107 15.972 -100.00 -100.00 -100.00
 192    10.410 56559.31880752 32.81 117.216760  30.539210   -100  250.88  262.69  253.43
 192    11.309 56559.31880811 28.91 117.218032  30.536802 22.101  250.88  262.69  253.43
 192    10.628 56559.31880870 28.16 117.219305  30.534393 19.810  250.88  262.69  253.43
 192    11.210 56559.31880929 22.30 117.220577  30.531985  7.014  250.88  262.69  253.43
 193    10.321 56569.23444984 34.35 117.217306  30.538663   -100 -100.00 -100.00 -100.00
 193    10.303 56569.23445043 29.97 117.218578  30.536254 28.800 -100.00 -100.00 -100.00
 193    10.708 56569.23445102 25.82 117.219851  30.533846 15.111 -100.00 -100.00 -100.00
 194    11.724 56579.15009116 27.83 117.220326  30.538464 10.017 -100.00 -100.00 -100.00
 194    11.147 56579.15009175 26.06 117.221598  30.536055  7.649 -100.00 -100.00 -100.00
 194    10.381 56579.15009234 25.04 117.222871  30.533647  5.352 -100.00 -100.00 -100.00
 195    10.469 56589.06572879 28.56 117.225045  30.538671 21.047 -100.00 -100.00 -100.00
 195    10.170 56589.06572938 26.68 117.226318  30.536262 18.286 -100.00 -100.00 -100.00
 195    10.249 56589.06572997 24.63 117.227590  30.533854 13.102 -100.00 -100.00 -100.00
 196    10.436 56598.98137336 29.23 117.225493  30.538910 26.365 -100.00 -100.00 -100.00
 196    10.089 56598.98137395 26.81 117.226766  30.536501 20.466 -100.00 -100.00 -100.00
 196    10.174 56598.98137454 23.42 117.228038  30.534093 12.304 -100.00 -100.00 -100.00
 197    10.488 56608.89702453 27.37 117.221970  30.537228 16.580 -100.00 -100.00 -100.00
 197    10.016 56608.89702512 25.77 117.223242  30.534820 14.971 -100.00 -100.00 -100.00
 197    10.024 56608.89702571 29.39 117.224514  30.532412 21.854 -100.00 -100.00 -100.00
 198    10.900 56618.81267024 30.25 117.218969  30.537641 29.257  240.41  243.73  240.06
 198    10.929 56618.81267083 24.73 117.220242  30.535233 11.863  240.41  243.73  240.06
 198     9.870 56618.81267142 27.13 117.221514  30.532825 18.318  240.41  243.73  240.06
 199    10.208 56628.72831294 31.89 117.218721  30.537277 13.704  234.12  234.12  233.53
 199     8.918 56628.72831353 33.59 117.219993  30.534869 16.304  234.12  234.12  233.53
 199     4.003 56628.72831412 32.76 117.221265  30.532461 15.689  234.12  234.12  233.53
 200    11.391 56638.64395216 32.05 117.219654  30.539216 15.324 -100.00 -100.00 -100.00
 200     9.867 56638.64395275 31.97 117.220927  30.536808 14.391 -100.00 -100.00 -100.00
 200     9.168 56638.64395334 30.72 117.222199  30.534399 10.965 -100.00 -100.00 -100.00
 200     3.580 56638.64395393 33.14 117.223471  30.531991 17.325 -100.00 -100.00 -100.00
 201    11.111 56648.55959603 31.37 117.220691  30.538951 26.422 -100.00 -100.00 -100.00
 201    10.280 56648.55959662 28.99 117.221963  30.536542 23.603 -100.00 -100.00 -100.00
 201     9.972 56648.55959721 25.59 117.223235  30.534134 15.835 -100.00 -100.00 -100.00
 201    10.004 56648.55959780 31.39 117.224508  30.531726 31.973 -100.00 -100.00 -100.00
 202    10.149 56658.47524711 33.41 117.217562  30.538657 17.642  235.08  233.52  234.00
 202     9.802 56658.47524770 30.79 117.218834  30.536249 11.843  235.08  233.52  234.00
 202     9.168 56658.47524829 31.69 117.220107  30.533840 14.008  235.08  233.52  234.00
 203    10.770 56668.39089420 31.91 117.214902  30.538725 22.290 -100.00 -100.00 -100.00
 203    10.272 56668.39089479 28.77 117.216175  30.536317 15.367 -100.00 -100.00 -100.00
 203    10.006 56668.39089538 25.92 117.217447  30.533909 11.920 -100.00 -100.00 -100.00
 203    10.701 56668.39089597 23.88 117.218720  30.531501  7.551 -100.00 -100.00 -100.00
 204    10.000 56678.30653942 29.80 117.214577  30.538273 26.504 -100.00 -100.00 -100.00
 204     9.902 56678.30654001 27.88 117.215850  30.535865 21.056 -100.00 -100.00 -100.00
 204    10.725 56678.30654060 23.24 117.217122  30.533457  8.467 -100.00 -100.00 -100.00
 205     4.660 56688.22218362 42.85 117.216139  30.537890   -100 -100.00 -100.00 -100.00
 205     5.123 56688.22218421 42.87 117.217411  30.535482 21.150 -100.00 -100.00 -100.00
 205     4.583 56688.22218480 48.24 117.218683  30.533074   -100 -100.00 -100.00 -100.00
 206    10.179 56698.13782518 33.90 117.217699  30.539380 25.414  231.78  231.44  232.72
 206    10.097 56698.13782577 31.58 117.218972  30.536972 20.984  231.78  231.44  232.72
 206    10.009 56698.13782636 27.21 117.220244  30.534564 13.122  231.78  231.44  232.72
 206    10.215 56698.13782695 25.47 117.221516  30.532156  8.338  231.78  231.44  232.72
 207    10.410 56708.05346293 28.92 117.221455  30.537811  8.949 -100.00 -100.00 -100.00
 207    10.200 56708.05346352 26.89 117.222728  30.535403  6.400 -100.00 -100.00 -100.00
 207    10.660 56708.05346411 27.19 117.224000  30.532995  6.325 -100.00 -100.00 -100.00
 208    10.391 56717.96910061 33.82 117.222006  30.538650 30.286 -100.00 -100.00 -100.00
 208    10.366 56717.96910120 29.66 117.223278  30.536242 17.920 -100.00 -100.00 -100.00
 208    10.634 56717.96910179 29.90 117.224550  30.533834 14.338 -100.00 -100.00 -100.00
 210    10.052 56737.80040210 31.67 117.215457  30.537069 10.481  227.97  227.68  228.09
 210     9.826 56737.80040269 32.71 117.216729  30.534661 13.485  227.97  227.68  228.09
 210     5.351 56737.80040328 35.48 117.218001  30.532254 22.340  227.97  227.68  228.09
 211    10.216 56747.71604682 32.93 117.215189  30.538100 22.173  231.92  237.39  231.79
 211    10.133 56747.71604741 29.87 117.216461  30.535692 15.218  231.92  237.39  231.79
 211    10.132 56747.71604800 28.58 117.217733  30.533284 13.342  231.92  237.39  231.79
 212    11.646 56757.63168723 34.00 117.217887  30.539011 27.580  245.09  252.51  242.74
 212    10.218 56757.63168782 27.78 117.219159  30.536603 14.470  245.09  252.51  242.74
 212    10.872 56757.63168841 26.07 117.220431  30.534195 12.541  245.09  252.51  242.74
 212    11.019 56757.63168900 23.29 117.221703  30.531787  6.041  245.09  252.51  242.74
 213    10.460 56767.54732235 29.50 117.223342  30.537716 17.714 -100.00 -100.00 -100.00
 213    10.591 56767.54732294 28.62 117.224614  30.535308 15.515 -100.00 -100.00 -100.00
 213    11.283 56767.54732353 27.42 117.225886  30.532900 11.803 -100.00 -100.00 -100.00
 214    10.592 56777.46296662 30.36 117.222727  30.537946  8.084 -100.00 -100.00 -100.00
 214     9.892 56777.46296721 30.44 117.223999  30.535538  9.827 -100.00 -100.00 -100.00
 214     9.614 56777.46296780 33.93 117.225271  30.533130 15.101 -100.00 -100.00 -100.00
 215    11.848 56787.37862228 31.02 117.217855  30.537356 23.607 -100.00 -100.00 -100.00
 215    11.563 56787.37862287 25.77 117.219127  30.534948  9.967 -100.00 -100.00 -100.00
 215    11.103 56787.37862346 24.62 117.220400  30.532540  8.276 -100.00 -100.00 -100.00
 216    10.580 56797.29427427 34.00 117.212871  30.538355 17.615  243.31  250.59  243.32
 216    10.527 56797.29427486 29.09 117.214143  30.535947  8.862  243.31  250.59  243.32
 216    11.393 56797.29427545 27.56 117.215416  30.533539  5.776  243.31  250.59  243.32
 217    11.218 56807.20992207 28.73 117.212093  30.536686  6.514  247.84  258.97  247.86
 217    11.185 56807.20992266 28.83 117.213365  30.534278  6.487  247.84  258.97  247.86
 217    11.393 56807.20992325 29.60 117.214637  30.531870  6.853  247.84  258.97  247.86
 218    10.755 56817.12556370 29.34 117.213481  30.536735 17.305  244.19  255.73  243.79
 218    11.501 56817.12556429 27.26 117.214753  30.534327 12.724  244.19  255.73  243.79
 218    11.488 56817.12556488 29.90 117.216025  30.531919 20.871  244.19  255.73  243.79
 219    10.447 56827.04120172 30.56 117.215282  30.537362 19.014  243.33  253.98  243.31
 219    10.658 56827.04120231 27.35 117.216554  30.534954 13.455  243.33  253.98  243.31
 219    11.168 56827.04120290 26.50 117.217826  30.532546  9.720  243.33  253.98  243.31
 221    12.563 56846.87246795 30.42 117.220659  30.538911 14.758 -100.00 -100.00 -100.00
 221    12.230 56846.87246854 28.83 117.221932  30.536504 14.944 -100.00 -100.00 -100.00
 221    12.276 56846.87246913 31.19 117.223204  30.534096 22.050 -100.00 -100.00 -100.00
 222    13.175 56856.78811814 32.68 117.219440  30.538045 14.181 -100.00 -100.00 -100.00
 222    13.322 56856.78811873 32.75 117.220712  30.535637 12.731 -100.00 -100.00 -100.00
 222    13.266 56856.78811932 34.51 117.221985  30.533229 16.769 -100.00 -100.00 -100.00
 223    13.609 56866.70377116 32.76 117.218371  30.537665 11.786  243.66  255.97  240.90
 223    13.488 56866.70377175 32.92 117.219643  30.535257 14.933  243.66  255.97  240.90
 223    13.620 56866.70377234 39.25 117.220915  30.532849   -100  243.66  255.97  240.90
 224    12.292 56876.61942266 30.06 117.217112  30.537665 20.457  250.54  264.83  249.55
 224    12.293 56876.61942325 29.20 117.218384  30.535257 18.219  250.54  264.83  249.55
 224    12.237 56876.61942384 36.09 117.219656  30.532849   -100  250.54  264.83  249.55
 225    11.485 56886.53507110 29.61 117.215737  30.537216 20.480  248.34  259.54  248.24
 225    11.462 56886.53507169 30.46 117.217009  30.534807 24.000  248.34  259.54  248.24
 225    11.780 56886.53507228 31.87 117.218281  30.532399 26.591  248.34  259.54  248.24
 226    11.187 56896.45071660 31.93 117.213659  30.537630 28.941 -100.00 -100.00 -100.00
 226    11.679 56896.45071719 27.51 117.214931  30.535222 15.284 -100.00 -100.00 -100.00
 226    11.970 56896.45071778 31.20 117.216204  30.532814 25.617 -100.00 -100.00 -100.00
 227    11.415 56906.36635947 31.10 117.212537  30.537752 12.464  254.34  263.21  253.07
 227    11.805 56906.36636006 28.26 117.213810  30.535344  6.946  254.34  263.21  253.07
 227    11.870 56906.36636065 32.07 117.215082  30.532935 14.985  254.34  263.21  253.07
 228    11.300 56916.28200088 31.40 117.213783  30.536640 22.408  253.95  265.22  252.05
 228    11.689 56916.28200147 28.43 117.215055  30.534232 16.466  253.95  265.22  252.05
 228    11.651 56916.28200207 38.24 117.216327  30.531823   -100  253.95  265.22  252.05
 229    10.845 56926.19764011 33.87 117.216042  30.538340 15.747 -100.00 -100.00 -100.00
 229    10.663 56926.19764070 34.45 117.217315  30.535932 18.997 -100.00 -100.00 -100.00
 229    11.886 56926.19764129 32.62 117.218587  30.533523 12.686 -100.00 -100.00 -100.00
 230    10.667 56936.11327660 32.12 117.220494  30.538450   -100 -100.00 -100.00 -100.00
 230    11.227 56936.11327719 27.16 117.221766  30.536042 18.028 -100.00 -100.00 -100.00
 230    11.067 56936.11327778 34.19 117.223038  30.533633   -100 -100.00 -100.00 -100.00
 231    10.745 56946.02890773 30.08 117.225366  30.539247 19.560 -100.00 -100.00 -100.00
 231    10.993 56946.02890832 26.72 117.226638  30.536839 12.034 -100.00 -100.00 -100.00
 231    10.590 56946.02890891 26.63 117.227910  30.534431 14.473 -100.00 -100.00 -100.00
 231    10.816 56946.02890950 24.38 117.229182  30.532022  9.380 -100.00 -100.00 -100.00
 232     6.435 56955.94456061 33.02 117.222681  30.537329 14.793 -100.00 -100.00 -100.00
 232     9.618 56955.94456120 31.80 117.223953  30.534921 11.673 -100.00 -100.00 -100.00
 232     9.810 56955.94456179 34.26 117.225225  30.532513 15.880 -100.00 -100.00 -100.00
 233    10.336 56965.86020915 37.05 117.218094  30.538847   -100  234.45  237.08  235.11
 233    10.410 56965.86020975 30.33 117.219367  30.536439 14.821  234.45  237.08  235.11
 233    10.225 56965.86021034 29.39 117.220639  30.534031 11.755  234.45  237.08  235.11
 233    10.982 56965.86021093 31.46 117.221911  30.531622 14.323  234.45  237.08  235.11
 234    11.586 56975.77585381 34.56 117.217052  30.538561   -100 -100.00 -100.00 -100.00
 234    10.654 56975.77585440 28.55 117.218325  30.536153 16.580 -100.00 -100.00 -100.00
 234    11.381 56975.77585499 25.76 117.219597  30.533745 10.868 -100.00 -100.00 -100.00
 235    10.557 56985.69149425 34.34 117.219178  30.537693   -100 -100.00 -100.00 -100.00
 235    10.525 56985.69149484 30.45 117.220450  30.535285 19.033 -100.00 -100.00 -100.00
 235    11.442 56985.69149543 26.60 117.221722  30.532877  9.156 -100.00 -100.00 -100.00
 236    10.564 56995.60712866 35.50 117.222203  30.539410   -100 -100.00 -100.00 -100.00
 236    10.513 56995.60712925 29.35 117.223475  30.537002 18.186 -100.00 -100.00 -100.00
 236    10.427 56995.60712984 30.01 117.224748  30.534593 16.580 -100.00 -100.00 -100.00
 236    10.175 56995.60713043 31.82 117.226020  30.532185 23.030 -100.00 -100.00 -100.00
 237    10.621 57005.52277112 28.33 117.223697  30.537814 11.385 -100.00 -100.00 -100.00
 237    10.168 57005.52277171 30.47 117.224969  30.535406 17.565 -100.00 -100.00 -100.00
 237    10.456 57005.52277230 27.11 117.226241  30.532998  9.056 -100.00 -100.00 -100.00
 238    11.732 57015.43842555 33.18 117.219005  30.537410   -100  230.68  230.15  230.91
 238    10.462 57015.43842614 29.04 117.220277  30.535001 23.864  230.68  230.15  230.91
 238    11.455 57015.43842673 26.29 117.221549  30.532593 13.342  230.68  230.15  230.91
 239    10.579 57025.35407570 34.88 117.215161  30.538678   -100  235.58  236.04  235.34
 239    10.328 57025.35407629 31.81 117.216434  30.536270 31.396  235.58  236.04  235.34
 239    10.333 57025.35407688 30.48 117.217706  30.533862 25.704  235.58  236.04  235.34
 240    10.338 57035.26972489 33.25 117.215727  30.537114 29.929  231.59  236.21  235.41
 240    10.552 57035.26972548 28.85 117.216999  30.534706 14.703  231.59  236.21  235.41
 240    11.071 57035.26972607 28.10 117.218272  30.532298 13.094  231.59  236.21  235.41
 241    11.948 57045.18537100 32.04 117.216453  30.539041 10.692  238.01  238.90  237.51
 241    11.600 57045.18537159 29.89 117.217725  30.536633 11.200  238.01  238.90  237.51
 241    10.186 57045.18537218 29.18 117.218997  30.534225  7.669  238.01  238.90  237.51
 241    10.859 57045.18537277 28.47 117.220269  30.531817  7.404  238.01  238.90  237.51
 242    11.713 57055.10101463 33.16 117.218430  30.538792 22.667 -100.00 -100.00 -100.00
 242    11.430 57055.10101522 30.01 117.219703  30.536384 20.757 -100.00 -100.00 -100.00
 242    10.213 57055.10101581 29.61 117.220975  30.533976 17.395 -100.00 -100.00 -100.00
 243    10.270 57065.01665356 30.78 117.220297  30.537140  8.777 -100.00 -100.00 -100.00
 243     9.994 57065.01665415 31.39 117.221569  30.534732 10.609 -100.00 -100.00 -100.00
 243     9.769 57065.01665474 32.13 117.222841  30.532324 11.533 -100.00 -100.00 -100.00
 244    11.584 57074.93228688 32.87 117.220572  30.538878 16.967 -100.00 -100.00 -100.00
 244    10.338 57074.93228747 29.53 117.221844  30.536470 11.636 -100.00 -100.00 -100.00
 244    11.134 57074.93228806 27.48 117.223116  30.534062  6.722 -100.00 -100.00 -100.00
 245    10.627 57084.84791762 31.41 117.224552  30.537950 21.489 -100.00 -100.00 -100.00
 245    10.485 57084.84791821 30.65 117.225825  30.535542 22.341 -100.00 -100.00 -100.00
 245    10.451 57084.84791880 28.74 117.227097  30.533135 16.268 -100.00 -100.00 -100.00
 246    10.434 57094.76357136 28.99 117.222662  30.537492 19.782 -100.00 -100.00 -100.00
 246    10.333 57094.76357196 28.38 117.223934  30.535085 16.196 -100.00 -100.00 -100.00
 246    10.249 57094.76357255 31.60 117.225206  30.532677 26.120 -100.00 -100.00 -100.00
 247    10.318 57104.67922761 32.83 117.220678  30.537115 31.605  230.36  233.27  230.25
 247    10.454 57104.67922820 31.12 117.221950  30.534707 23.158  230.36  233.27  230.25
 247    10.645 57104.67922879 31.18 117.223221  30.532299 23.079  230.36  233.27  230.25
 248    12.023 57114.59487900 34.75 117.218856  30.539135 23.250  235.44  246.12  236.60
 248    11.842 57114.59487960 31.26 117.220128  30.536727 16.500  235.44  246.12  236.60
 248    11.512 57114.59488019 31.04 117.221399  30.534319 16.716  235.44  246.12  236.60
 248    10.856 57114.59488078 30.86 117.222671  30.531911 16.544  235.44  246.12  236.60
 249    11.979 57124.51052508 32.71 117.218941  30.537619 28.343  233.59  238.75  237.80
 249    10.797 57124.51052567 28.68 117.220213  30.535211 16.080  233.59  238.75  237.80
 249    10.894 57124.51052626 32.34 117.221485  30.532803 27.309  233.59  238.75  237.80
 250    11.705 57134.42616561 33.14 117.218223  30.537272 17.504  236.88  238.16  235.91
 250    11.338 57134.42616620 28.02 117.219495  30.534864  6.276  236.88  238.16  235.91
 250    11.369 57134.42616679 28.69 117.220767  30.532456  8.213  236.88  238.16  235.91
 251    11.848 57144.34180173 32.94 117.218847  30.538291 25.729  245.01  255.88  249.50
 251    10.402 57144.34180232 30.52 117.220120  30.535883 22.836  245.01  255.88  249.50
 251    10.879 57144.34180291 30.91 117.221392  30.533475 19.978  245.01  255.88  249.50
 252    10.662 57154.25743616 29.96 117.222692  30.537216 20.336 -100.00 -100.00 -100.00
 252    10.714 57154.25743675 28.60 117.223965  30.534808 14.639 -100.00 -100.00 -100.00
 252     9.902 57154.25743734 32.78 117.225237  30.532400 29.511 -100.00 -100.00 -100.00
 253    10.806 57164.17307310 33.44 117.224689  30.539322 27.612 -100.00 -100.00 -100.00
 253    10.378 57164.17307369 34.48 117.225962  30.536914   -100 -100.00 -100.00 -100.00
 253    10.683 57164.17307428 30.69 117.227234  30.534506 19.849 -100.00 -100.00 -100.00
 253    10.980 57164.17307487 29.99 117.228506  30.532098 16.443 -100.00 -100.00 -100.00
 254    10.660 57174.08873000 34.82 117.221413  30.538893 24.724 -100.00 -100.00 -100.00
 254    10.734 57174.08873059 29.75 117.222685  30.536485 11.528 -100.00 -100.00 -100.00
 254    10.829 57174.08873118 29.96 117.223957  30.534077 10.803 -100.00 -100.00 -100.00
 255    12.702 57184.00438330 34.82 117.217748  30.539203 31.917  232.13  242.80  233.31
 255    12.487 57184.00438389 30.73 117.219020  30.536795 20.211  232.13  242.80  233.31
 255    12.442 57184.00438448 28.36 117.220292  30.534387 13.494  232.13  242.80  233.31
 255    12.752 57184.00438507 32.46 117.221564  30.531979 17.270  232.13  242.80  233.31
 256    14.044 57193.92003289 36.60 117.215021  30.538309   -100  233.34  250.61  236.90
 256    13.886 57193.92003348 30.80 117.216294  30.535901 13.983  233.34  250.61  236.90
 256    13.846 57193.92003407 33.80 117.217566  30.533493 25.301  233.34  250.61  236.90
 257    14.094 57203.83567987 33.10 117.213247  30.538285 17.674  233.15  254.73  237.91
 257    13.807 57203.83568046 32.44 117.214520  30.535877 17.478  233.15  254.73  237.91
 257    13.958 57203.83568105 33.44 117.215792  30.533469 18.626  233.15  254.73  237.91
 258    13.560 57213.75131377 32.76 117.214482  30.537568 21.281  237.52  254.27  238.66
 258    13.482 57213.75131437 33.70 117.215754  30.535160 25.559  237.52  254.27  238.66
 258    13.582 57213.75131496 34.59 117.217027  30.532752 28.731  237.52  254.27  238.66
 259    12.625 57223.66695713 36.15 117.216851  30.539001 30.788  244.38  260.88  243.42
 259    12.502 57223.66695772 31.21 117.218124  30.536593 20.406  244.38  260.88  243.42
 259    12.694 57223.66695831 29.43 117.219396  30.534184 15.202  244.38  260.88  243.42
 259    12.720 57223.66695890 40.48 117.220668  30.531776  1.550  244.38  260.88  243.42
 260    11.989 57233.58259928 34.54 117.220240  30.537855 19.654 -100.00 -100.00 -100.00
 260    12.319 57233.58259987 32.08 117.221512  30.535447 10.627 -100.00 -100.00 -100.00
 260    12.337 57233.58260046 33.41 117.222784  30.533039 11.792 -100.00 -100.00 -100.00
 261    11.785 57243.49823772 34.78 117.220696  30.539036 26.548 -100.00 -100.00 -100.00
 261    11.366 57243.49823831 29.75 117.221968  30.536628 15.417 -100.00 -100.00 -100.00
 261    11.316 57243.49823890 31.67 117.223241  30.534220 21.500 -100.00 -100.00 -100.00
 261    11.312 57243.49823949 35.04 117.224513  30.531811 32.399 -100.00 -100.00 -100.00
 262    10.774 57253.41387411 29.76 117.221339  30.538351 11.876 -100.00 -100.00 -100.00
 262    11.372 57253.41387470 28.04 117.222612  30.535943  9.078 -100.00 -100.00 -100.00
 262    11.335 57253.41387529 29.41 117.223884  30.533534  9.446 -100.00 -100.00 -100.00
 263    10.661 57263.32950894 31.77 117.222561  30.539158 30.347 -100.00 -100.00 -100.00
 263    10.621 57263.32950953 29.91 117.223834  30.536749 26.717 -100.00 -100.00 -100.00
 263    10.870 57263.32951012 29.38 117.225106  30.534341 19.302 -100.00 -100.00 -100.00
 263    10.930 57263.32951071 27.64 117.226378  30.531933 15.698 -100.00 -100.00 -100.00
 264    10.380 57273.24514686 31.01 117.226093  30.538603 28.515 -100.00 -100.00 -100.00
 264    10.634 57273.24514745 25.60 117.227365  30.536195 12.368 -100.00 -100.00 -100.00
 264    10.963 57273.24514804 24.96 117.228637  30.533786  9.994 -100.00 -100.00 -100.00
 265    10.494 57283.16080424 29.91 117.224479  30.538876 25.842 -100.00 -100.00 -100.00
 265    10.563 57283.16080483 27.27 117.225751  30.536468 16.432 -100.00 -100.00 -100.00
 265    10.375 57283.16080542 25.40 117.227023  30.534059 13.644 -100.00 -100.00 -100.00
 266    10.406 57293.07645905 32.69 117.222553  30.539019   -100 -100.00 -100.00 -100.00
 266    10.563 57293.07645964 27.38 117.223825  30.536610 16.516 -100.00 -100.00 -100.00
 266    10.015 57293.07646023 29.51 117.225097  30.534202 24.420 -100.00 -100.00 -100.00
 266    10.667 57293.07646082 28.39 117.226370  30.531793 21.217 -100.00 -100.00 -100.00
 267    11.400 57302.99211065 30.90 117.220108  30.537533 22.943  239.14  247.54  243.51
 267    11.043 57302.99211124 29.24 117.221380  30.535124 17.314  239.14  247.54  243.51
 267    11.382 57302.99211183 29.21 117.222652  30.532716 14.869  239.14  247.54  243.51
 268    10.443 57312.90775765 36.58 117.215792  30.538818   -100  236.00  237.90  234.81
 268    11.475 57312.90775824 29.83 117.217064  30.536410 22.952  236.00  237.90  234.81
 268    10.854 57312.90775883 28.23 117.218337  30.534001 17.021  236.00  237.90  234.81
 268    11.379 57312.90775942 28.66 117.219609  30.531593 15.560  236.00  237.90  234.81
 269    10.493 57322.82340209 28.96 117.214183  30.536943 17.420  236.06  239.64  235.48
 269    10.113 57322.82340268 31.32 117.215456  30.534535 27.573  236.06  239.64  235.48
 269    11.359 57322.82340327 25.91 117.216728  30.532127  9.806  236.06  239.64  235.48
 270    10.343 57332.73904395 34.23 117.214245  30.537584   -100  239.52  251.18  240.51
 270    10.731 57332.73904454 29.31 117.215517  30.535176 15.250  239.52  251.18  240.51
 270    11.150 57332.73904513 27.32 117.216789  30.532767 10.600  239.52  251.18  240.51
 271    10.517 57342.65468412 34.60 117.217311  30.537445 26.545  244.52  258.41  260.50
 271    10.659 57342.65468471 31.02 117.218583  30.535037 15.662  244.52  258.41  260.50
 271    11.297 57342.65468530 29.18 117.219855  30.532628 10.198  244.52  258.41  260.50
 272    10.518 57352.57033583 35.76 117.215478  30.537878   -100  219.85  220.46  222.29
 272    10.488 57352.57033642 31.57 117.216750  30.535470 22.300  219.85  220.46  222.29
 272    11.441 57352.57033701 28.53 117.218023  30.533062 13.499  219.85  220.46  222.29
 273    10.822 57362.48597997 31.85 117.215778  30.537220 11.033 -100.00 -100.00 -100.00
 273    11.422 57362.48598056 29.76 117.217050  30.534811  6.968 -100.00 -100.00 -100.00
 273    11.304 57362.48598115 30.94 117.218322  30.532403  9.367 -100.00 -100.00 -100.00
 274    10.641 57372.40162067 32.55 117.215328  30.537637 27.748  222.47  221.67  224.36
 274    11.381 57372.40162126 28.84 117.216601  30.535229 14.475  222.47  221.67  224.36
 274    11.133 57372.40162185 30.26 117.217873  30.532820 20.087  222.47  221.67  224.36
 275    11.553 57382.31725978 34.55 117.215830  30.538434 28.341  227.81  228.83  229.37
 275    10.587 57382.31726037 32.05 117.217103  30.536025 26.913  227.81  228.83  229.37
 275    11.388 57382.31726096 29.67 117.218375  30.533617 15.911  227.81  228.83  229.37
 276    11.738 57392.23289891 36.40 117.218767  30.538826   -100  231.31  237.95  237.21
 276    10.393 57392.23289950 32.42 117.220039  30.536418 24.496  231.31  237.95  237.21
 276    11.319 57392.23290009 29.67 117.221312  30.534010 17.100  231.31  237.95  237.21
 277    10.533 57402.14853786 30.65 117.224499  30.537190 19.768 -100.00 -100.00 -100.00
 277    10.463 57402.14853845 29.05 117.225771  30.534782 15.208 -100.00 -100.00 -100.00
 277    10.949 57402.14853904 26.22 117.227043  30.532374  7.619 -100.00 -100.00 -100.00
 278    10.421 57412.06418120 30.49 117.226394  30.537624 15.068 -100.00 -100.00 -100.00
 278    11.116 57412.06418180 29.00 117.227666  30.535216 13.131 -100.00 -100.00 -100.00
 278    10.722 57412.06418239 29.59 117.228938  30.532807 12.917 -100.00 -100.00 -100.00
 279    10.608 57421.97983324 29.98 117.222995  30.537235 17.297 -100.00 -100.00 -100.00
 279    10.569 57421.97983383 29.70 117.224267  30.534827 15.106 -100.00 -100.00 -100.00
 279     9.679 57421.97983442 34.37 117.225539  30.532419   -100 -100.00 -100.00 -100.00
 280    12.075 57431.89548190 34.29 117.217731  30.538787 21.887  220.48  226.53  226.17
 280    10.387 57431.89548249 33.08 117.219003  30.536379 21.728  220.48  226.53  226.17
 280    11.632 57431.89548308 30.90 117.220275  30.533971 15.462  220.48  226.53  226.17
 281    10.340 57441.81112943 34.48 117.216089  30.537142   -100  226.81  229.26  228.00
 281    10.492 57441.81113002 30.48 117.217361  30.534734 18.641  226.81  229.26  228.00
 281    11.061 57441.81113061 29.93 117.218633  30.532326 18.006  226.81  229.26  228.00
 282    10.336 57451.72677581 31.97 117.216767  30.537433 13.690 -100.00 -100.00 -100.00
 282    10.258 57451.72677640 32.09 117.218039  30.535025 12.144 -100.00 -100.00 -100.00
 282    10.428 57451.72677699 32.72 117.219311  30.532617 13.838 -100.00 -100.00 -100.00
 283    12.073 57461.64242065 32.96 117.218915  30.537574 25.914 -100.00 -100.00 -100.00
 283    10.587 57461.64242124 29.07 117.220187  30.535166 18.286 -100.00 -100.00 -100.00
 283    10.686 57461.64242183 33.57 117.221459  30.532758   -100 -100.00 -100.00 -100.00
 284    10.380 57471.55806196 31.14 117.221675  30.538029 11.723 -100.00 -100.00 -100.00
 284    10.276 57471.55806255 32.94 117.222947  30.535621 18.107 -100.00 -100.00 -100.00
 284    10.182 57471.55806314 32.41 117.224219  30.533213 13.408 -100.00 -100.00 -100.00
 285    10.719 57481.47369913 33.35 117.222784  30.538932 21.333 -100.00 -100.00 -100.00
 285    10.528 57481.47369972 30.55 117.224056  30.536524 15.934 -100.00 -100.00 -100.00
 285    10.350 57481.47370031 30.68 117.225328  30.534116 14.512 -100.00 -100.00 -100.00
 286    10.724 57491.38933363 30.36 117.223499  30.538123 11.747 -100.00 -100.00 -100.00
 286    10.478 57491.38933422 30.46 117.224772  30.535715 12.355 -100.00 -100.00 -100.00
 286    10.488 57491.38933481 30.78 117.226044  30.533307 13.845 -100.00 -100.00 -100.00
 287    10.877 57501.30496619 35.38 117.225242  30.538416 26.197 -100.00 -100.00 -100.00
 287    11.543 57501.30496678 31.50 117.226515  30.536009 14.461 -100.00 -100.00 -100.00
 287    11.923 57501.30496737 29.06 117.227787  30.533600  9.292 -100.00 -100.00 -100.00
 288    11.959 57511.22061428 32.81 117.223785  30.538612 20.340 -100.00 -100.00 -100.00
 288    11.845 57511.22061487 32.16 117.225058  30.536204 21.986 -100.00 -100.00 -100.00
 288    12.438 57511.22061546 29.83 117.226330  30.533796 13.457 -100.00 -100.00 -100.00
 289    12.819 57521.13626968 35.44 117.220671  30.539172 29.857 -100.00 -100.00 -100.00
 289    12.127 57521.13627027 31.96 117.221944  30.536764 22.756 -100.00 -100.00 -100.00
 289    12.500 57521.13627086 30.11 117.223216  30.534356 16.920 -100.00 -100.00 -100.00
 289    12.700 57521.13627145 33.15 117.224488  30.531948 23.848 -100.00 -100.00 -100.00
 290    12.430 57531.05192279 36.20 117.218804  30.539223 22.917 -100.00 -100.00 -100.00
 290    12.568 57531.05192338 31.22 117.220076  30.536815 12.659 -100.00 -100.00 -100.00
 290    12.658 57531.05192397 29.73 117.221348  30.534407  8.360 -100.00 -100.00 -100.00
 290    12.561 57531.05192456 33.54 117.222620  30.531999 17.446 -100.00 -100.00 -100.00
 291    12.253 57540.96757275 35.95 117.217236  30.538315 32.084 -100.00 -100.00 -100.00
 291    12.086 57540.96757334 33.27 117.218508  30.535907 26.281 -100.00 -100.00 -100.00
 291    12.653 57540.96757393 30.99 117.219780  30.533499 16.735 -100.00 -100.00 -100.00
 292    12.664 57550.88321944 35.98 117.215139  30.538509 23.541 -100.00 -100.00 -100.00
 292    12.797 57550.88322003 34.04 117.216411  30.536101 20.267 -100.00 -100.00 -100.00
 292    12.990 57550.88322062 33.79 117.217683  30.533693 18.810 -100.00 -100.00 -100.00
 293    13.349 57560.79886492 34.26 117.214828  30.537203 12.662  237.74  258.48  241.91
 293    13.401 57560.79886551 32.52 117.216100  30.534795 10.318  237.74  258.48  241.91
 293    13.601 57560.79886610 33.85 117.217372  30.532387 13.144  237.74  258.48  241.91
 294    13.972 57570.71450916 38.98 117.214708  30.538896 31.798  243.69  263.55  253.64
 294    13.966 57570.71450975 35.20 117.215980  30.536488 19.120  243.69  263.55  253.64
 294    13.993 57570.71451034 36.76 117.217252  30.534080 24.872  243.69  263.55  253.64
 294    14.213 57570.71451093 39.02 117.218525  30.531672 30.212  243.69  263.55  253.64
 295    15.487 57580.63015377 38.42 117.216999  30.538507 21.033  230.94  249.94  231.75
 295    15.874 57580.63015436 37.92 117.218271  30.536099 21.551  230.94  249.94  231.75
 295    16.023 57580.63015496 36.54 117.219543  30.533690 15.806  230.94  249.94  231.75
 296    15.357 57590.54579683 36.90 117.219839  30.537479 19.081  237.21  255.29  237.37
 296    15.397 57590.54579742 36.15 117.221111  30.535071 18.618  237.21  255.29  237.37
 296    15.434 57590.54579801 36.42 117.222383  30.532663 19.095  237.21  255.29  237.37
 297    14.371 57600.46143686 36.13 117.220759  30.537248 29.405  242.92  258.45  241.36
 297    14.294 57600.46143745 34.44 117.222031  30.534839 20.234  242.92  258.45  241.36
 297    14.425 57600.46143805 31.62 117.223304  30.532431 12.347  242.92  258.45  241.36
