#   16.051   0.003   2.573 ;Mean Elev.(m), Avg Gradient(m/km), RMS Gradient(m/km) - SRTM1     
#    6.277   0.447   4.017 ;Mean Elev.(m), Avg Gradient(m/km), RMS Gradient(m/km) - ASTER GDEM
#   16.018  -0.001   2.605 ;Mean Elev.(m), Avg Gradient(m/km), RMS Gradient(m/km) - GMTED2010 
   2 114.338679  30.629055    20.865    20.871  6 54672.37976601 29.878
   3 114.338149  30.629094    -6.801    -6.863  7 54682.29540953 18.192
   4 114.339771  30.629700    22.512    22.513  6 54692.21105206 30.910
   5 114.341800  30.632054    -4.710    -4.656  7 54702.12669199 17.127
   6 114.341053  30.631643    22.846    22.795  6 54712.04234028 38.069
   7 114.338593  30.628951     3.354     3.335  6 54721.95799183 19.445
   8 114.335321  30.625559    21.919    22.123  6 54731.87364072 30.496
   9 114.333262  30.623310    20.498    20.362  7 54741.78928769 32.982
  10 114.332502  30.623588    22.105    22.673  6 54751.70493400 27.188
  11 114.333438  30.623102    27.221    27.078  6 54761.62058033 25.770
  12 114.333641  30.624336    25.967    26.402  6 54771.53622382 28.888
  13 114.334051  30.625117    22.441    22.085  6 54781.45186441 30.746
  14 114.335021  30.625355    24.447    24.108  6 54791.36750281 25.874
  15 114.336364  30.626809    22.329    22.328  6 54801.28314016 26.946
  16 114.338112  30.628793    23.266    23.264  6 54811.19877763 26.700
  17 114.339430  30.630620    24.020    24.149  6 54821.11441844 23.343
  18 114.338254  30.629044    23.249    23.052  6 54831.03007128 26.807
  19 114.336740  30.626363    22.808    23.091  6 54840.94571076 26.153
  20 114.334406  30.625058    20.258    19.645  6 54850.86135997 28.768
  21 114.333820  30.623350    12.674    12.693  6 54860.77700882 35.090
  22 114.333414  30.623426    25.086    24.577  6 54870.69265725 25.946
  23 114.333178  30.624081    25.932    26.775  6 54880.60830411 27.458
  24 114.333083  30.624115    25.614    26.401  6 54890.52394789 28.811
  25 114.332769  30.621795    23.754    22.770  6 54900.43958915 26.280
  26 114.331263  30.622433    26.275    26.758  6 54910.35522792 26.594
  27 114.332328  30.621927    26.601    26.508  6 54920.27086612 24.197
  28 114.334093  30.624190    25.311    26.294  6 54930.18650354 24.901
  29 114.336423  30.626701    26.570    26.529  6 54940.10213987 27.907
  30 114.338616  30.628261    21.384    19.697  7 54950.01777473 29.770
  31 114.338352  30.629702    20.817    20.632  6 54959.93341373 28.227
  32 114.337422  30.627610    24.071    24.862  7 54969.84906270 29.271
  33 114.336754  30.627884    26.253    26.504  6 54979.76470980 27.307
  34 114.336815  30.627629    23.082    22.262  6 54989.68035674 26.910
  35 114.336411  30.627198    22.718    22.327  6 54999.59600360 28.561
  36 114.336099  30.626437    23.449    23.614  6 55009.51164875 26.756
  37 114.336346  30.625554    21.947    22.063  6 55019.42729236 31.704
  38 114.336265  30.626299    21.941    21.977  6 55029.34293451 31.966
  39 114.336796  30.626837    25.130    25.648  7 55039.25857631 32.401
  40 114.338170  30.628678    22.214    22.658  7 55049.17421680 33.132
  41 114.339357  30.630454    22.372    22.268  6 55059.08985526 38.049
  42 114.339210  30.630433    21.699    21.681  6 55069.00549491 35.370
  43 114.336748  30.626680    21.913    21.932  6 55078.92114534 32.269
  44 114.333818  30.625001    25.091    25.150  6 55088.83679298 25.392
  45 114.332935  30.623728    25.549    26.470  6 55098.75243914 24.324
  46 114.333659  30.623687    24.940    25.092  7 55108.66808457 28.208
  47 114.334783  30.623728    22.834    23.063  6 55118.58372889 27.051
  48 114.334614  30.624138    17.463    18.171  6 55128.49937067 28.933
  49 114.334145  30.623666    25.282    26.184  6 55138.41501061 24.408
  50 114.334230  30.624722    26.025    26.535  7 55148.33064901 27.607
  51 114.336554  30.626174    22.555    23.164  6 55158.24628730 27.660
  52 114.339056  30.628369    25.440    25.591  6 55168.16192537 25.012
  53 114.340452  30.630871    23.828    25.014  6 55178.07756262 28.019
  54 114.339646  30.629838    22.045    22.246  6 55187.99320786 27.572
  55 114.336809  30.627599    15.331    12.359  6 55197.90885913 33.716
  56 114.335294  30.625578    20.440    21.580  6 55207.82450927 27.945
  57 114.335099  30.625293    25.511    26.438  7 55217.74015848 25.524
  58 114.335083  30.624700    26.316    26.566  7 55227.65580691 26.638
  59 114.334248  30.624512    27.059    26.627  6 55237.57145231 26.666
  60 114.333427  30.623092    12.968    12.975  7 55247.48709445 37.085
  61 114.332498  30.621165    26.650    26.732  6 55257.40273435 26.242
  62 114.331770  30.622178    24.364    24.201  6 55267.31837302 25.771
  63 114.332963  30.623995    24.946    25.203  6 55277.23401136 25.566
  64 114.335415  30.626499    26.352    26.614  6 55287.14964863 27.138
  65 114.338179  30.628694    26.684    26.696  6 55297.06528368 26.113
  66 114.337739  30.628571    25.664    26.389  7 55306.98092521 28.013
  67 114.335693  30.625661    23.333    23.657  6 55316.89657245 27.028
  68 114.334484  30.624760    22.472    22.285  6 55326.81221789 28.038
  69 114.335367  30.625292    21.516    21.560  7 55336.72786202 30.996
  70 114.336767  30.626731    21.429    21.463  6 55346.64350547 33.020
  71 114.337393  30.627691    22.071    21.660  6 55356.55914751 33.204
  72 114.337128  30.627885    21.853    21.633  7 55366.47478765 35.832
  73 114.337376  30.627451    24.147    24.091  7 55376.39042658 36.186
  74 114.338315  30.628842    23.440    23.387  6 55386.30606448 38.825
  75 114.340466  30.630152    25.341    25.244  7 55396.22170176 25.866
  76 114.341600  30.632357    25.724    25.622  6 55406.13734297 24.709
  77 114.339397  30.630570    24.487    24.425  6 55416.05299461 30.981
  78 114.336909  30.626714    22.665    22.640  7 55425.96864334 38.983
  79 114.334450  30.624270    22.902    22.949  6 55435.88428894 30.018
  80 114.333569  30.622771    22.028    22.012  6 55445.79993295 34.400
  81 114.333833  30.623774    22.380    22.215  7 55455.71557566 37.356
  82 114.335091  30.626074    24.216    23.766  6 55465.63121743 31.853
  83 114.337116  30.627167    22.441    22.043  6 55475.54685653 28.088
  84 114.337894  30.628082    24.177    24.112  6 55485.46249249 26.683
  85 114.337850  30.628459    25.381    25.270  6 55495.37812652 22.883
  86 114.338994  30.629335    23.508    23.874  6 55505.29376043 25.449
  87 114.338480  30.628090    27.261    26.303  6 55515.20941145 25.211
  88 114.338391  30.629271    24.585    24.812  6 55525.12506121 25.543
  89 114.338352  30.628142    17.050    15.869  7 55535.04070952 31.306
  90 114.336403  30.627746    26.123    26.157  6 55544.95635545 26.432
  91 114.335302  30.625467    25.312    25.808  7 55554.87199981 26.308
  92 114.335343  30.624210    13.752    13.713  6 55564.78764291 32.195
  93 114.335933  30.626760    13.871    13.853  6 55574.70328456 33.700
  94 114.337572  30.627752    25.173    25.821  7 55584.61892496 24.823
  95 114.338515  30.628726    14.163    14.124  6 55594.53456194 46.155
  96 114.339065  30.628710    14.578    12.822  6 55604.45019580 36.014
  97 114.339288  30.630109    15.040    13.481  6 55614.36582750 31.928
  98 114.339761  30.630483    24.587    24.361  6 55624.28146636 24.473
  99 114.338306  30.629156    24.996    25.613  7 55634.19711947 23.919
 100 114.337676  30.628524    25.963    25.940  6 55644.11277032 23.033
 101 114.336860  30.628292    26.768    26.766  6 55654.02841824 25.569
 102 114.336524  30.626222    25.215    25.404  7 55663.94406201 26.697
 103 114.335747  30.625111    14.250    14.237  6 55673.85970236 30.720
 104 114.335462  30.626303    26.571    26.719  6 55683.77534047 25.229
 105 114.337528  30.628728    14.840    13.248  6 55693.69097711 32.478
 106 114.340815  30.631831    26.581    26.576  7 55703.60661220 24.973
 107 114.341788  30.631849    18.938    18.948  7 55713.52225697 29.499
 108 114.339854  30.629802    25.276    24.965  7 55723.43790610 25.480
 109 114.337603  30.628146    22.732    22.828  6 55733.35355331 32.441
 110 114.336340  30.627497    21.818    21.521  6 55743.26919933 31.557
 111 114.336541  30.626968    23.267    23.949  7 55753.18484422 28.561
 112 114.337129  30.628122    24.901    25.212  6 55763.10048658 23.899
 113 114.337811  30.628234    26.428    26.340  6 55773.01612635 23.436
 114 114.338050  30.627347    25.439    25.097  6 55782.93176275 24.506
 115 114.338443  30.628774    25.057    25.739  7 55792.84739593 25.486
 116 114.340120  30.630897    23.735    24.071  7 55802.76302999 26.011
 117 114.340024  30.629485    26.310    26.214  6 55812.67867977 22.692
 118 114.339573  30.629926    25.233    25.093  6 55822.59432740 22.033
 119 114.339353  30.630574    22.104    22.817  6 55832.50997022 26.438
 120 114.339810  30.629954    25.339    25.122  6 55842.42560904 23.634
 121 114.339926  30.630817    23.938    24.324  7 55852.34124471 24.714
 122 114.341605  30.631719    24.843    24.973  7 55862.25687916 24.207
 123 114.339477  30.630145    26.511    26.303  6 55872.17253404 24.768
 124 114.339381  30.630112    25.153    25.834  7 55882.08818404 25.053
 125 114.339738  30.630426    24.828    25.141  7 55892.00382747 24.225
 126 114.340711  30.631039    26.252    26.038  7 55901.91946511 26.179
 127 114.341853  30.631952    24.520    24.349  7 55911.83509968 23.257
 128 114.338431  30.629602    18.526    19.849  6 55921.75075423 28.483
 129 114.337560  30.626764    21.427    22.007  6 55931.66640628 26.799
 130 114.336126  30.627372    26.023    26.129  6 55941.58205348 26.729
 131 114.335832  30.625811    18.297    18.201  6 55951.49769677 30.594
 132 114.335014  30.625966    21.684    22.071  6 55961.41333610 27.222
 133 114.335555  30.626005    26.590    26.591  6 55971.32897365 26.592
 134 114.337303  30.628419    26.356    26.389  6 55981.24460983 23.922
 135 114.340344  30.630755    25.802    25.502  7 55991.16024498 25.655
 136 114.340063  30.630671    26.106    26.037  6 56001.07589120 25.855
 137 114.337936  30.627973    24.842    24.699  7 56010.99154228 26.112
 138 114.336212  30.625957    25.888    26.371  6 56020.90718928 23.702
 139 114.335255  30.625149    21.630    21.456  6 56030.82283287 28.835
 140 114.336259  30.625200    26.214    26.234  6 56040.73847426 25.968
 141 114.337340  30.628103    24.124    24.634  7 56050.65411277 29.211
 142 114.339846  30.630222    25.849    25.705  6 56060.56974882 27.079
 143 114.341693  30.632118    23.372    23.472  7 56070.48538522 33.194
 144 114.339309  30.630209    22.444    22.621  6 56080.40103596 32.872
 145 114.337763  30.627964    21.816    21.781  6 56090.31668435 34.088
 146 114.337255  30.627538    22.628    22.290  6 56100.23233016 31.000
 147 114.337403  30.627397    22.995    22.789  6 56110.14796200 30.917
 148 114.337891  30.627735    22.814    23.048  7 56120.06360224 26.675
 149 114.338678  30.628417    24.162    24.259  7 56129.97923876 34.523
 150 114.339425  30.629813    24.621    24.685  7 56139.89487186 35.670
 151 114.337391  30.628137    23.777    23.790  6 56149.81052223 30.897
 152 114.337555  30.627002    25.635    25.162  6 56159.72617118 25.269
 153 114.337704  30.627779    21.481    21.468  6 56169.64181826 31.981
 154 114.337582  30.628119    24.741    24.465  7 56179.55746185 30.989
 155 114.337591  30.627278    22.652    22.140  7 56189.47310156 29.039
 156 114.337733  30.627338    23.625    23.650  6 56199.38873815 25.761
 157 114.339538  30.629321    21.763    22.187  7 56209.30437214 27.076
 158 114.342338  30.632999    21.959    22.487  6 56219.22000432 26.594
 159 114.342884  30.632319    26.181    26.218  7 56229.13565231 28.440
 160 114.341066  30.630538    25.649    25.735  6 56239.05130655 24.304
 161 114.338887  30.628708    20.799    19.881  6 56248.96695685 28.577
 162 114.337600  30.627936    18.134    18.701  6 56258.88260203 31.154
 163 114.337652  30.628221    24.596    24.416  6 56268.79824400 23.515
 164 114.338359  30.628901    25.655    26.480  7 56278.71388409 27.723
 165 114.337065  30.628412    20.141    20.281  6 56288.62953352 31.356
 166 114.335951  30.626169    19.421    21.381  7 56298.54518234 29.281
 167 114.334113  30.625377    24.818    24.608  6 56308.46082691 23.820
 168 114.333351  30.624542    16.726    17.051  6 56318.37646926 29.185
 169 114.334038  30.624940    26.160    26.360  6 56328.29211057 25.849
 170 114.336368  30.626460    25.281    25.928  6 56338.20775099 25.566
 171 114.338726  30.629457    20.502    19.618  6 56348.12338929 28.162
 172 114.340413  30.630972    15.226    13.936  7 56358.03902502 32.171
 173 114.337476  30.627241    24.339    24.911  6 56367.95467560 30.720
 175 114.334192  30.623960    26.440    26.415  7 56387.78596976 26.600
 176 114.335532  30.626325    20.337    19.237  6 56397.70161261 26.937
 177 114.337753  30.628303    22.974    23.069  6 56407.61725317 26.834
 178 114.339256  30.630520    23.694    23.565  6 56417.53288966 24.692
 179 114.341380  30.631598    26.144    26.245  7 56427.44852181 26.154
 180 114.337937  30.628936    24.289    24.109  6 56437.36417452 24.722
 181 114.336222  30.625771    23.431    22.870  6 56447.27982652 26.759
 182 114.335683  30.625393    22.692    22.727  7 56457.19547596 32.764
 183 114.335302  30.625360    25.795    25.943  7 56467.11112223 27.446
 184 114.334910  30.625478    24.094    24.272  7 56477.02676439 27.621
 185 114.334993  30.625382    22.288    22.193  6 56486.94240290 29.800
 186 114.336119  30.625776    22.235    22.410  7 56496.85803853 31.991
 187 114.338474  30.628485    22.296    21.310  7 56506.77367225 31.273
 188 114.341570  30.632944    22.455    22.067  7 56516.68930649 27.027
 189 114.340708  30.631858    25.721    26.270  7 56526.60496063 27.433
 190 114.339773  30.629552    24.474    24.963  7 56536.52061085 24.920
 192 114.335537  30.625693    25.005    25.769  6 56556.35190095 23.678
 193 114.335670  30.626298    25.505    26.017  6 56566.26754360 23.472
 194 114.337910  30.628131    23.959    23.746  7 56576.18318502 25.476
 195 114.341062  30.630652    24.317    25.045  7 56586.09882322 23.368
 196 114.342828  30.632039    16.518    17.049  7 56596.01446174 32.407
 197 114.339083  30.629647    25.878    26.486  7 56605.93011444 26.807
 198 114.336846  30.626966    19.939    20.286  6 56615.84576233 27.186
 199 114.336679  30.626405    19.569    19.267  6 56625.76140621 28.301
 200 114.337617  30.627649    22.075    22.141  6 56635.67704694 26.423
 201 114.339428  30.629653    14.279    12.443  6 56645.59268552 32.140
 202 114.337513  30.626924    16.224    14.739  6 56655.50833817 30.904
 203 114.335165  30.625299    23.017    23.198  6 56665.42398634 27.699
 204 114.333640  30.624754    19.989    21.332  6 56675.33963198 27.852
 205 114.334062  30.624696    18.986    19.112  6 56685.25527686 32.448
 206 114.335630  30.626597    25.374    26.302  6 56695.17091957 28.250
 207 114.338613  30.628661    23.747    25.937  6 56705.08655791 29.479
 208 114.340678  30.631272    12.715    12.707  6 56715.00219056 33.412
 209 114.337044  30.627467    14.770    15.068  7 56724.91784336 35.240
 210 114.334135  30.624221    26.418    26.405  6 56734.83349376 25.640
 211 114.333934  30.623348    26.507    26.565  6 56744.74914035 27.801
 212 114.336387  30.625240    14.437    14.441  6 56754.66478223 30.033
 213 114.339464  30.629577    26.303    26.369  6 56764.58041808 24.460
 214 114.340824  30.632060    23.526    23.050  7 56774.49605397 25.956
 215 114.336900  30.627568    23.950    23.461  7 56784.41171131 25.696
 216 114.333229  30.624213    25.834    26.433  6 56794.32736499 23.000
 217 114.331885  30.621368    25.801    26.541  6 56804.24301550 23.499
 218 114.332990  30.622240    25.325    26.162  6 56814.15865832 24.385
 219 114.334268  30.624188    24.877    24.352  7 56824.07429747 24.452
 220 114.336229  30.625287    26.367    26.316  6 56833.98993281 24.728
 221 114.338101  30.627745    22.070    21.593  6 56843.90556432 31.956
 222 114.337781  30.628362    22.483    22.317  6 56853.82120705 34.838
 223 114.336130  30.626890    23.267    23.267  6 56863.73686070 34.958
 224 114.335773  30.625103    22.065    21.768  6 56873.65251385 29.197
 225 114.335304  30.624463    24.060    24.023  6 56883.56816359 26.780
 226 114.334643  30.624195    22.766    22.851  6 56893.48380992 29.480
 227 114.333458  30.623531    23.353    23.405  6 56903.39945319 28.334
 228 114.332477  30.623548    24.525    24.209  6 56913.31509461 28.091
 229 114.333941  30.624070    22.353    22.320  6 56923.23073468 32.966
 230 114.336917  30.626915    23.199    23.179  6 56933.14637213 27.483
 231 114.340671  30.630853    24.484    24.821  7 56943.06200421 23.883
 232 114.340864  30.630417    18.284    19.138  7 56952.97764993 30.506
 233 114.337623  30.628399    25.196    25.678  6 56962.89330080 25.572
 234 114.335792  30.626442    24.332    24.063  7 56972.80894670 25.571
 235 114.336057  30.626705    21.269    22.314  7 56982.72458797 26.967
 236 114.338302  30.628804    26.555    26.280  7 56992.64022432 25.764
 237 114.340857  30.631611    23.350    23.346  7 57002.55585855 26.558
 238 114.337927  30.628176    15.867    13.630  7 57012.47151571 31.189
 239 114.335574  30.626082    24.723    25.054  7 57022.38716722 24.353
 240 114.334962  30.624767    14.630    12.324  7 57032.30281629 31.400
 241 114.335252  30.625143    14.224    12.657  6 57042.21846319 31.086
 242 114.335854  30.626472    25.315    25.672  6 57052.13410782 25.835
 243 114.337213  30.627174    20.385    20.921  7 57062.04974833 28.185
 244 114.338438  30.628830    22.878    23.779  6 57071.96538322 26.816
 245 114.340219  30.631074    13.962    13.952  6 57081.88101378 45.322
 246 114.339953  30.630492    23.434    22.675  7 57091.79665857 26.143
 247 114.337819  30.628019    23.298    24.394  6 57101.71231604 29.858
 248 114.336823  30.627303    25.417    25.546  6 57111.62796977 27.635
 249 114.337026  30.626940    20.910    21.698  6 57121.54361770 29.331
 250 114.336813  30.626540    26.520    26.457  6 57131.45926001 27.095
 251 114.337084  30.627446    26.369    25.888  7 57141.37489717 23.505
 252 114.338838  30.628453    24.613    24.802  7 57151.29053142 26.301
 253 114.341485  30.631774    24.528    23.150  6 57161.20616210 25.712
 254 114.339425  30.629426    26.290    26.395  7 57171.12181825 26.441
 255 114.336955  30.627301    24.618    24.211  6 57181.03747362 30.134
 256 114.335050  30.624865    23.912    24.055  7 57190.95312512 33.270
 257 114.333755  30.624395    23.569    23.528  6 57200.86877289 32.710
 258 114.334733  30.623636    23.317    23.388  6 57210.78440699 34.827
 259 114.335723  30.625794    22.450    21.958  7 57220.70005016 34.207
 260 114.336951  30.626862    21.787    21.801  7 57230.61569230 33.488
 261 114.337457  30.628137    24.889    24.422  7 57240.53133197 28.177
 262 114.338369  30.628817    22.706    23.024  6 57250.44696910 27.650
 263 114.340187  30.629848    23.863    24.487  7 57260.36260427 25.631
 264 114.341964  30.632968    25.464    25.632  7 57270.27823799 25.467
 265 114.341265  30.631441    25.081    25.063  7 57280.19389193 23.075
 266 114.339403  30.630536    26.491    26.483  6 57290.10954766 24.611
 267 114.337606  30.628286    26.212    26.182  7 57300.02520074 26.164
 268 114.336007  30.625866    20.796    20.381  6 57309.94085016 28.560
 269 114.334397  30.624307    25.548    25.426  6 57319.85649583 23.171
 270 114.334092  30.623680    17.905    16.388  7 57329.77213836 30.668
 271 114.334907  30.626054    23.485    23.166  6 57339.68777812 29.481
 272 114.335073  30.624258    26.782    26.449  6 57349.60342778 25.933
 273 114.334454  30.624651    26.063    26.357  7 57359.51907290 24.148
 274 114.334104  30.624352    26.565    26.515  7 57369.43471507 24.407
 275 114.334245  30.625550    26.007    26.114  6 57379.35035474 23.444
 276 114.336974  30.626937    22.344    22.394  7 57389.26599354 28.160
 277 114.339997  30.630461    25.280    26.022  7 57399.18163114 25.980
 278 114.342215  30.632915    26.051    26.160  7 57409.09726885 27.273
 279 114.339724  30.629575    25.079    25.221  7 57419.01292258 24.481
 280 114.336732  30.626813    14.645    14.588  6 57428.92857347 36.426
 281 114.335208  30.625190    22.421    23.260  6 57438.84422168 27.262
 282 114.335881  30.625504    24.303    23.647  6 57448.75986826 26.544
 283 114.336798  30.627397    22.544    22.904  7 57458.67551317 29.818
 284 114.337875  30.629324    22.747    22.736  6 57468.59115503 28.503
 285 114.339208  30.629406    23.842    23.919  7 57478.50679329 26.434
 286 114.339208  30.630286    24.396    24.403  6 57488.42242822 26.564
 287 114.340745  30.630859    26.287    26.210  7 57498.33806151 28.100
 288 114.341328  30.631997    22.098    22.530  7 57508.25370242 31.588
 289 114.339457  30.629301    23.501    23.912  6 57518.16935916 30.404
 290 114.337730  30.628601    24.934    24.428  7 57528.08501269 35.877
 291 114.336404  30.626440    23.206    23.332  7 57538.00066364 30.160
 292 114.334563  30.624955    24.498    24.315  6 57547.91631164 26.985
 293 114.333957  30.623371    24.400    24.596  6 57557.83195810 26.534
 294 114.334484  30.624622    24.939    24.449  6 57567.74760288 29.472
 295 114.335750  30.627047    26.616    26.654  6 57577.66324673 29.552
 296 114.337142  30.628417    26.308    25.467  6 57587.57888943 28.189
 297 114.337662  30.627848    25.129    25.109  6 57597.49453001 28.087
